1	1
2	1
3	1
4	4
5	8
6	8
7	10
8	13
9	14
10	14
11	14
12	14
13	14
14	14
15	14
16	15
17	15
18	16
19	16
20	16
21	16
22	16
23	17
24	18
25	18
26	19
27	19
28	19
29	19
30	23
31	23
32	23
33	25
34	25
35	25
36	25
37	25
38	28
39	28
40	28
41	28
42	30
43	30
44	30
45	32
46	32
47	32
48	35
49	40
50	43
51	44
52	44
53	44
54	45
55	48
56	50
57	50
58	51
59	54
60	54
61	56
62	59
63	60
64	60
65	60
66	60
67	60
68	60
69	60
70	61
71	62
72	62
73	64
74	66
75	66
76	72
77	73
78	73
79	73
80	73
81	73
82	74
83	75
84	75
85	78
86	82
87	84
88	84
89	86
90	86
91	88
92	89
93	90
94	90
95	93
96	94
97	95
98	98
99	102
100	104
101	104
102	104
103	106
104	106
105	107
106	107
107	110
108	110
109	112
110	113
111	117
112	118
113	119
114	119
115	120
116	120
117	122
118	123
119	123
120	123
121	123
122	124
123	124
124	125
125	125
126	125
127	126
128	128
129	128
130	128
131	129
132	130
133	130
134	132
135	134
136	134
137	135
138	136
139	137
140	138
141	138
142	139
143	139
144	141
145	141
146	141
147	141
148	141
149	145
150	145
151	145
152	146
153	146
154	150
155	153
156	155
157	155
158	155
159	157
160	158
161	161
162	163
163	168
164	168
165	168
166	168
167	169
168	169
169	176
170	177
171	179
172	180
173	181
174	182
175	184
176	184
177	184
178	186
179	187
180	191
181	195
182	195
183	201
184	202
185	202
186	202
187	202
188	208
189	211
190	212
191	213
192	215
193	217
194	218
195	222
196	223
197	223
198	224
199	224
200	225
201	226
202	227
203	229
204	230
205	230
206	230
207	231
208	233
209	235
210	236
211	239
212	240
213	241
214	243
215	243
216	245
217	246
218	247
219	251
220	252
221	255
222	255
223	255
224	257
225	258
226	260
227	261
228	261
229	263
230	266
231	266
232	274
233	279
234	282
235	288
236	293
237	299
238	307
239	312
240	315
241	322
242	325
243	329
244	335
245	343
246	347
247	351
248	353
249	356
250	362
251	368
252	371
253	374
254	382
255	384
256	388
257	392
258	401
259	405
260	408
261	415
262	418
263	420
264	425
265	433
266	440
267	444
268	449
269	454
270	460
271	463
272	464
273	468
274	470
275	472
276	476
277	479
278	482
279	487
280	489
281	490
282	491
283	495
284	497
285	497
286	501
287	507
288	511
289	514
290	520
291	521
292	523
293	528
294	531
295	542
296	548
297	556
298	561
299	567
300	572
301	578
302	579
303	582
304	584
305	587
306	589
307	590
308	593
309	593
310	595
311	597
312	603
313	608
314	613
315	616
316	618
317	621
318	625
319	628
320	631
321	636
322	640
323	644
324	649
325	657
326	659
327	663
328	666
329	668
330	673
331	679
332	682
333	684
334	688
335	693
336	697
337	697
338	700
339	703
340	704
341	708
342	715
343	719
344	721
345	726
346	732
347	738
348	744
349	746
350	752
351	761
352	764
353	767
354	773
355	775
356	776
357	784
358	796
359	799
360	799
361	802
362	807
363	808
364	811
365	814
366	818
367	826
368	830
369	834
370	841
371	844
372	851
373	860
374	863
375	868
376	874
377	881
378	889
379	894
380	902
381	908
382	915
383	924
384	929
385	930
386	931
387	935
388	938
389	939
390	947
391	949
392	955
393	972
394	983
395	996
396	998
397	1002
398	1008
399	1016
400	1025
401	1032
402	1033
403	1037
404	1040
405	1040
406	1045
407	1046
408	1050
409	1051
410	1055
411	1059
412	1066
413	1071
414	1079
415	1083
416	1085
417	1096
418	1104
419	1106
420	1109
421	1117
422	1120
423	1125
424	1133
425	1138
426	1141
427	1145
428	1151
429	1155
430	1158
431	1165
432	1171
433	1177
434	1184
435	1192
436	1199
437	1206
438	1213
439	1220
440	1228
441	1235
442	1239
443	1249
444	1252
445	1255
446	1266
447	1268
448	1272
449	1275
450	1279
451	1283
452	1286
453	1293
454	1298
455	1307
456	1310
457	1318
458	1324
459	1328
460	1330
461	1337
462	1345
463	1348
464	1356
465	1363
466	1366
467	1366
468	1369
469	1374
470	1378
471	1379
472	1382
473	1384
474	1389
475	1394
476	1401
477	1407
478	1413
479	1416
480	1425
481	1431
482	1441
483	1443
484	1447
485	1454
486	1459
487	1462
488	1467
489	1471
490	1473
491	1477
492	1486
493	1490
494	1493
495	1497
496	1500
497	1503
498	1506
499	1517
500	1520
501	1522
502	1524
503	1528
504	1528
505	1531
506	1537
507	1545
508	1548
509	1549
510	1552
511	1555
512	1560
513	1562
514	1564
515	1567
516	1569
517	1572
518	1577
519	1586
520	1589
521	1597
522	1603
523	1608
524	1613
525	1616
526	1620
527	1627
528	1636
529	1638
530	1640
531	1647
532	1650
533	1655
534	1660
535	1665
536	1667
537	1673
538	1681
539	1688
540	1695
541	1698
542	1705
543	1706
544	1716
545	1721
546	1726
547	1731
548	1738
549	1741
550	1745
551	1749
552	1752
553	1761
554	1766
555	1773
556	1778
557	1786
558	1790
559	1799
560	1804
561	1804
562	1818
563	1824
564	1829
565	1836
566	1842
567	1848
568	1854
569	1856
570	1864
571	1873
572	1876
573	1879
574	1883
575	1888
576	1896
577	1906
578	1910
579	1913
580	1918
581	1930
582	1936
583	1939
584	1943
585	1949
586	1954
587	1960
588	1969
589	1976
590	1983
591	1988
592	1993
593	2001
594	2008
595	2010
596	2018
597	2028
598	2033
599	2035
600	2044
601	2046
602	2053
603	2064
604	2080
605	2084
606	2086
607	2092
608	2095
609	2106
610	2112
611	2119
612	2121
613	2123
614	2130
615	2137
616	2141
617	2148
618	2154
619	2159
620	2163
621	2172
622	2179
623	2187
624	2192
625	2198
626	2203
627	2208
628	2216
629	2224
630	2231
631	2236
632	2245
633	2251
634	2257
635	2262
636	2273
637	2285
638	2299
639	2306
640	2311
641	2315
642	2321
643	2332
644	2334
645	2345
646	2360
647	2366
648	2375
649	2384
650	2393
651	2406
652	2412
653	2422
654	2433
655	2442
656	2453
657	2465
658	2470
659	2478
660	2485
661	2490
662	2494
663	2501
664	2509
665	2524
666	2530
667	2534
668	2535
669	2540
670	2548
671	2552
672	2560
673	2565
674	2567
675	2571
676	2582
677	2595
678	2603
679	2614
680	2623
681	2631
682	2640
683	2648
684	2656
685	2670
686	2683
687	2694
688	2704
689	2710
690	2716
691	2723
692	2737
693	2743
694	2752
695	2762
696	2767
697	2773
698	2784
699	2792
700	2805
701	2814
702	2819
703	2826
704	2833
705	2846
706	2853
707	2858
708	2862
709	2870
710	2877
711	2885
712	2891
713	2899
714	2913
715	2924
716	2934
717	2941
718	2947
719	2957
720	2960
721	2962
722	2968
723	2976
724	2981
725	2992
726	3002
727	3010
728	3023
729	3033
730	3043
731	3058
732	3072
733	3078
734	3088
735	3094
736	3103
737	3117
738	3124
739	3135
740	3143
741	3151
742	3164
743	3171
744	3180
745	3188
746	3200
747	3207
748	3221
749	3239
750	3251
751	3263
752	3274
753	3280
754	3286
755	3300
756	3315
757	3327
758	3345
759	3359
760	3368
761	3379
762	3387
763	3393
764	3406
765	3415
766	3420
767	3432
768	3438
769	3450
770	3463
771	3479
772	3486
773	3500
774	3507
775	3518
776	3532
777	3540
778	3556
779	3573
780	3589
781	3598
782	3604
783	3613
784	3622
785	3634
786	3649
787	3660
788	3672
789	3681
790	3693
791	3703
792	3713
793	3731
794	3753
795	3763
796	3771
797	3784
798	3796
799	3803
800	3820
801	3831
802	3838
803	3851
804	3872
805	3889
806	3907
807	3927
808	3942
809	3953
810	3964
811	3975
812	3991
813	4005
814	4012
815	4025
816	4038
817	4047
818	4057
819	4072
820	4086
821	4093
822	4104
823	4118
824	4133
825	4143
826	4154
827	4170
828	4185
829	4198
830	4212
831	4227
832	4233
833	4247
834	4261
835	4269
836	4287
837	4294
838	4306
839	4326
840	4344
841	4357
842	4366
843	4382
844	4385
845	4391
846	4404
847	4419
848	4428
849	4439
850	4451
851	4465
852	4478
853	4489
854	4510
855	4525
856	4544
857	4557
858	4569
859	4580
860	4600
861	4618
862	4626
863	4639
864	4649
865	4661
866	4670
867	4684
868	4702
869	4723
870	4731
871	4739
872	4741
873	4749
874	4763
875	4776
876	4790
877	4798
878	4810
879	4821
880	4833
881	4848
882	4859
883	4919
884	4936
885	4952
886	4964
887	4975
888	4988
889	5003
890	5020
891	5035
892	5046
893	5060
894	5065
895	5076
896	5091
897	5106
898	5119
899	5130
900	5139
901	5148
902	5163
903	5181
904	5201
905	5211
906	5223
907	5231
908	5239
909	5250
910	5259
911	5267
912	5281
913	5296
914	5310
915	5320
916	5334
917	5350
918	5364
919	5380
920	5389
921	5403
922	5415
923	5429
924	5446
925	5465
926	5484
927	5499
928	5513
929	5530
930	5555
931	5573
932	5586
933	5609
934	5622
935	5634
936	5655
937	5669
938	5681
939	5692
940	5705
941	5725
942	5737
943	5750
944	5769
945	5788
946	5810
947	5826
948	5848
949	5855
950	5866
951	5886
952	5907
953	5924
954	5945
955	5963
956	5977
957	5987
958	6002
959	6028
960	6045
961	6060
962	6077
963	6086
964	6102
965	6119
966	6140
967	6157
968	6172
969	6198
970	6213
971	6226
972	6241
973	6261
974	6273
975	6293
976	6316
977	6335
978	6347
979	6368
980	6384
981	6398
982	6420
983	6441
984	6462
985	6478
986	6491
987	6509
988	6529
989	6548
990	6566
991	6581
992	6594
993	6614
994	6636
995	6656
996	6678
997	6700
998	6721
999	6734
1000	6758
1001	6778
1002	6795
1003	6814
1004	6832
1005	6853
1006	6872
1007	6890
1008	6912
1009	6930
1010	6949
1011	6975
1012	6991
1013	7012
1014	7032
1015	7062
1016	7087
1017	7102
1018	7111
1019	7122
1020	7136
1021	7156
1022	7184
1023	7199
1024	7212
1025	7231
1026	7252
1027	7268
1028	7291
1029	7313
1030	7335
1031	7357
1032	7365
1033	7375
1034	7383
1035	7401
1036	7420
1037	7439
1038	7472
1039	7497
1040	7511
1041	7533
1042	7563
1043	7584
1044	7602
1045	7622
1046	7642
1047	7659
1048	7679
1049	7712
1050	7738
1051	7780
1052	7809
1053	7836
1054	7857
1055	7876
1056	7902
1057	7927
1058	7962
1059	7991
1060	8022
1061	8040
1062	8060
1063	8098
1064	8131
1065	8160
1066	8186
1067	8219
1068	8239
1069	8272
1070	8294
1071	8317
1072	8346
1073	8372
1074	8388
1075	8414
1076	8444
1077	8471
1078	8492
1079	8527
1080	8555
1081	8574
1082	8602
1083	8639
1084	8672
1085	8697
1086	8736
1087	8775
1088	8792
1089	8809
1090	8837
1091	8871
1092	8904
1093	8947
1094	8976
1095	9001
1096	9029
1097	9058
1098	9091
1099	9117
1100	9151
1101	9189
1102	9211
1103	9242
1104	9277
1105	9317
1106	9343
1107	9379
1108	9415
1109	9440
1110	9462
1111	9484
1112	9519
1113	9543
1114	9586
1115	9621
1116	9643
1117	9671
1118	9709
1119	9756
1120	9781
1121	9814
1122	9845
1123	9879
1124	9912
1125	9943
1126	9985
1127	10017
1128	10041
1129	10065
1130	10093
1131	10119
1132	10154
1133	10190
1134	10230
1135	10276
1136	10321
1137	10365
1138	10397
1139	10435
1140	10480
1141	10523
1142	10577
1143	10622
1144	10664
1145	10692
1146	10721
1147	10761
1148	10798
1149	10842
1150	10875
1151	10898
1152	10925
1153	10955
1154	10985
1155	11016
1156	11049
1157	11089
1158	11126
1159	11150
1160	11180
1161	11213
1162	11254
1163	11299
1164	11344
1165	11375
1166	11405
1167	11452
1168	11490
1169	11530
1170	11574
1171	11613
1172	11655
1173	11691
1174	11727
1175	11768
1176	11809
1177	11874
1178	11902
1179	11948
1180	11978
1181	12005
1182	12046
1183	12084
1184	12116
1185	12158
1186	12189
1187	12224
1188	12248
1189	12294
1190	12331
1191	12361
1192	12393
1193	12434
1194	12469
1195	12501
1196	12548
1197	12596
1198	12634
1199	12664
1200	12705
1201	12726
1202	12758
1203	12790
1204	12845
1205	12895
1206	12935
1207	12986
1208	13028
1209	13059
1210	13106
1211	13154
1212	13207
1213	13262
1214	13313
1215	13344
1216	13381
1217	13443
1218	13504
1219	13546
1220	13577
1221	13634
1222	13661
1223	13699
1224	13733
1225	13782
1226	13820
1227	13879
1228	13931
1229	13947
1230	13982
1231	14029
1232	14069
1233	14120
1234	14166
1235	14210
1236	14245
1237	14284
1238	14323
1239	14378
1240	14423
1241	14471
1242	14508
1243	14534
1244	14571
1245	14612
1246	14656
1247	14709
1248	14749
1249	14808
1250	14853
1251	14890
1252	14962
1253	15022
1254	15069
1255	15121
1256	15157
1257	15197
1258	15242
1259	15304
1260	15353
1261	15412
1262	15455
1263	15497
1264	15532
1265	15558
1266	15610
1267	15647
1268	15702
1269	15750
1270	15809
1271	15838
1272	15882
1273	15970
1274	16023
1275	16082
1276	16126
1277	16176
1278	16210
1279	16255
1280	16300
1281	16362
1282	16404
1283	16454
1284	16504
1285	16543
1286	16589
1287	16629
1288	16704
1289	16776
1290	16823
1291	16871
1292	16912
1293	16962
1294	17014
1295	17060
1296	17119
1297	17179
1298	17225
1299	17275
1300	17310
1301	17393
1302	17457
1303	17513
1304	17573
1305	17622
1306	17681
1307	17729
1308	17806
1309	17866
1310	17927
1311	17983
1312	18039
1313	18080
1314	18132
1315	18185
1316	18231
1317	18294
1318	18336
1319	18388
1320	18429
1321	18458
1322	18519
1323	18580
1324	18634
1325	18705
1326	18748
1327	18805
1328	18843
1329	18903
1330	18976
1331	19050
1332	19120
1333	19173
1334	19217
1335	19261
1336	19316
1337	19364
1338	19426
1339	19500
1340	19573
1341	19620
1342	19657
1343	19708
1344	19761
1345	19818
1346	19877
1347	19951
1348	19991
1349	20041
1350	20107
1351	20177
1352	20260
1353	20331
1354	20398
1355	20454
1356	20514
1357	20588
1358	20662
1359	20735
1360	20804
1361	20862
1362	20924
1363	20985
1364	21057
1365	21149
1366	21350
1367	21453
1368	21538
1369	21617
1370	21669
1371	21753
1372	21837
1373	21930
1374	22004
1375	22087
1376	22154
1377	22218
1378	22301
1379	22369
1380	22455
1381	22513
1382	22586
1383	22651
1384	22703
1385	22783
1386	22845
1387	22920
1388	22992
1389	23092
1390	23154
1391	23212
1392	23282
1393	23360
1394	23445
1395	23508
1396	23569
1397	23612
1398	23680
1399	23733
1400	23805
1401	23864
1402	23917
1403	23971
1404	24008
1405	24070
1406	24145
1407	24237
1408	24340
1409	24413
1410	24522
1411	24604
1412	24688
1413	24779
1414	24881
1415	24975
1416	25073
1417	25145
1418	25252
1419	25317
1420	25405
1421	25501
1422	25608
1423	25715
1424	25821
1425	25878
1426	25944
1427	26030
1428	26125
1429	26206
1430	26316
1431	26415
1432	26489
1433	26573
1434	26694
1435	26809
1436	26925
1437	27063
1438	27181
1439	27268
1440	27342
1441	27451
1442	27565
1443	27669
1444	27784
1445	27877
1446	27952
1447	28058
1448	28181
1449	28323
1450	28446
1451	28582
1452	28701
1453	28794
1454	28883
1455	29017
1456	29152
1457	29287
1458	29457
1459	29591
1460	29697
1461	29783
1462	29949
1463	30121
1464	30235
1465	30344
1466	30457
1467	30549
1468	30632
1469	30772
1470	30900
1471	31047
1472	31178
1473	31288
1474	31366
1475	31440
1476	31548
1477	31660
1478	31773
1479	31897
1480	32017
1481	32114
1482	32262
1483	32421
1484	32566
1485	32708
1486	32830
1487	32963
1488	33078
1489	33199
1490	33335
1491	33472
1492	33649
1493	33792
1494	33960
1495	34062
1496	34194
1497	34329
1498	34488
1499	34647
1500	34816
1501	34948
1502	35065
1503	35166
1504	35309
1505	35515
1506	35679
1507	35812
1508	35962
1509	36072
1510	36215
1511	36381
1512	36536
1513	36692
1514	36825
1515	36977
1516	37084
1517	37185
1518	37327
1519	37473
1520	37630
1521	37797
1522	37950
1523	38046
1524	38155
1525	38292
1526	38451
1527	38606
1528	38761
1529	38911
1530	39035
1531	39168
1532	39344
1533	39493
1534	39652
1535	39837
1536	39983
1537	40161
1538	40293
1539	40456
1540	40623
1541	40768
1542	40927
1543	41097
1544	41247
1545	41370
1546	41545
1547	41728
1548	41887
1549	42078
1550	42225
1551	42321
1552	42420
1553	42552
1554	42735
1555	42874
1556	43042
1557	43202
1558	43356
1559	43600
1560	43828
1561	44044
1562	44233
1563	44411
1564	44593
1565	44777
1566	44925
1567	45105
1568	45285
1569	45471
1570	45634
1571	45814
1572	45949
1573	46082
1574	46273
1575	46451
1576	46632
1577	46799
1578	46960
1579	47086
1580	47208
1581	47409
1582	47615
1583	47793
1584	47990
1585	48141
1586	48303
1587	48449
1588	48617
1589	48809
1590	48982
1591	49148
1592	49359
1593	49488
1594	49618
1595	49756
1596	49969
1597	50166
1598	50385
1599	50602
1600	50771
1601	50928
1602	51144
1603	51361
1604	51542
1605	51737
1606	51897
1607	52059
1608	52197
1609	52402
1610	52614
1611	52782
1612	52984
1613	53174
1614	53308
1615	53461
1616	53652
1617	53856
1618	54052
1619	54296
1620	54486
1621	54655
1622	54839
1623	55150
1624	55413
1625	55720
1626	56043
1627	56255
1628	56455
1629	56652
1630	56904
1631	57163
1632	57440
1633	57697
1634	57945
1635	58124
1636	58313
1637	58607
1638	58900
1639	59195
1640	59548
1641	59780
1642	59978
1643	60192
1644	60474
1645	60797
1646	61018
1647	61322
1648	61581
1649	61784
1650	62019
1651	62316
1652	62641
1653	62987
1654	63326
1655	63626
1656	63852
1657	64103
1658	64423
1659	64703
1660	65021
1661	65368
1662	65717
1663	65932
1664	66145
1665	66401
1666	66788
1667	67089
1668	67363
1669	67683
1670	67938
1671	68211
1672	68551
1673	68903
1674	69241
1675	69544
1676	69842
1677	70097
1678	70306
1679	70587
1680	70854
1681	71032
1682	71196
1683	71349
1684	71498
1685	71644
1686	71817
1687	72037
1688	72247
1689	72460
1690	72632
1691	72753
1692	72924
1693	73089
1694	73283
1695	73471
1696	73663
1697	73831
1698	73956
1699	74078
1700	74300
1701	74475
1702	74644
1703	74837
1704	75011
1705	75165
1706	75312
1707	75505
1708	75709
1709	75911
1710	76114
1711	76310
1712	76474
1713	76647
1714	76867
1715	77116
1716	77357
1717	77795
1718	78099
1719	78299
1720	78548
1721	78893
1722	79239
1723	79582
1724	79908
1725	80229
1726	80491
1727	80718
1728	80994
1729	81264
1730	81443
1731	81617
1732	81753
1733	81872
1734	81986
1735	82179
1736	82434
1737	82662
1738	82946
1739	83180
1740	83396
1741	83618
1742	83888
1743	84197
1744	84470
1745	84773
1746	85033
1747	85255
1748	85484
1749	85820
1750	86087
1751	86378
1752	86648
1753	86971
1754	87162
1755	87392
1756	87671
1757	87905
1758	88085
1759	88259
1760	88457
1761	88565
1762	88653
1763	88774
1764	88897
1765	89090
1766	89368
1767	89632
1768	89853
1769	90085
1770	90201
1771	90304
1772	90497
1773	90768
1774	90917
1775	91055
1776	91203
1777	91463
1778	91780
1779	92151
1780	92502
1781	92788
1782	92958
1783	93200
1784	93395
1785	93594
1786	93825
1787	94096
1788	94383
1789	94583
1790	94790
1791	95073
1792	95339
1793	95693
1794	96086
1795	96400
1796	96635
1797	96911
1798	97234
1799	97611
1800	97945
1801	98283
1802	98568
1803	98854
1804	99118
1805	99449
1806	99832
1807	100194
1808	100572
1809	100872
1810	101104
1811	101383
1812	101707
1813	102046
1814	102397
1815	102757
1816	103098
1817	103398
1818	103753
1819	104171
1820	104645
1821	105056
1822	105487
1823	105952
1824	106243
1825	106597
1826	106975
1827	107473
1828	107958
1829	108411
1830	108824
1831	109187
1832	109531
1833	109992
1834	110331
1835	110671
1836	110998
1837	111492
1838	111850
1839	112234
1840	112688
1841	113160
1842	113618
1843	113994
1844	114403
1845	114779
1846	115189
1847	115646
1848	116177
1849	116603
1850	117058
1851	117491
1852	117813
1853	117968
1854	118189
1855	118569
1856	119059
1857	119403
1858	119786
1859	120065
1860	120340
1861	120677
1862	121052
1863	121416
1864	121810
1865	122200
1866	122514
1867	122870
1868	123273
1869	123684
1870	124078
1871	124482
1872	124902
1873	125198
1874	125494
1875	125909
1876	126319
1877	126774
1878	127171
1879	127628
1880	127967
1881	128301
1882	128731
1883	129210
1884	129479
1885	129715
1886	129963
1887	130239
1888	130655
1889	131144
1890	131627
1891	132120
1892	132616
1893	133124
1894	133531
1895	134029
1896	134600
1897	135103
1898	135602
1899	136082
1900	136551
1901	136863
1902	137285
1903	137783
1904	138303
1905	138824
1906	139297
1907	139730
1908	140086
1909	140457
1910	140944
1911	141288
1912	141631
1913	141955
1914	142284
1915	142631
1916	142977
1917	143435
1918	143857
1919	144340
1920	144786
1921	145076
1922	145264
1923	145438
1924	145746
1925	146249
1926	146756
1927	147200
1928	147728
1929	148096
1930	148508
1931	148951
1932	149378
1933	149850
1934	150377
1935	150846
1936	151170
1937	151519
1938	152020
1939	152535
1940	153051
1941	153576
1942	153995
1943	154324
1944	154719
1945	155171
1946	155673
1947	156227
1948	156796
1949	157350
1950	157693
1951	158034
1952	158519
1953	159057
1954	159569
1955	160104
1956	160552
1957	160915
1958	161300
1959	161874
1960	162451
1961	163055
1962	163583
1963	163999
1964	164359
1965	164735
1966	165276
1967	165851
1968	166466
1969	166906
1970	167215
1971	167486
1972	167822
1973	168367
1974	168966
1975	169536
1976	170079
1977	170599
1978	170969
1979	171380
1980	171968
1981	172568
1982	173172
1983	173814
1984	174353
1985	174779
1986	175201
1987	175808
1988	176334
1989	176874
1990	177454
1991	177953
1992	178382
1993	178835
1994	179337
1995	179758
1996	180319
1997	180829
1998	181396
1999	181851
2000	182205
2001	182799
2002	183388
2003	184059
2004	184637
2005	185190
2006	185650
2007	186095
2008	186638
2009	187325
2010	187932
2011	188485
2012	188945
2013	189313
2014	189736
2015	190219
2016	190743
2017	191297
2018	191851
2019	192401
2020	192833
2021	193258
2022	193806
2023	194396
2024	195044
2025	195668
2026	196216
2027	196488
2028	196722
2029	197034
2030	197391
2031	197922
2032	198430
2033	199051
2034	199506
2035	199987
2036	200612
2037	201270
2038	201891
2039	202521
2040	203027
2041	203564
2042	204078
2043	204670
2044	205336
2045	205951
2046	206523
2047	207045
2048	207460
2049	207915
2050	208524
2051	209189
2052	209822
2053	210420
2054	211003
2055	211515
2056	211993
2057	212603
2058	213311
2059	214076
2060	214840
2061	215429
2062	215924
2063	216475
2064	217111
2065	217749
2066	218373
2067	219094
2068	219695
2069	220112
2070	220651
2071	221335
2072	221991
2073	222646
2074	223327
2075	223926
2076	224449
2077	225003
2078	225833
2079	226552
2080	227220
2081	227861
2082	228465
2083	228967
2084	229498
2085	230147
2086	230862
2087	231600
2088	232251
2089	232972
2090	233559
2091	234161
2092	234871
2093	235625
2094	236346
2095	237039
2096	237688
2097	238189
2098	238665
2099	239329
2100	240087
2101	240794
2102	241371
2103	241918
2104	242378
2105	242839
2106	243504
2107	244195
2108	244891
2109	245595
2110	246212
2111	246677
2112	247191
2113	247934
2114	248654
2115	249307
2116	249951
2117	250628
2118	251118
2119	251672
2120	252353
2121	253043
2122	253640
2123	254347
2124	254917
2125	255364
2126	255826
2127	256393
2128	256901
2129	257316
2130	257809
2131	258302
2132	258761
2133	259218
2134	259846
2135	260412
2136	260856
2137	261476
2138	262052
2139	262608
2140	263121
2141	263770
2142	264388
2143	265112
2144	265763
2145	266408
2146	266915
2147	267472
2148	268155
2149	268936
2150	269764
2151	270508
2152	271220
2153	271774
2154	272315
2155	273035
2156	273775
2157	274460
2158	275199
2159	275968
2160	276517
2161	277070
2162	277630
2163	278020
2164	278571
2165	279248
2166	279809
2167	280304
2168	280866
2169	281538
2170	282192
2171	282896
2172	283698
2173	284393
2174	285005
2175	285556
2176	286316
2177	287042
2178	287656
2179	288393
2180	289049
2181	289617
2182	290132
2183	290899
2184	291705
2185	292452
2186	293237
2187	293993
2188	294611
2189	295235
2190	296030
2191	296868
2192	297737
2193	298609
2194	299373
2195	299987
2196	300620
2197	301391
2198	302274
2199	303119
2200	303942
2201	304729
2202	305307
2203	305938
2204	306763
2205	307562
2206	308445
2207	309342
2208	310064
2209	310719
2210	311348
2211	312130
2212	312979
2213	313841
2214	314782
2215	315695
2216	316469
2217	317228
2218	318113
2219	318939
2220	319744
2221	320551
2222	321463
2223	322107
2224	322782
2225	323435
2226	324283
2227	325140
2228	325997
2229	326775
2230	327392
2231	327972
2232	328841
2233	329717
2234	330595
2235	331393
2236	332143
2237	332729
2238	333417
2239	334130
2240	334704
2241	335533
2242	336277
2243	337015
2244	337461
2245	338022
2246	338825
2247	339683
2248	340488
2249	341303
2250	342137
2251	342753
2252	343399
2253	344181
2254	344967
2255	345692
2256	346385
2257	346936
2258	347293
2259	347830
2260	348535
2261	349222
2262	349975
2263	350667
2264	351361
2265	351926
2266	352503
2267	353327
2268	354152
2269	355035
2270	355468
2271	355806
2272	356087
2273	356573
2274	357267
2275	358030
2276	358540
2277	359024
2278	359510
2279	359887
2280	360536
2281	361236
2282	361729
2283	362184
2284	362631
2285	363142
2286	363473
2287	363815
2288	364256
2289	364716
2290	365206
2291	365683
2292	366137
2293	366513
2294	366872
2295	367325
2296	367772
2297	368229
2298	368694
2299	369080
2300	369417
2301	369717
2302	370137
2303	370610
2304	371051
2305	371485
2306	371895
2307	372240
2308	372616
2309	373077
2310	373583
2311	374038
2312	374515
2313	374940
2314	375213
2315	375534
2316	375971
2317	376325
2318	376723
2319	377096
2320	377412
2321	377650
2322	377906
2323	378300
2324	378721
2325	379144
2326	379560
2327	379929
2328	380204
2329	380502
2330	380934
2331	381313
2332	381705
2333	382085
2334	382439
2335	382738
2336	383066
2337	383466
2338	383890
2339	384306
2340	384742
2341	385136
2342	385470
2343	385763
2344	386162
2345	386521
2346	386987
2347	387400
2348	387745
2349	388036
2350	388330
2351	388740
2352	389192
2353	389631
2354	390052
2355	390475
2356	390803
2357	391122
2358	391543
2359	391939
2360	392365
2361	392730
2362	393073
2363	393390
2364	393698
2365	394078
2366	394489
2367	394922
2368	395313
2369	395692
2370	396007
2371	396317
2372	396661
2373	397111
2374	397575
2375	398063
2376	398466
2377	398761
2378	399026
2379	399276
2380	399603
2381	399968
2382	400317
2383	400633
2384	400881
2385	401116
2386	401429
2387	401801
2388	402165
2389	402568
2390	402941
2391	403294
2392	403589
2393	404039
2394	404560
2395	405079
2396	405575
2397	406068
2398	406451
2399	406862
2400	407422
2401	408011
2402	408625
2403	409189
2404	409648
2405	410002
2406	410391
2407	410859
2408	411327
2409	411777
2410	412319
2411	412795
2412	413148
2413	413529
2414	414039
2415	414520
2416	415057
2417	415589
2418	416055
2419	416460
2420	416872
2421	417339
2422	417849
2423	418341
2424	418828
2425	419264
2426	419654
2427	420062
2428	420609
2429	421180
2430	421704
2431	422302
2432	422830
2433	423229
2434	423674
2435	424199
2436	424791
2437	425327
2438	425870
2439	426364
2440	426776
2441	427191
2442	427757
2443	428314
2444	428855
2445	429275
2446	429675
2447	429941
2448	430282
2449	430844
2450	431493
2451	432200
2452	432976
2453	433681
2454	434169
2455	434740
2456	435466
2457	436215
2458	436953
2459	437706
2460	438265
2461	438746
2462	439252
2463	439878
2464	440552
2465	441160
2466	441738
2467	442268
2468	442668
2469	443181
2470	443819
2471	444501
2472	445142
2473	445810
2474	446331
2475	446831
2476	447311
2477	447974
2478	448673
2479	449365
2480	450097
2481	450832
2482	451378
2483	451932
2484	452680
2485	453378
2486	454393
2487	455407
2488	456409
2489	457238
2490	458237
2491	459257
2492	460216
2493	460806
2494	461340
2495	461887
2496	462362
2497	462840
2498	463453
2499	464122
2500	464712
2501	465068
2502	465575
2503	466021
2504	466722
2505	467575
2506	468401
2507	469144
2508	470007
2509	470781
2510	471331
2511	472131
2512	473264
2513	474587
2514	475892
2515	477215
2516	478465
2517	479244
2518	479891
2519	480783
2520	481701
2521	482585
2522	483496
2523	484441
2524	485060
2525	485769
2526	486656
2527	487641
2528	488595
2529	489530
2530	490472
2531	491125
2532	491776
2533	492657
2534	493551
2535	494464
2536	495438
2537	496353
2538	497014
2539	497682
2540	498632
2541	499448
2542	500349
2543	501407
2544	502271
2545	502793
2546	503369
2547	504117
2548	504791
2549	505371
2550	506242
2551	507169
2552	508063
2553	508682
2554	509398
2555	510380
2556	511321
2557	512344
2558	513348
2559	514038
2560	514676
2561	515534
2562	516742
2563	518147
2564	519181
2565	520020
2566	520729
2567	521358
2568	522305
2569	523575
2570	524957
2571	526420
2572	528184
2573	529494
2574	531041
2575	532822
2576	534604
2577	536034
2578	537182
2579	538274
2580	539076
2581	539948
2582	541226
2583	542468
2584	543638
2585	545216
2586	546480
2587	547227
2588	548009
2589	549082
2590	550250
2591	551865
2592	553407
2593	554503
2594	555163
2595	555826
2596	556747
2597	557849
2598	559007
2599	560031
2600	561020
2601	561832
2602	562564
2603	563660
2604	564843
2605	565907
2606	567046
2607	567999
2608	568680
2609	569459
2610	570597
2611	571665
2612	572656
2613	573724
2614	574613
2615	575301
2616	576056
2617	577017
2618	578387
2619	579517
2620	580529
2621	581414
2622	582157
2623	582850
2624	583900
2625	585028
2626	586145
2627	587150
2628	588364
2629	589317
2630	590379
2631	591694
2632	593094
2633	594421
2634	595530
2635	596401
2636	597090
2637	597760
2638	598728
2639	599787
2640	600908
2641	602008
2642	602976
2643	603660
2644	604382
2645	605240
2646	606177
2647	607196
2648	608361
2649	609643
2650	610355
2651	611070
2652	612084
2653	613098
2654	614204
2655	615218
2656	616101
2657	616782
2658	617393
2659	618489
2660	619832
2661	621084
2662	622123
2663	623053
2664	623655
2665	624393
2666	625446
2667	626612
2668	627873
2669	629157
2670	630459
2671	631283
2672	632272
2673	633538
2674	634825
2675	636157
2676	637492
2677	638460
2678	639156
2679	639768
2680	640715
2681	641764
2682	642809
2683	643899
2684	644435
2685	644670
2686	644965
2687	645468
2688	646124
2689	646760
2690	647355
2691	647941
2692	648352
2693	648800
2694	649445
2695	650096
2696	650718
2697	651336
2698	651895
2699	652339
2700	652863
2701	653571
2702	654336
2703	655088
2704	655802
2705	656444
2706	656953
2707	657493
2708	658168
2709	658853
2710	659585
2711	660273
2712	660738
2713	661248
2714	661804
2715	662451
2716	663125
2717	663799
2718	664495
2719	665101
2720	665574
2721	666087
2722	666771
2723	667431
2724	668194
2725	668980
2726	669658
2727	670242
2728	671064
2729	671891
2730	672739
2731	673500
2732	674214
2733	674981
2734	675495
2735	676084
2736	676852
2737	677621
2738	678406
2739	679253
2740	679964
2741	680549
2742	681188
2743	681759
2744	682578
2745	683410
2746	684217
2747	684955
2748	685558
2749	686245
2750	687068
2751	688077
2752	688929
2753	689822
2754	690624
2755	691219
2756	691849
2757	692707
2758	693747
2759	694711
2760	695660
2761	697155
2762	697833
2763	698556
2764	699590
2765	700570
2766	701502
2767	702514
2768	703346
2769	703995
2770	704722
2771	705636
2772	706569
2773	707542
2774	708412
2775	709543
2776	710650
2777	711801
2778	713203
2779	714404
2780	714927
2781	715440
2782	715788
2783	716025
2784	716331
2785	716813
2786	717525
2787	718369
2788	719280
2789	719952
2790	720173
2791	720435
2792	720795
2793	721404
2794	722318
2795	723431
2796	724060
2797	724345
2798	724545
2799	724967
2800	725328
2801	725885
2802	726266
2803	726603
2804	726820
2805	727034
2806	727354
2807	727852
2808	728368
2809	729145
2810	729802
2811	730028
2812	730255
2813	730890
2814	731859
2815	732421
2816	732767
2817	733029
2818	733244
2819	733457
2820	733777
2821	734421
2822	734990
2823	735467
2824	735731
2825	736161
2826	736575
2827	737232
2828	737739
2829	738234
2830	738889
2831	739416
2832	740116
2833	740878
2834	741820
2835	742726
2836	743626
2837	744157
2838	744977
2839	745675
2840	746409
2841	746891
2842	747345
2843	748273
2844	748656
2845	748898
2846	749118
2847	749311
2848	749614
2849	749943
2850	750277
2851	750574
2852	750795
2853	750970
2854	751162
2855	751402
2856	751626
2857	751811
2858	751977
2859	752116
2860	752264
2861	752413
2862	752659
2863	752876
2864	753085
2865	753249
2866	753380
2867	753540
2868	753721
2869	753981
2870	754256
2871	754661
2872	755179
2873	755450
2874	755643
2875	755838
2876	756124
2877	756405
2878	756692
2879	756938
2880	757127
