1	1
2	1
3	1
4	1
5	1
6	1
7	1
8	1
9	1
10	1
11	1
12	1
13	1
14	1
15	1
16	1
17	1
18	1
19	1
20	1
21	1
22	1
23	1
24	1
25	1
26	1
27	1
28	1
29	1
30	1
31	1
32	1
33	1
34	1
35	1
36	1
37	1
38	1
39	1
40	1
41	1
42	1
43	1
44	1
45	1
46	1
47	1
48	1
49	1
50	1
51	1
52	1
53	1
54	1
55	1
56	1
57	1
58	1
59	1
60	1
61	1
62	1
63	1
64	1
65	1
66	1
67	1
68	1
69	1
70	2
71	2
72	2
73	2
74	2
75	2
76	2
77	2
78	2
79	2
80	2
81	2
82	2
83	2
84	2
85	2
86	2
87	2
88	2
89	2
90	2
91	2
92	2
93	2
94	2
95	2
96	2
97	2
98	2
99	2
100	2
101	2
102	2
103	2
104	2
105	2
106	2
107	2
108	2
109	2
110	2
111	2
112	2
113	2
114	2
115	2
116	2
117	2
118	2
119	2
120	2
121	2
122	2
123	2
124	2
125	2
126	2
127	2
128	2
129	2
130	4
131	4
132	5
133	5
134	5
135	6
136	6
137	6
138	6
139	6
140	6
141	6
142	6
143	6
144	7
145	7
146	7
147	7
148	7
149	7
150	7
151	7
152	7
153	7
154	7
155	7
156	7
157	7
158	7
159	7
160	7
161	8
162	8
163	8
164	8
165	8
166	8
167	8
168	8
169	8
170	8
171	8
172	9
173	9
174	9
175	9
176	9
177	9
178	9
179	9
180	9
181	9
182	9
183	9
184	9
185	9
186	9
187	9
188	9
189	9
190	9
191	9
192	9
193	9
194	9
195	9
196	9
197	9
198	9
199	9
200	9
201	9
202	9
203	10
204	10
205	10
206	10
207	10
208	10
209	10
210	10
211	10
212	10
213	10
214	10
215	10
216	10
217	10
218	10
219	10
220	10
221	10
222	10
223	10
224	10
225	10
226	10
227	10
228	10
229	10
230	10
231	10
232	10
233	10
234	10
235	10
236	10
237	10
238	10
239	10
240	10
241	10
242	10
243	10
244	10
245	10
246	10
247	10
248	10
249	10
250	10
251	10
252	10
253	10
254	10
255	10
256	10
257	10
258	10
259	10
260	10
261	10
262	10
263	10
264	10
265	10
266	10
267	10
268	10
269	10
270	10
271	10
272	10
273	10
274	10
275	10
276	10
277	10
278	10
279	10
280	10
281	10
282	10
283	10
284	10
285	10
286	10
287	10
288	10
289	10
290	10
291	10
292	10
293	10
294	10
295	10
296	10
297	10
298	10
299	10
300	10
301	10
302	10
303	10
304	10
305	10
306	10
307	10
308	10
309	10
310	10
311	10
312	10
313	10
314	10
315	10
316	10
317	10
318	10
319	10
320	10
321	10
322	10
323	10
324	10
325	10
326	10
327	10
328	10
329	10
330	10
331	10
332	10
333	10
334	10
335	10
336	10
337	10
338	10
339	10
340	10
341	10
342	10
343	10
344	10
345	10
346	10
347	10
348	10
349	10
350	10
351	10
352	10
353	10
354	10
355	10
356	10
357	10
358	10
359	10
360	10
361	10
362	10
363	10
364	10
365	10
366	10
367	10
368	10
369	10
370	10
371	10
372	10
373	10
374	10
375	10
376	10
377	10
378	10
379	10
380	10
381	10
382	10
383	10
384	10
385	10
386	10
387	10
388	11
389	11
390	11
391	11
392	11
393	12
394	12
395	12
396	12
397	12
398	12
399	12
400	12
401	12
402	12
403	12
404	12
405	12
406	12
407	12
408	12
409	12
410	12
411	12
412	12
413	12
414	12
415	12
416	12
417	12
418	12
419	12
420	12
421	12
422	12
423	12
424	12
425	12
426	12
427	12
428	12
429	12
430	12
431	12
432	13
433	13
434	13
435	13
436	13
437	13
438	13
439	13
440	13
441	13
442	13
443	13
444	13
445	13
446	13
447	13
448	13
449	13
450	13
451	13
452	13
453	13
454	13
455	13
456	13
457	13
458	13
459	13
460	13
461	13
462	13
463	13
464	13
465	13
466	13
467	13
468	13
469	13
470	13
471	13
472	13
473	13
474	13
475	13
476	13
477	13
478	13
479	13
480	13
481	13
482	13
483	13
484	13
485	13
486	13
487	14
488	14
489	14
490	14
491	14
492	14
493	14
494	14
495	14
496	15
497	15
498	15
499	15
500	15
501	15
502	15
503	15
504	15
505	15
506	15
507	15
508	15
509	15
510	15
511	15
512	15
513	15
514	15
515	15
516	15
517	15
518	15
519	15
520	15
521	15
522	15
523	15
524	15
525	15
526	15
527	15
528	15
529	15
530	15
531	15
532	15
533	15
534	15
535	15
536	15
537	15
538	15
539	15
540	15
541	16
542	16
543	17
544	17
545	17
546	17
547	17
548	17
549	17
550	17
551	17
552	17
553	17
554	17
555	17
556	17
557	17
558	17
559	17
560	17
561	17
562	17
563	19
564	19
565	19
566	19
567	19
568	19
569	19
570	19
571	19
572	19
573	19
574	19
575	19
576	19
577	19
578	19
579	19
580	19
581	19
582	19
583	19
584	20
585	20
586	20
587	20
588	20
589	20
590	20
591	20
592	21
593	21
594	21
595	21
596	21
597	21
598	21
599	21
600	21
601	21
602	21
603	21
604	21
605	21
606	21
607	21
608	21
609	21
610	21
611	21
612	21
613	21
614	21
615	21
616	21
617	22
618	22
619	22
620	22
621	22
622	22
623	22
624	22
625	22
626	22
627	22
628	22
629	22
630	22
631	22
632	22
633	22
634	22
635	22
636	22
637	22
638	22
639	23
640	23
641	24
642	24
643	24
644	24
645	24
646	24
647	24
648	25
649	25
650	25
651	25
652	25
653	25
654	25
655	25
656	25
657	25
658	25
659	25
660	26
661	26
662	26
663	26
664	26
665	26
666	26
667	26
668	26
669	26
670	26
671	26
672	26
673	26
674	26
675	26
676	26
677	26
678	26
679	26
680	26
681	26
682	26
683	26
684	26
685	26
686	26
687	26
688	26
689	26
690	26
691	26
692	26
693	26
694	26
695	26
696	26
697	27
698	27
699	27
700	27
701	27
702	27
703	27
704	27
705	28
706	28
707	28
708	28
709	28
710	28
711	28
712	28
713	28
714	28
715	28
716	28
717	28
718	28
719	28
720	28
721	29
722	29
723	29
724	30
725	30
726	30
727	31
728	31
729	31
730	31
731	31
732	31
733	31
734	31
735	31
736	32
737	32
738	32
739	32
740	32
741	32
742	32
743	32
744	32
745	32
746	33
747	34
748	34
749	34
750	34
751	34
752	34
753	34
754	34
755	34
756	34
757	35
758	35
759	35
760	35
761	35
762	35
763	35
764	35
765	35
766	35
767	35
768	35
769	35
770	35
771	35
772	35
773	35
774	35
775	35
776	35
777	35
778	35
779	35
780	35
781	35
782	35
783	35
784	35
785	35
786	35
787	35
788	35
789	35
790	35
791	35
792	35
793	35
794	35
795	35
796	35
797	36
798	36
799	36
800	36
801	36
802	36
803	36
804	36
805	36
806	36
807	36
808	36
809	36
810	36
811	36
812	36
813	37
814	37
815	37
816	37
817	37
818	37
819	37
820	37
821	37
822	37
823	37
824	37
825	38
826	38
827	38
828	39
829	39
830	40
831	40
832	40
833	40
834	40
835	40
836	40
837	40
838	40
839	40
840	40
841	40
842	40
843	40
844	40
845	40
846	40
847	41
848	41
849	41
850	41
851	41
852	41
853	41
854	41
855	41
856	41
857	42
858	43
859	44
860	44
861	44
862	44
863	44
864	44
865	45
866	46
867	47
868	47
869	47
870	47
871	47
872	47
873	47
874	48
875	48
876	48
877	49
878	49
879	49
880	49
881	49
882	50
883	50
884	50
885	50
886	51
887	51
888	51
889	51
890	51
891	51
892	51
893	51
894	51
895	51
896	51
897	51
898	51
899	52
900	52
901	52
902	52
903	52
904	52
905	52
906	52
907	53
908	54
909	54
910	54
911	54
912	54
913	54
914	55
915	55
916	55
917	55
918	55
919	56
920	56
921	56
922	56
923	56
924	57
925	57
926	57
927	57
928	57
929	57
930	57
931	57
932	57
933	57
934	57
935	57
936	57
937	57
938	57
939	57
940	57
941	57
942	58
943	58
944	58
945	58
946	59
947	60
948	60
949	60
950	60
951	60
952	61
953	61
954	62
955	63
956	64
957	65
958	65
959	65
960	65
961	65
962	65
963	65
964	65
965	65
966	65
967	65
968	65
969	65
970	66
971	66
972	66
973	68
974	68
975	68
976	68
977	68
978	68
979	68
980	69
981	69
982	69
983	69
984	70
985	71
986	71
987	72
988	72
989	73
990	73
991	74
992	74
993	74
994	74
995	74
996	74
997	75
998	75
999	75
1000	75
1001	75
1002	77
1003	77
1004	77
1005	77
1006	77
1007	77
1008	78
1009	78
1010	78
1011	78
1012	79
1013	79
1014	79
1015	80
1016	80
1017	80
1018	81
1019	81
1020	81
1021	81
1022	82
1023	82
1024	82
1025	82
1026	82
1027	82
1028	83
1029	83
1030	83
1031	83
1032	84
1033	84
1034	84
1035	86
1036	86
1037	86
1038	87
1039	88
1040	88
1041	89
1042	89
1043	89
1044	90
1045	91
1046	91
1047	91
1048	91
1049	91
1050	91
1051	92
1052	92
1053	92
1054	92
1055	93
1056	93
1057	93
1058	93
1059	93
1060	93
1061	94
1062	94
1063	94
1064	94
1065	94
1066	94
1067	95
1068	95
1069	96
1070	97
1071	97
1072	97
1073	98
1074	98
1075	98
1076	98
1077	98
1078	99
1079	100
1080	100
1081	101
1082	101
1083	101
1084	101
1085	101
1086	101
1087	101
1088	102
1089	102
1090	102
1091	102
1092	102
1093	102
1094	103
1095	103
1096	104
1097	104
1098	104
1099	105
1100	105
1101	105
1102	105
1103	105
1104	105
1105	106
1106	106
1107	107
1108	108
1109	109
1110	109
1111	109
1112	109
1113	111
1114	111
1115	112
1116	117
1117	117
1118	118
1119	118
1120	119
1121	120
1122	120
1123	120
1124	120
1125	120
1126	120
1127	120
1128	120
1129	120
1130	120
1131	120
1132	121
1133	122
1134	123
1135	123
1136	124
1137	124
1138	125
1139	127
1140	127
1141	127
1142	127
1143	127
1144	128
1145	128
1146	129
1147	129
1148	130
1149	131
1150	131
1151	131
1152	133
1153	133
1154	135
1155	136
1156	137
1157	137
1158	138
1159	140
1160	144
1161	144
1162	146
1163	146
1164	146
1165	148
1166	148
1167	150
1168	150
1169	150
1170	152
1171	153
1172	154
1173	156
1174	157
1175	157
1176	157
1177	160
1178	160
1179	160
1180	161
1181	162
1182	163
1183	163
1184	166
1185	168
1186	169
1187	170
1188	170
1189	171
1190	175
1191	176
1192	177
1193	177
1194	179
1195	180
1196	181
1197	181
1198	182
1199	183
1200	183
1201	184
1202	185
1203	186
1204	186
1205	188
1206	190
1207	190
1208	190
1209	192
1210	193
1211	193
1212	194
1213	194
1214	194
1215	195
1216	196
1217	198
1218	199
1219	200
1220	206
1221	208
1222	209
1223	210
1224	211
1225	215
1226	215
1227	216
1228	218
1229	218
1230	218
1231	218
1232	218
1233	218
1234	218
1235	218
1236	220
1237	221
1238	221
1239	221
1240	222
1241	224
1242	225
1243	225
1244	227
1245	227
1246	227
1247	228
1248	228
1249	228
1250	228
1251	228
1252	228
1253	228
1254	229
1255	229
1256	229
1257	230
1258	231
1259	232
1260	235
1261	236
1262	237
1263	239
1264	239
1265	240
1266	240
1267	240
1268	241
1269	241
1270	242
1271	242
1272	244
1273	244
1274	245
1275	245
1276	247
1277	248
1278	248
1279	248
1280	249
1281	249
1282	250
1283	251
1284	253
1285	253
1286	253
1287	254
1288	257
1289	260
1290	261
1291	261
1292	262
1293	264
1294	265
1295	266
1296	266
1297	267
1298	269
1299	270
1300	271
1301	272
1302	274
1303	275
1304	277
1305	281
1306	282
1307	285
1308	287
1309	287
1310	287
1311	288
1312	288
1313	290
1314	291
1315	293
1316	294
1317	294
1318	296
1319	299
1320	300
1321	300
1322	302
1323	304
1324	305
1325	305
1326	306
1327	309
1328	309
1329	309
1330	309
1331	309
1332	311
1333	311
1334	312
1335	312
1336	313
1337	313
1338	314
1339	317
1340	320
1341	321
1342	327
1343	327
1344	328
1345	329
1346	329
1347	330
1348	330
1349	330
1350	330
1351	333
1352	334
1353	335
1354	337
1355	337
1356	340
1357	340
1358	341
1359	345
1360	346
1361	346
1362	348
1363	348
1364	351
1365	352
1366	353
1367	354
1368	355
1369	356
1370	356
1371	356
1372	356
1373	358
1374	358
1375	359
1376	360
1377	362
1378	363
1379	364
1380	365
1381	366
1382	366
1383	366
1384	367
1385	370
1386	371
1387	373
1388	374
1389	375
1390	375
1391	375
1392	375
1393	377
1394	379
1395	379
1396	382
1397	384
1398	387
1399	389
1400	391
1401	391
1402	391
1403	394
1404	396
1405	398
1406	399
1407	402
1408	404
1409	411
1410	412
1411	414
1412	415
1413	417
1414	421
1415	423
1416	424
1417	424
1418	426
1419	428
1420	434
1421	437
1422	445
1423	448
1424	451
1425	454
1426	457
1427	459
1428	462
1429	464
1430	469
1431	470
1432	470
1433	471
1434	472
1435	474
1436	474
1437	477
1438	479
1439	479
1440	483
1441	488
1442	490
1443	493
1444	496
1445	500
1446	504
1447	505
1448	505
1449	506
1450	510
1451	514
1452	515
1453	518
1454	520
1455	522
1456	523
1457	524
1458	524
1459	527
1460	530
1461	531
1462	534
1463	535
1464	536
1465	537
1466	541
1467	543
1468	546
1469	548
1470	552
1471	555
1472	556
1473	557
1474	563
1475	566
1476	568
1477	570
1478	573
1479	574
1480	575
1481	579
1482	582
1483	584
1484	589
1485	591
1486	597
1487	602
1488	606
1489	610
1490	610
1491	613
1492	620
1493	728
1494	802
1495	839
1496	862
1497	884
1498	895
1499	902
1500	908
1501	913
1502	918
1503	922
1504	925
1505	934
1506	940
1507	945
1508	949
1509	955
1510	955
1511	957
1512	963
1513	965
1514	972
1515	974
1516	981
1517	983
1518	987
1519	988
1520	993
1521	993
1522	997
1523	999
1524	1003
1525	1007
1526	1013
1527	1017
1528	1021
1529	1026
1530	1028
1531	1034
1532	1038
1533	1042
1534	1043
1535	1044
1536	1050
1537	1051
1538	1058
1539	1060
1540	1063
1541	1067
1542	1072
1543	1077
1544	1081
1545	1084
1546	1087
1547	1089
1548	1093
1549	1095
1550	1100
1551	1103
1552	1108
1553	1109
1554	1110
1555	1115
1556	1119
1557	1127
1558	1131
1559	1136
1560	1137
1561	1138
1562	1141
1563	1149
1564	1149
1565	1149
1566	1150
1567	1152
1568	1157
1569	1162
1570	1165
1571	1167
1572	1169
1573	1169
1574	1171
1575	1174
1576	1175
1577	1179
1578	1184
1579	1189
1580	1192
1581	1195
1582	1196
1583	1198
1584	1201
1585	1208
1586	1212
1587	1216
1588	1216
1589	1217
1590	1218
1591	1222
1592	1225
1593	1227
1594	1231
1595	1232
1596	1232
1597	1234
1598	1239
1599	1246
1600	1251
1601	1255
1602	1260
1603	1263
1604	1266
1605	1272
1606	1275
1607	1280
1608	1286
1609	1291
1610	1294
1611	1301
1612	1304
1613	1308
1614	1311
1615	1312
1616	1314
1617	1317
1618	1323
1619	1330
1620	1335
1621	1340
1622	1347
1623	1352
1624	1356
1625	1362
1626	1369
1627	1370
1628	1374
1629	1378
1630	1387
1631	1393
1632	1397
1633	1405
1634	1410
1635	1412
1636	1414
1637	1417
1638	1423
1639	1427
1640	1433
1641	1446
1642	1450
1643	1456
1644	1461
1645	1470
1646	1474
1647	1484
1648	1491
1649	1496
1650	1508
1651	1513
1652	1523
1653	1540
1654	1546
1655	1554
1656	1563
1657	1568
1658	1572
1659	1582
1660	1589
1661	1591
1662	1592
1663	1596
1664	1599
1665	1600
1666	1603
1667	1606
1668	1610
1669	1615
1670	1619
1671	1622
1672	1624
1673	1629
1674	1633
1675	1638
1676	1642
1677	1652
1678	1656
1679	1658
1680	1658
1681	1659
1682	1661
1683	1664
1684	1667
1685	1675
1686	1676
1687	1680
1688	1682
1689	1684
1690	1692
1691	1698
1692	1701
1693	1705
1694	1709
1695	1718
1696	1722
1697	1728
1698	1734
1699	1741
1700	1748
1701	1762
1702	1776
1703	1788
1704	1793
1705	1800
1706	1805
1707	1814
1708	1819
1709	1826
1710	1833
1711	1837
1712	1838
1713	1841
1714	1842
1715	1845
1716	1847
1717	1850
1718	1856
1719	1863
1720	1873
1721	1877
1722	1886
1723	1889
1724	1889
1725	1894
1726	1898
1727	1901
1728	1905
1729	1912
1730	1918
1731	1924
1732	1929
1733	1933
1734	1941
1735	1949
1736	1953
1737	1955
1738	1957
1739	1960
1740	1961
1741	1966
1742	1968
1743	1968
1744	1972
1745	1973
1746	1975
1747	1987
1748	1992
1749	1997
1750	2001
1751	2004
1752	2006
1753	2008
1754	2014
1755	2015
1756	2025
1757	2025
1758	2030
1759	2039
1760	2044
1761	2052
1762	2058
1763	2061
1764	2064
1765	2069
1766	2069
1767	2072
1768	2078
1769	2083
1770	2089
1771	2097
1772	2106
1773	2113
1774	2119
1775	2122
1776	2129
1777	2135
1778	2142
1779	2143
1780	2151
1781	2157
1782	2166
1783	2174
1784	2177
1785	2189
1786	2193
1787	2194
1788	2202
1789	2214
1790	2223
1791	2234
1792	2241
1793	2245
1794	2257
1795	2263
1796	2267
1797	2272
1798	2280
1799	2290
1800	2302
1801	2311
1802	2323
1803	2337
1804	2346
1805	2350
1806	2357
1807	2363
1808	2375
1809	2380
1810	2389
1811	2406
1812	2412
1813	2421
1814	2436
1815	2445
1816	2449
1817	2459
1818	2479
1819	2491
1820	2496
1821	2500
1822	2506
1823	2513
1824	2525
1825	2535
1826	2544
1827	2557
1828	2571
1829	2584
1830	2605
1831	2613
1832	2623
1833	2630
1834	2633
1835	2635
1836	2646
1837	2661
1838	2666
1839	2675
1840	2684
1841	2694
1842	2706
1843	2715
1844	2724
1845	2731
1846	2738
1847	2745
1848	2755
1849	2763
1850	2769
1851	2774
1852	2785
1853	2793
1854	2799
1855	2806
1856	2812
1857	2821
1858	2824
1859	2832
1860	2840
1861	2845
1862	2851
1863	2859
1864	2867
1865	2869
1866	2874
1867	2878
1868	2885
1869	2896
1870	2908
1871	2919
1872	2930
1873	2942
1874	2949
1875	2954
1876	2960
1877	2969
1878	2981
1879	2997
1880	3007
1881	3015
1882	3026
1883	3036
1884	3050
1885	3062
1886	3067
1887	3080
1888	3086
1889	3094
1890	3104
1891	3112
1892	3117
1893	3123
1894	3132
1895	3136
1896	3140
1897	3160
1898	3178
1899	3186
1900	3193
1901	3201
1902	3206
1903	3213
1904	3218
1905	3222
1906	3231
1907	3246
1908	3260
1909	3271
1910	3283
1911	3292
1912	3300
1913	3306
1914	3315
1915	3325
1916	3333
1917	3347
1918	3360
1919	3396
1920	3424
1921	3431
1922	3441
1923	3451
1924	3464
1925	3466
1926	3473
1927	3485
1928	3494
1929	3498
1930	3505
1931	3511
1932	3521
1933	3532
1934	3544
1935	3555
1936	3562
1937	3571
1938	3584
1939	3596
1940	3608
1941	3621
1942	3628
1943	3634
1944	3643
1945	3649
1946	3656
1947	3666
1948	3669
1949	3680
1950	3686
1951	3688
1952	3694
1953	3704
1954	3710
1955	3719
1956	3731
1957	3747
1958	3759
1959	3764
1960	3769
1961	3782
1962	3786
1963	3797
1964	3803
1965	3815
1966	3825
1967	3834
1968	3843
1969	3854
1970	3861
1971	3870
1972	3878
1973	3883
1974	3895
1975	3906
1976	3913
1977	3921
1978	3930
1979	3942
1980	3952
1981	3958
1982	3975
1983	3990
1984	4010
1985	4019
1986	4027
1987	4040
1988	4048
1989	4054
1990	4070
1991	4078
1992	4084
1993	4089
1994	4096
1995	4105
1996	4113
1997	4125
1998	4129
1999	4139
2000	4150
2001	4155
2002	4160
2003	4182
2004	4189
2005	4196
2006	4208
2007	4224
2008	4228
2009	4228
2010	4232
2011	4235
2012	4246
2013	4255
2014	4268
2015	4277
2016	4285
2017	4298
2018	4307
2019	4322
2020	4349
2021	4361
2022	4374
2023	4380
2024	4390
2025	4405
2026	4413
2027	4421
2028	4440
2029	4445
2030	4449
2031	4456
2032	4470
2033	4477
2034	4486
2035	4497
2036	4504
2037	4519
2038	4533
2039	4542
2040	4550
2041	4558
2042	4567
2043	4573
2044	4591
2045	4605
2046	4616
2047	4624
2048	4638
2049	4658
2050	4665
2051	4678
2052	4687
2053	4702
2054	4714
2055	4723
2056	4732
2057	4743
2058	4754
2059	4764
2060	4772
2061	4791
2062	4803
2063	4810
2064	4815
2065	4822
2066	4836
2067	4847
2068	4860
2069	4874
2070	4884
2071	4900
2072	4920
2073	4933
2074	4947
2075	4962
2076	4973
2077	4988
2078	4998
2079	5015
2080	5029
2081	5042
2082	5056
2083	5067
2084	5078
2085	5099
2086	5112
2087	5142
2088	5157
2089	5169
2090	5185
2091	5200
2092	5210
2093	5214
2094	5223
2095	5236
2096	5254
2097	5261
2098	5272
2099	5281
2100	5292
2101	5306
2102	5315
2103	5325
2104	5341
2105	5351
2106	5360
2107	5371
2108	5374
2109	5389
2110	5395
2111	5402
2112	5412
2113	5420
2114	5431
2115	5438
2116	5450
2117	5460
2118	5471
2119	5489
2120	5506
2121	5513
2122	5523
2123	5537
2124	5549
2125	5561
2126	5575
2127	5587
2128	5597
2129	5607
2130	5622
2131	5634
2132	5654
2133	5664
2134	5673
2135	5684
2136	5690
2137	5711
2138	5735
2139	5752
2140	5765
2141	5773
2142	5786
2143	5798
2144	5813
2145	5827
2146	5844
2147	5858
2148	5869
2149	5883
2150	5921
2151	5943
2152	5964
2153	5985
2154	6006
2155	6032
2156	6053
2157	6063
2158	6072
2159	6081
2160	6098
2161	6111
2162	6123
2163	6133
2164	6155
2165	6171
2166	6182
2167	6198
2168	6214
2169	6217
2170	6228
2171	6247
2172	6263
2173	6276
2174	6300
2175	6315
2176	6324
2177	6337
2178	6355
2179	6374
2180	6391
2181	6400
2182	6411
2183	6434
2184	6447
2185	6461
2186	6477
2187	6496
2188	6523
2189	6538
2190	6558
2191	6570
2192	6590
2193	6608
2194	6631
2195	6652
2196	6670
2197	6696
2198	6713
2199	6730
2200	6745
2201	6766
2202	6786
2203	6802
2204	6817
2205	6832
2206	6842
2207	6858
2208	6875
2209	6891
2210	6909
2211	6920
2212	6937
2213	6954
2214	6968
2215	6987
2216	6998
2217	7018
2218	7031
2219	7054
2220	7065
2221	7082
2222	7100
2223	7121
2224	7126
2225	7136
2226	7157
2227	7166
2228	7175
2229	7194
2230	7208
2231	7230
2232	7240
2233	7251
2234	7266
2235	7284
2236	7298
2237	7314
2238	7330
2239	7336
2240	7348
2241	7360
2242	7372
2243	7393
2244	7411
2245	7422
2246	7436
2247	7453
2248	7466
2249	7481
2250	7495
2251	7501
2252	7507
2253	7512
2254	7523
2255	7566
2256	7588
2257	7601
2258	7612
2259	7627
2260	7644
2261	7656
2262	7666
2263	7676
2264	7683
2265	7694
2266	7708
2267	7713
2268	7725
2269	7735
2270	7743
2271	7753
2272	7772
2273	7782
2274	7786
2275	7790
2276	7798
2277	7806
2278	7814
2279	7821
2280	7833
2281	7837
2282	7848
2283	7864
2284	7874
2285	7886
2286	7892
2287	7902
2288	7908
2289	7916
2290	7926
2291	7938
2292	7949
2293	7959
2294	7971
2295	7982
2296	7996
2297	8015
2298	8036
2299	8059
2300	8085
2301	8101
2302	8115
2303	8130
2304	8145
2305	8155
2306	8163
2307	8174
2308	8179
2309	8179
2310	8185
2311	8190
2312	8199
2313	8207
2314	8219
2315	8225
2316	8234
2317	8239
2318	8246
2319	8255
2320	8260
2321	8272
2322	8280
2323	8289
2324	8298
2325	8307
2326	8315
2327	8320
2328	8326
2329	8331
2330	8336
2331	8339
2332	8346
2333	8356
2334	8365
2335	8370
2336	8381
2337	8383
2338	8391
2339	8401
2340	8417
2341	8426
2342	8438
2343	8445
2344	8447
2345	8457
2346	8460
2347	8469
2348	8480
2349	8487
2350	8490
2351	8503
2352	8517
2353	8524
2354	8537
2355	8545
2356	8554
2357	8566
2358	8572
2359	8579
2360	8583
2361	8588
2362	8622
2363	8630
2364	8637
2365	8641
2366	8646
2367	8655
2368	8665
2369	8674
2370	8678
2371	8685
2372	8690
2373	8696
2374	8711
2375	8730
2376	8746
2377	8757
2378	8765
2379	8776
2380	8788
2381	8806
2382	8817
2383	8828
2384	8836
2385	8845
2386	8856
2387	8863
2388	8874
2389	8892
2390	8903
2391	8913
2392	8916
2393	8923
2394	8938
2395	8963
2396	8983
2397	9000
2398	9016
2399	9026
2400	9036
2401	9048
2402	9061
2403	9096
2404	9109
2405	9118
2406	9131
2407	9138
2408	9150
2409	9164
2410	9177
2411	9197
2412	9209
2413	9215
2414	9225
2415	9240
2416	9255
2417	9272
2418	9289
2419	9297
2420	9310
2421	9323
2422	9334
2423	9356
2424	9372
2425	9387
2426	9399
2427	9403
2428	9413
2429	9425
2430	9442
2431	9467
2432	9484
2433	9502
2434	9513
2435	9531
2436	9548
2437	9571
2438	9590
2439	9601
2440	9610
2441	9630
2442	9642
2443	9654
2444	9668
2445	9681
2446	9691
2447	9709
2448	9715
2449	9722
2450	9731
2451	9748
2452	9770
2453	9784
2454	9793
2455	9810
2456	9821
2457	9838
2458	9854
2459	9877
2460	9888
2461	9896
2462	9912
2463	9925
2464	9941
2465	9953
2466	9964
2467	9978
2468	9994
2469	10017
2470	10038
2471	10050
2472	10079
2473	10096
2474	10111
2475	10117
2476	10129
2477	10137
2478	10154
2479	10169
2480	10180
2481	10183
2482	10190
2483	10205
2484	10214
2485	10230
2486	10247
2487	10259
2488	10279
2489	10295
2490	10316
2491	10327
2492	10344
2493	10364
2494	10402
2495	10427
2496	10454
2497	10478
2498	10495
2499	10509
2500	10523
2501	10540
2502	10558
2503	10580
2504	10590
2505	10605
2506	10616
2507	10630
2508	10644
2509	10655
2510	10671
2511	10682
2512	10700
2513	10712
2514	10745
2515	10777
2516	10798
2517	10818
2518	10838
2519	10854
2520	10873
2521	10896
2522	10922
2523	10939
2524	10958
2525	10977
2526	10989
2527	11006
2528	11013
2529	11028
2530	11042
2531	11058
2532	11081
2533	11102
2534	11119
2535	11129
2536	11148
2537	11159
2538	11175
2539	11198
2540	11213
2541	11226
2542	11244
2543	11265
2544	11289
2545	11314
2546	11328
2547	11341
2548	11351
2549	11373
2550	11413
2551	11442
2552	11467
2553	11501
2554	11536
2555	11573
2556	11609
2557	11643
2558	11686
2559	11709
2560	11724
2561	11745
2562	11763
2563	11792
2564	11818
2565	11847
2566	11891
2567	11914
2568	11923
2569	11945
2570	11960
2571	11977
2572	12013
2573	12034
2574	12055
2575	12069
2576	12084
2577	12107
2578	12137
2579	12153
2580	12172
2581	12191
2582	12204
2583	12225
2584	12248
2585	12270
2586	12290
2587	12308
2588	12323
2589	12361
2590	12378
2591	12398
2592	12417
2593	12443
2594	12466
2595	12486
2596	12503
2597	12521
2598	12538
2599	12562
2600	12587
2601	12599
2602	12612
2603	12624
2604	12644
2605	12668
2606	12686
2607	12704
2608	12728
2609	12747
2610	12772
2611	12803
2612	12835
2613	12862
2614	12892
2615	12910
2616	12919
2617	12935
2618	12953
2619	12971
2620	13005
2621	13031
2622	13055
2623	13077
2624	13088
2625	13099
2626	13119
2627	13132
2628	13143
2629	13169
2630	13197
2631	13219
2632	13237
2633	13252
2634	13273
2635	13284
2636	13292
2637	13305
2638	13324
2639	13339
2640	13357
2641	13377
2642	13400
2643	13410
2644	13419
2645	13436
2646	13453
2647	13471
2648	13484
2649	13509
2650	13534
2651	13561
2652	13582
2653	13613
2654	13645
2655	13669
2656	13697
2657	13726
2658	13749
2659	13764
2660	13783
2661	13807
2662	13824
2663	13857
2664	13868
2665	13876
2666	13880
2667	13883
2668	13891
2669	13903
2670	13918
2671	13937
2672	13945
2673	13952
2674	13968
2675	13978
2676	13993
2677	14004
2678	14011
2679	14021
2680	14030
2681	14044
2682	14056
2683	14070
2684	14087
2685	14121
2686	14130
2687	14142
2688	14163
2689	14182
2690	14206
2691	14222
2692	14233
2693	14238
2694	14246
2695	14267
2696	14277
2697	14296
2698	14311
2699	14320
2700	14334
2701	14345
2702	14364
2703	14374
2704	14387
2705	14403
2706	14425
2707	14439
2708	14452
2709	14472
2710	14485
2711	14497
2712	14510
2713	14518
2714	14535
2715	14548
2716	14562
2717	14575
2718	14582
2719	14609
2720	14632
2721	14652
2722	14670
2723	14690
2724	14708
2725	14720
2726	14734
2727	14746
2728	14761
2729	14779
2730	14796
2731	14818
2732	14842
2733	14864
2734	14887
2735	14924
2736	14949
2737	14968
2738	15002
2739	15017
2740	15036
2741	15070
2742	15092
2743	15118
2744	15139
2745	15164
2746	15190
2747	15212
2748	15230
2749	15261
2750	15276
2751	15299
2752	15318
2753	15350
2754	15367
2755	15377
2756	15399
2757	15415
2758	15446
2759	15477
2760	15507
2761	15524
2762	15531
2763	15535
2764	15539
2765	15548
2766	15561
2767	15576
2768	15594
2769	15613
2770	15622
2771	15624
2772	15633
2773	15656
2774	15674
2775	15714
2776	15736
2777	15755
2778	15760
2779	15765
2780	15772
2781	15790
2782	15806
2783	15814
2784	15820
2785	15825
2786	15825
2787	15827
2788	15840
2789	15855
2790	15879
2791	15892
2792	15897
2793	15903
2794	15927
2795	15949
2796	15958
2797	15962
2798	15965
2799	15967
2800	15974
2801	15977
2802	15993
2803	16012
2804	16021
2805	16025
2806	16035
2807	16046
2808	16059
2809	16069
2810	16079
2811	16091
2812	16103
2813	16120
2814	16147
2815	16179
2816	16198
2817	16213
2818	16220
2819	16239
2820	16262
2821	16284
2822	16289
2823	16300
2824	16324
2825	16330
2826	16330
2827	16333
2828	16334
2829	16342
2830	16348
2831	16355
2832	16358
2833	16363
2834	16366
2835	16371
2836	16372
2837	16374
2838	16377
2839	16379
2840	16379
2841	16381
2842	16384
2843	16386
2844	16390
2845	16392
2846	16395
2847	16398
2848	16401
2849	16404
2850	16407
2851	16410
2852	16413
2853	16426
2854	16431
2855	16434
2856	16437
2857	16440
2858	16443
2859	16447
2860	16449
2861	16454
