1	1
2	1
3	1
4	2
5	2
6	2
7	2
8	2
9	5
10	5
11	5
12	6
13	10
14	15
15	15
16	15
17	16
18	17
19	17
20	17
21	18
22	18
23	19
24	20
25	20
26	20
27	21
28	21
29	21
30	21
31	21
32	21
33	21
34	21
35	21
36	21
37	21
38	21
39	21
40	21
41	21
42	22
43	22
44	24
45	27
46	27
47	28
48	28
49	28
50	31
51	32
52	32
53	34
54	36
55	36
56	36
57	36
58	36
59	37
60	37
61	37
62	38
63	40
64	41
65	41
66	42
67	42
68	42
69	43
70	43
71	43
72	43
73	44
74	44
75	44
76	44
77	44
78	45
79	45
80	45
81	47
82	47
83	47
84	48
85	48
86	48
87	49
88	50
89	50
90	51
91	52
92	53
93	54
94	54
95	55
96	55
97	55
98	57
99	57
100	57
101	57
102	57
103	57
104	58
105	59
106	59
107	60
108	60
109	60
110	60
111	60
112	60
113	60
114	61
115	64
116	64
117	64
118	64
119	64
120	64
121	64
122	64
123	64
124	66
125	66
126	67
127	67
128	67
129	67
130	67
131	67
132	67
133	69
134	69
135	71
136	71
137	72
138	74
139	75
140	75
141	76
142	77
143	77
144	77
145	78
146	80
147	80
148	80
149	81
150	81
151	81
152	81
153	82
154	82
155	82
156	83
157	84
158	84
159	86
160	88
161	89
162	89
163	90
164	91
165	91
166	92
167	92
168	92
169	94
170	95
171	95
172	95
173	96
174	96
175	97
176	97
177	97
178	97
179	99
180	99
181	99
182	99
183	101
184	103
185	103
186	104
187	111
188	114
189	118
190	120
191	121
192	123
193	123
194	124
195	125
196	127
197	127
198	127
199	129
200	131
201	131
202	131
203	132
204	133
205	135
206	135
207	135
208	135
209	135
210	135
211	135
212	138
213	139
214	140
215	142
216	144
217	144
218	146
219	149
220	150
221	152
222	152
223	153
224	154
225	159
226	159
227	160
228	161
229	162
230	163
231	164
232	166
233	166
234	172
235	172
236	174
237	175
238	176
239	176
240	176
241	177
242	178
243	178
244	179
245	184
246	185
247	188
248	188
249	188
250	188
251	189
252	190
253	191
254	191
255	192
256	192
257	194
258	195
259	196
260	197
261	198
262	199
263	202
264	203
265	203
266	203
267	203
268	203
269	203
270	204
271	206
272	207
273	210
274	212
275	212
276	212
277	213
278	214
279	218
280	220
281	220
282	220
283	221
284	221
285	222
286	224
287	224
288	224
289	224
290	226
291	226
292	227
293	229
294	231
295	234
296	235
297	235
298	237
299	239
300	246
301	248
302	252
303	257
304	259
305	260
306	262
307	262
308	264
309	266
310	268
311	269
312	271
313	274
314	275
315	276
316	280
317	281
318	283
319	284
320	288
321	289
322	290
323	295
324	296
325	298
326	300
327	302
328	304
329	307
330	309
331	313
332	314
333	317
334	319
335	319
336	323
337	326
338	329
339	329
340	331
341	332
342	338
343	344
344	345
345	347
346	350
347	354
348	360
349	364
350	365
351	367
352	373
353	380
354	380
355	383
356	385
357	387
358	388
359	388
360	390
361	399
362	401
363	404
364	408
365	416
366	418
367	420
368	424
369	427
370	429
371	433
372	433
373	435
374	437
375	438
376	447
377	451
378	451
379	458
380	462
381	464
382	466
383	467
384	469
385	472
386	473
387	478
388	481
389	485
390	487
391	491
392	494
393	495
394	496
395	499
396	501
397	504
398	511
399	518
400	522
401	523
402	527
403	529
404	535
405	542
406	548
407	552
408	556
409	559
410	563
411	565
412	570
413	570
414	575
415	579
416	581
417	583
418	586
419	591
420	594
421	595
422	598
423	598
424	604
425	606
426	607
427	612
428	617
429	621
430	624
431	626
432	632
433	636
434	650
435	655
436	656
437	659
438	664
439	667
440	669
441	674
442	682
443	687
444	688
445	689
446	691
447	696
448	708
449	715
450	717
451	719
452	721
453	725
454	728
455	731
456	735
457	737
458	741
459	746
460	750
461	756
462	762
463	766
464	767
465	768
466	771
467	772
468	776
469	779
470	784
471	787
472	794
473	796
474	797
475	803
476	806
477	811
478	816
479	820
480	821
481	828
482	833
483	837
484	843
485	847
486	851
487	853
488	859
489	862
490	870
491	873
492	875
493	877
494	881
495	887
496	895
497	897
498	902
499	908
500	912
501	914
502	919
503	924
504	930
505	931
506	933
507	936
508	938
509	946
510	948
511	951
512	953
513	961
514	964
515	970
516	975
517	978
518	982
519	985
520	996
521	1002
522	1005
523	1013
524	1019
525	1023
526	1030
527	1036
528	1038
529	1045
530	1051
531	1055
532	1062
533	1066
534	1069
535	1070
536	1071
537	1075
538	1085
539	1087
540	1090
541	1093
542	1100
543	1103
544	1108
545	1116
546	1124
547	1130
548	1132
549	1135
550	1140
551	1145
552	1151
553	1158
554	1164
555	1179
556	1186
557	1191
558	1200
559	1206
560	1212
561	1216
562	1228
563	1235
564	1246
565	1258
566	1270
567	1279
568	1283
569	1285
570	1289
571	1291
572	1301
573	1308
574	1315
575	1322
576	1328
577	1334
578	1339
579	1346
580	1354
581	1357
582	1361
583	1368
584	1373
585	1377
586	1388
587	1395
588	1407
589	1411
590	1415
591	1421
592	1426
593	1429
594	1435
595	1438
596	1442
597	1443
598	1449
599	1457
600	1459
601	1467
602	1473
603	1476
604	1478
605	1481
606	1484
607	1494
608	1500
609	1504
610	1509
611	1513
612	1523
613	1530
614	1540
615	1543
616	1551
617	1561
618	1570
619	1575
620	1579
621	1592
622	1601
623	1611
624	1619
625	1624
626	1627
627	1632
628	1639
629	1647
630	1654
631	1660
632	1664
633	1667
634	1677
635	1684
636	1686
637	1688
638	1691
639	1696
640	1701
641	1703
642	1711
643	1717
644	1722
645	1727
646	1728
647	1730
648	1730
649	1737
650	1741
651	1749
652	1754
653	1762
654	1768
655	1773
656	1779
657	1785
658	1787
659	1791
660	1795
661	1797
662	1802
663	1811
664	1823
665	1829
666	1833
667	1838
668	1846
669	1852
670	1857
671	1862
672	1866
673	1871
674	1874
675	1877
676	1883
677	1890
678	1893
679	1898
680	1902
681	1912
682	1918
683	1927
684	1931
685	1935
686	1949
687	1954
688	1960
689	1964
690	1968
691	1973
692	1981
693	1984
694	1991
695	1994
696	2003
697	2008
698	2019
699	2028
700	2035
701	2040
702	2053
703	2060
704	2065
705	2078
706	2087
707	2093
708	2095
709	2103
710	2110
711	2120
712	2129
713	2135
714	2144
715	2155
716	2168
717	2173
718	2175
719	2180
720	2191
721	2200
722	2211
723	2215
724	2218
725	2224
726	2235
727	2241
728	2251
729	2256
730	2270
731	2276
732	2288
733	2293
734	2300
735	2314
736	2319
737	2324
738	2328
739	2340
740	2349
741	2355
742	2364
743	2371
744	2376
745	2390
746	2399
747	2409
748	2420
749	2428
750	2439
751	2442
752	2449
753	2455
754	2468
755	2475
756	2482
757	2493
758	2501
759	2506
760	2509
761	2513
762	2523
763	2533
764	2542
765	2549
766	2553
767	2558
768	2564
769	2576
770	2606
771	2619
772	2629
773	2635
774	2638
775	2648
776	2655
777	2665
778	2673
779	2684
780	2692
781	2696
782	2706
783	2715
784	2725
785	2740
786	2747
787	2754
788	2766
789	2781
790	2791
791	2811
792	2818
793	2826
794	2835
795	2841
796	2850
797	2854
798	2871
799	2888
800	2902
801	2907
802	2913
803	2917
804	2924
805	2936
806	2950
807	2962
808	2970
809	2974
810	2989
811	3001
812	3010
813	3022
814	3033
815	3040
816	3050
817	3057
818	3065
819	3079
820	3089
821	3094
822	3098
823	3105
824	3119
825	3128
826	3137
827	3142
828	3153
829	3158
830	3162
831	3166
832	3180
833	3192
834	3201
835	3210
836	3221
837	3228
838	3235
839	3236
840	3242
841	3249
842	3258
843	3265
844	3273
845	3286
846	3296
847	3301
848	3310
849	3325
850	3332
851	3338
852	3349
853	3364
854	3373
855	3383
856	3390
857	3399
858	3410
859	3422
860	3435
861	3455
862	3462
863	3472
864	3480
865	3485
866	3497
867	3512
868	3519
869	3543
870	3552
871	3564
872	3573
873	3583
874	3594
875	3610
876	3626
877	3632
878	3640
879	3651
880	3673
881	3686
882	3698
883	3721
884	3737
885	3742
886	3755
887	3774
888	3792
889	3804
890	3813
891	3832
892	3842
893	3849
894	3867
895	3899
896	3914
897	3929
898	3942
899	3950
900	3956
901	3977
902	3988
903	4001
904	4012
905	4026
906	4039
907	4051
908	4067
909	4087
910	4100
911	4115
912	4128
913	4142
914	4150
915	4169
916	4185
917	4206
918	4222
919	4235
920	4246
921	4260
922	4272
923	4281
924	4290
925	4296
926	4305
927	4314
928	4323
929	4343
930	4359
931	4367
932	4378
933	4389
934	4403
935	4416
936	4433
937	4451
938	4471
939	4490
940	4504
941	4524
942	4539
943	4561
944	4575
945	4592
946	4605
947	4621
948	4630
949	4643
950	4666
951	4686
952	4705
953	4717
954	4727
955	4730
956	4747
957	4771
958	4781
959	4800
960	4817
961	4833
962	4846
963	4851
964	4872
965	4882
966	4900
967	4916
968	4941
969	4957
970	4973
971	4986
972	5006
973	5031
974	5053
975	5067
976	5088
977	5096
978	5111
979	5128
980	5150
981	5159
982	5180
983	5194
984	5212
985	5223
986	5233
987	5247
988	5274
989	5291
990	5307
991	5317
992	5336
993	5350
994	5371
995	5385
996	5408
997	5426
998	5435
999	5450
1000	5472
1001	5493
1002	5516
1003	5539
1004	5561
1005	5581
1006	5599
1007	5613
1008	5636
1009	5659
1010	5669
1011	5678
1012	5689
1013	5711
1014	5735
1015	5757
1016	5776
1017	5800
1018	5812
1019	5832
1020	5852
1021	5869
1022	5887
1023	5906
1024	5933
1025	5944
1026	5952
1027	5974
1028	5995
1029	6009
1030	6034
1031	6048
1032	6061
1033	6070
1034	6085
1035	6096
1036	6109
1037	6125
1038	6129
1039	6139
1040	6149
1041	6160
1042	6172
1043	6193
1044	6212
1045	6223
1046	6230
1047	6242
1048	6261
1049	6275
1050	6290
1051	6312
1052	6339
1053	6349
1054	6368
1055	6386
1056	6416
1057	6441
1058	6470
1059	6493
1060	6521
1061	6537
1062	6570
1063	6602
1064	6621
1065	6646
1066	6677
1067	6693
1068	6713
1069	6731
1070	6750
1071	6777
1072	6802
1073	6835
1074	6854
1075	6880
1076	6906
1077	6935
1078	6958
1079	6982
1080	7018
1081	7028
1082	7046
1083	7070
1084	7096
1085	7118
1086	7149
1087	7175
1088	7197
1089	7217
1090	7236
1091	7253
1092	7275
1093	7296
1094	7323
1095	7343
1096	7358
1097	7381
1098	7411
1099	7431
1100	7465
1101	7486
1102	7495
1103	7521
1104	7547
1105	7572
1106	7588
1107	7618
1108	7641
1109	7668
1110	7689
1111	7722
1112	7743
1113	7774
1114	7803
1115	7823
1116	7847
1117	7879
1118	7916
1119	7959
1120	7999
1121	8047
1122	8071
1123	8091
1124	8114
1125	8143
1126	8188
1127	8221
1128	8252
1129	8284
1130	8304
1131	8327
1132	8359
1133	8390
1134	8409
1135	8437
1136	8460
1137	8478
1138	8501
1139	8530
1140	8573
1141	8621
1142	8676
1143	8723
1144	8748
1145	8773
1146	8819
1147	8857
1148	8894
1149	8946
1150	8984
1151	9015
1152	9041
1153	9069
1154	9091
1155	9129
1156	9167
1157	9208
1158	9225
1159	9240
1160	9288
1161	9328
1162	9365
1163	9399
1164	9429
1165	9452
1166	9472
1167	9492
1168	9527
1169	9563
1170	9603
1171	9630
1172	9662
1173	9689
1174	9751
1175	9787
1176	9838
1177	9884
1178	9916
1179	9936
1180	9951
1181	9995
1182	10031
1183	10080
1184	10118
1185	10148
1186	10173
1187	10192
1188	10243
1189	10278
1190	10327
1191	10361
1192	10407
1193	10439
1194	10459
1195	10491
1196	10543
1197	10596
1198	10650
1199	10699
1200	10727
1201	10752
1202	10791
1203	10833
1204	10875
1205	10916
1206	10937
1207	10965
1208	11041
1209	11101
1210	11163
1211	11209
1212	11242
1213	11290
1214	11312
1215	11333
1216	11367
1217	11410
1218	11481
1219	11535
1220	11582
1221	11617
1222	11647
1223	11689
1224	11749
1225	11788
1226	11825
1227	11875
1228	11910
1229	11945
1230	11979
1231	12037
1232	12090
1233	12140
1234	12196
1235	12229
1236	12269
1237	12324
1238	12369
1239	12427
1240	12469
1241	12531
1242	12588
1243	12642
1244	12691
1245	12753
1246	12811
1247	12859
1248	12920
1249	12951
1250	12989
1251	13048
1252	13094
1253	13163
1254	13225
1255	13278
1256	13311
1257	13338
1258	13375
1259	13421
1260	13465
1261	13523
1262	13563
1263	13597
1264	13637
1265	13691
1266	13746
1267	13803
1268	13851
1269	13909
1270	13943
1271	13970
1272	14018
1273	14069
1274	14118
1275	14174
1276	14216
1277	14258
1278	14285
1279	14345
1280	14397
1281	14461
1282	14516
1283	14575
1284	14654
1285	14685
1286	14730
1287	14786
1288	14840
1289	14902
1290	14965
1291	14991
1292	15029
1293	15086
1294	15148
1295	15215
1296	15290
1297	15335
1298	15370
1299	15393
1300	15438
1301	15504
1302	15572
1303	15640
1304	15704
1305	15736
1306	15775
1307	15827
1308	15874
1309	15933
1310	16004
1311	16034
1312	16072
1313	16106
1314	16183
1315	16270
1316	16329
1317	16393
1318	16435
1319	16469
1320	16501
1321	16541
1322	16613
1323	16660
1324	16700
1325	16750
1326	16786
1327	16829
1328	16903
1329	16979
1330	17054
1331	17136
1332	17169
1333	17218
1334	17266
1335	17350
1336	17416
1337	17482
1338	17546
1339	17602
1340	17637
1341	17682
1342	17737
1343	17816
1344	17879
1345	17926
1346	17978
1347	18009
1348	18051
1349	18105
1350	18167
1351	18235
1352	18317
1353	18387
1354	18422
1355	18460
1356	18532
1357	18590
1358	18664
1359	18732
1360	18777
1361	18823
1362	18861
1363	18925
1364	18996
1365	19063
1366	19153
1367	19257
1368	19287
1369	19335
1370	19387
1371	19476
1372	19561
1373	19632
1374	19777
1375	19836
1376	19874
1377	19953
1378	20029
1379	20116
1380	20218
1381	20322
1382	20397
1383	20460
1384	20557
1385	20670
1386	20759
1387	20842
1388	20912
1389	20968
1390	21026
1391	21106
1392	21176
1393	21262
1394	21336
1395	21412
1396	21444
1397	21478
1398	21550
1399	21646
1400	21745
1401	21827
1402	21896
1403	21930
1404	21959
1405	21997
1406	22058
1407	22136
1408	22190
1409	22246
1410	22301
1411	22338
1412	22394
1413	22473
1414	22574
1415	22660
1416	22740
1417	22790
1418	22845
1419	22934
1420	23007
1421	23120
1422	23226
1423	23310
1424	23359
1425	23422
1426	23506
1427	23595
1428	23686
1429	23773
1430	23857
1431	23931
1432	23996
1433	24075
1434	24171
1435	24255
1436	24325
1437	24396
1438	24465
1439	24533
1440	24632
1441	24752
1442	24859
1443	24972
1444	25076
1445	25137
1446	25200
1447	25292
1448	25415
1449	25516
1450	25634
1451	25732
1452	25814
1453	25878
1454	26030
1455	26159
1456	26314
1457	26490
1458	26628
1459	26752
1460	26882
1461	27035
1462	27209
1463	27353
1464	27748
1465	28054
1466	28158
1467	28273
1468	28423
1469	28605
1470	28731
1471	28882
1472	29011
1473	29104
1474	29199
1475	29329
1476	29479
1477	29590
1478	29764
1479	29886
1480	29967
1481	30041
1482	30137
1483	30266
1484	30401
1485	30556
1486	30805
1487	30911
1488	31012
1489	31185
1490	31457
1491	31628
1492	31835
1493	31997
1494	32117
1495	32199
1496	32366
1497	32574
1498	32747
1499	32923
1500	33092
1501	33215
1502	33311
1503	33493
1504	33648
1505	33797
1506	34001
1507	34166
1508	34302
1509	34405
1510	34570
1511	34750
1512	34921
1513	35097
1514	35284
1515	35399
1516	35520
1517	35672
1518	35871
1519	36073
1520	36314
1521	36486
1522	36585
1523	36675
1524	36840
1525	37053
1526	37250
1527	37431
1528	37608
1529	37696
1530	37829
1531	37982
1532	38104
1533	38368
1534	38538
1535	38749
1536	38863
1537	38976
1538	39216
1539	39396
1540	39595
1541	39857
1542	40081
1543	40230
1544	40373
1545	40601
1546	40781
1547	41004
1548	41257
1549	41450
1550	41574
1551	41704
1552	41975
1553	42230
1554	42489
1555	42767
1556	43051
1557	43160
1558	43273
1559	43493
1560	44215
1561	44433
1562	44655
1563	44886
1564	45027
1565	45176
1566	45469
1567	45709
1568	45976
1569	46275
1570	46448
1571	46559
1572	46686
1573	46925
1574	47191
1575	47376
1576	47605
1577	47809
1578	47935
1579	48081
1580	48317
1581	48561
1582	48784
1583	49017
1584	49184
1585	49300
1586	49432
1587	49659
1588	49936
1589	50169
1590	50379
1591	50628
1592	50749
1593	50893
1594	51140
1595	51409
1596	51645
1597	51887
1598	52123
1599	52225
1600	52336
1601	52499
1602	52709
1603	52904
1604	53096
1605	53305
1606	53467
1607	53608
1608	53837
1609	54076
1610	54329
1611	54639
1612	54847
1613	55029
1614	55173
1615	55401
1616	55606
1617	55811
1618	56060
1619	56274
1620	56412
1621	56567
1622	56860
1623	57168
1624	57470
1625	57740
1626	58057
1627	58247
1628	58451
1629	58765
1630	59150
1631	59475
1632	59740
1633	59962
1634	60171
1635	60366
1636	60671
1637	61065
1638	61359
1639	61696
1640	62005
1641	62197
1642	62431
1643	62781
1644	63115
1645	63459
1646	63757
1647	64099
1648	64433
1649	64689
1650	65039
1651	65431
1652	65846
1653	66177
1654	66578
1655	66812
1656	67047
1657	67451
1658	67883
1659	68248
1660	68637
1661	68963
1662	69391
1663	69695
1664	70031
1665	70363
1666	70655
1667	70964
1668	71249
1669	71430
1670	71654
1671	71974
1672	72443
1673	72718
1674	73079
1675	73400
1676	73588
1677	73792
1678	74108
1679	74459
1680	74791
1681	75162
1682	75482
1683	75707
1684	75886
1685	76189
1686	76474
1687	76642
1688	76860
1689	77084
1690	77191
1691	77291
1692	77479
1693	77700
1694	77956
1695	78187
1696	78347
1697	78445
1698	78560
1699	78769
1700	78974
1701	79176
1702	79402
1703	79595
1704	79707
1705	79810
1706	79999
1707	80181
1708	80417
1709	80595
1710	80778
1711	80940
1712	81047
1713	81239
1714	81461
1715	81669
1716	81900
1717	82098
1718	82290
1719	82475
1720	82740
1721	83021
1722	83292
1723	83631
1724	84013
1725	84248
1726	84475
1727	84839
1728	85230
1729	85597
1730	86059
1731	86496
1732	86729
1733	86983
1734	87385
1735	87700
1736	87900
1737	88117
1738	88285
1739	88380
1740	88518
1741	88723
1742	88966
1743	89216
1744	89593
1745	89913
1746	90244
1747	90443
1748	90791
1749	91182
1750	91581
1751	91928
1752	92279
1753	92459
1754	92672
1755	93036
1756	93402
1757	93885
1758	94308
1759	94651
1760	94862
1761	95057
1762	95537
1763	95885
1764	96057
1765	96242
1766	96447
1767	96523
1768	96626
1769	96815
1770	96958
1771	97210
1772	97621
1773	97976
1774	98261
1775	98482
1776	98569
1777	98646
1778	98806
1779	99097
1780	99272
1781	99419
1782	99583
1783	99844
1784	100396
1785	100902
1786	101367
1787	101774
1788	101899
1789	102031
1790	102224
1791	102402
1792	102647
1793	102939
1794	103285
1795	103514
1796	103755
1797	104074
1798	104489
1799	104854
1800	105252
1801	105486
1802	105708
1803	105985
1804	106383
1805	106829
1806	107242
1807	107648
1808	107978
1809	108252
1810	108514
1811	108926
1812	109397
1813	109849
1814	110241
1815	110582
1816	110745
1817	111001
1818	111433
1819	111833
1820	112180
1821	112565
1822	112960
1823	113222
1824	113623
1825	114117
1826	114628
1827	115129
1828	115685
1829	116173
1830	116534
1831	116833
1832	117172
1833	117704
1834	118226
1835	118830
1836	119341
1837	119744
1838	120068
1839	120690
1840	121049
1841	121369
1842	121703
1843	122207
1844	122545
1845	122825
1846	123311
1847	123893
1848	124409
1849	124745
1850	125161
1851	125585
1852	125881
1853	126410
1854	127015
1855	127623
1856	128288
1857	128799
1858	129104
1859	129206
1860	129386
1861	129767
1862	130219
1863	130705
1864	131184
1865	131465
1866	131832
1867	132231
1868	132686
1869	133113
1870	133439
1871	133758
1872	134020
1873	134337
1874	134821
1875	135300
1876	135744
1877	136194
1878	136588
1879	136868
1880	137114
1881	137589
1882	138072
1883	138584
1884	139141
1885	139632
1886	139941
1887	140233
1888	140715
1889	141156
1890	141359
1891	141542
1892	141737
1893	141960
1894	142283
1895	142692
1896	143064
1897	143442
1898	143987
1899	144490
1900	144798
1901	145153
1902	145644
1903	146157
1904	146754
1905	147366
1906	147828
1907	148106
1908	148422
1909	148982
1910	149533
1911	150079
1912	150620
1913	151094
1914	151387
1915	151733
1916	152259
1917	152496
1918	152877
1919	153130
1920	153429
1921	153734
1922	154085
1923	154605
1924	155109
1925	155613
1926	156123
1927	156353
1928	156478
1929	156598
1930	156867
1931	157396
1932	157917
1933	158496
1934	159001
1935	159418
1936	159816
1937	160242
1938	160604
1939	160948
1940	161375
1941	161925
1942	162229
1943	162567
1944	163063
1945	163695
1946	164295
1947	164827
1948	165292
1949	165541
1950	165833
1951	166277
1952	166802
1953	167331
1954	167817
1955	168450
1956	169000
1957	169339
1958	169930
1959	170557
1960	171249
1961	171808
1962	172323
1963	172617
1964	172948
1965	173553
1966	174138
1967	174715
1968	175362
1969	175813
1970	176164
1971	176516
1972	177208
1973	177869
1974	178518
1975	179010
1976	179239
1977	179496
1978	179844
1979	180441
1980	181170
1981	181781
1982	182401
1983	182901
1984	183328
1985	183690
1986	184245
1987	184941
1988	185518
1989	186087
1990	186567
1991	186971
1992	187338
1993	187891
1994	188462
1995	189079
1996	189629
1997	190186
1998	190526
1999	190868
2000	191303
2001	191593
2002	192147
2003	192604
2004	193150
2005	193453
2006	193725
2007	194334
2008	194968
2009	195590
2010	196176
2011	196713
2012	197078
2013	197434
2014	197981
2015	198633
2016	199312
2017	199936
2018	200513
2019	200840
2020	201162
2021	201724
2022	202377
2023	202972
2024	203550
2025	204068
2026	204394
2027	204701
2028	205287
2029	205899
2030	206496
2031	207053
2032	207644
2033	207829
2034	207946
2035	208211
2036	208472
2037	208863
2038	209320
2039	209751
2040	210067
2041	210511
2042	211059
2043	211609
2044	212175
2045	212850
2046	213377
2047	213684
2048	214079
2049	214606
2050	215066
2051	215592
2052	216113
2053	216641
2054	216955
2055	217273
2056	217814
2057	218442
2058	219150
2059	219809
2060	220435
2061	220808
2062	221195
2063	221836
2064	222456
2065	223119
2066	223751
2067	224353
2068	224748
2069	225118
2070	225803
2071	226524
2072	227167
2073	227815
2074	228366
2075	228681
2076	228984
2077	229624
2078	230376
2079	231020
2080	231742
2081	232345
2082	232775
2083	233218
2084	234239
2085	235007
2086	235727
2087	236483
2088	237119
2089	237518
2090	237953
2091	238703
2092	239417
2093	240132
2094	240833
2095	241454
2096	241799
2097	242232
2098	242958
2099	243689
2100	244410
2101	245131
2102	245879
2103	246300
2104	246645
2105	247318
2106	247983
2107	248691
2108	249308
2109	249879
2110	250263
2111	250653
2112	251353
2113	252013
2114	252645
2115	253363
2116	253995
2117	254406
2118	254778
2119	255435
2120	256138
2121	256827
2122	257456
2123	258052
2124	258479
2125	258883
2126	259509
2127	260184
2128	260791
2129	261444
2130	262125
2131	262488
2132	262892
2133	263479
2134	263974
2135	264497
2136	265144
2137	265700
2138	266088
2139	266458
2140	267113
2141	267603
2142	267986
2143	268684
2144	269328
2145	269723
2146	270076
2147	270738
2148	271511
2149	272237
2150	273030
2151	273814
2152	274293
2153	274839
2154	275585
2155	276348
2156	277203
2157	277920
2158	278602
2159	279039
2160	279476
2161	280163
2162	281022
2163	281769
2164	282536
2165	283198
2166	283624
2167	284109
2168	284628
2169	284872
2170	285355
2171	285941
2172	286497
2173	286942
2174	287333
2175	287891
2176	288419
2177	289004
2178	289670
2179	290297
2180	290827
2181	291263
2182	292025
2183	292798
2184	293338
2185	294131
2186	294794
2187	295283
2188	295696
2189	296485
2190	297251
2191	297839
2192	298631
2193	299349
2194	299926
2195	300464
2196	301351
2197	302254
2198	303172
2199	304006
2200	304762
2201	305288
2202	305804
2203	306640
2204	307536
2205	308486
2206	309447
2207	310195
2208	310664
2209	311113
2210	311924
2211	312735
2212	313659
2213	314512
2214	315291
2215	315704
2216	316187
2217	316991
2218	317820
2219	318613
2220	319478
2221	320282
2222	320796
2223	321257
2224	322061
2225	322828
2226	323676
2227	324554
2228	325479
2229	325962
2230	326440
2231	327050
2232	327916
2233	328695
2234	329466
2235	330268
2236	330694
2237	331205
2238	331921
2239	332761
2240	333562
2241	334307
2242	335032
2243	335510
2244	335990
2245	336643
2246	337132
2247	337897
2248	338623
2249	339279
2250	339579
2251	340148
2252	340873
2253	341736
2254	342571
2255	343396
2256	344169
2257	344681
2258	345155
2259	346017
2260	346912
2261	347673
2262	348250
2263	348742
2264	348951
2265	349339
2266	350084
2267	350793
2268	351499
2269	352204
2270	352735
2271	353119
2272	353559
2273	354420
2274	355275
2275	356155
2276	356625
2277	356851
2278	357023
2279	357388
2280	358047
2281	358761
2282	359114
2283	359469
2284	359773
2285	360002
2286	360402
2287	361102
2288	361487
2289	361876
2290	362203
2291	362512
2292	362729
2293	362915
2294	363158
2295	363452
2296	363791
2297	364169
2298	364449
2299	364665
2300	364879
2301	365209
2302	365559
2303	365876
2304	366170
2305	366432
2306	366660
2307	366824
2308	367084
2309	367413
2310	367753
2311	368074
2312	368384
2313	368578
2314	368793
2315	369140
2316	369487
2317	369844
2318	370165
2319	370449
2320	370611
2321	370840
2322	371233
2323	371570
2324	371865
2325	372214
2326	372442
2327	372608
2328	372787
2329	373115
2330	373424
2331	373710
2332	374038
2333	374249
2334	374439
2335	374623
2336	374915
2337	375203
2338	375489
2339	375749
2340	376024
2341	376186
2342	376366
2343	376670
2344	376968
2345	377297
2346	377563
2347	377827
2348	378025
2349	378195
2350	378520
2351	378827
2352	379106
2353	379440
2354	379697
2355	379871
2356	380025
2357	380339
2358	380632
2359	380957
2360	381256
2361	381493
2362	381673
2363	381849
2364	382141
2365	382404
2366	382679
2367	382950
2368	383187
2369	383334
2370	383488
2371	383798
2372	384058
2373	384291
2374	384526
2375	384760
2376	384940
2377	385099
2378	385328
2379	385599
2380	385895
2381	386156
2382	386388
2383	386510
2384	386594
2385	386726
2386	386890
2387	387057
2388	387208
2389	387364
2390	387455
2391	387546
2392	387672
2393	387833
2394	388019
2395	388217
2396	388380
2397	388476
2398	388596
2399	388823
2400	389150
2401	389420
2402	389697
2403	389917
2404	390134
2405	390272
2406	390515
2407	390814
2408	391079
2409	391367
2410	391607
2411	391796
2412	392008
2413	392289
2414	392560
2415	392829
2416	393069
2417	393267
2418	393456
2419	393623
2420	393869
2421	394121
2422	394357
2423	394577
2424	394820
2425	394994
2426	395165
2427	395446
2428	395692
2429	395945
2430	396244
2431	396499
2432	396698
2433	396871
2434	397196
2435	397545
2436	397860
2437	398147
2438	398423
2439	398604
2440	398784
2441	399122
2442	399425
2443	399742
2444	400037
2445	400359
2446	400518
2447	400698
2448	400975
2449	401272
2450	401565
2451	401735
2452	401912
2453	402038
2454	402196
2455	402471
2456	402814
2457	403206
2458	403621
2459	404036
2460	404328
2461	404560
2462	404970
2463	405433
2464	405845
2465	406193
2466	406533
2467	406740
2468	406984
2469	407335
2470	407695
2471	408033
2472	408315
2473	408555
2474	408725
2475	408934
2476	409267
2477	409605
2478	409937
2479	410230
2480	410489
2481	410673
2482	410871
2483	411191
2484	411499
2485	411795
2486	412207
2487	412801
2488	413124
2489	413486
2490	414102
2491	414778
2492	415406
2493	416184
2494	416857
2495	417245
2496	417624
2497	418347
2498	419015
2499	419583
2500	420113
2501	420535
2502	420828
2503	421123
2504	421656
2505	422232
2506	422697
2507	422929
2508	423333
2509	423638
2510	424212
2511	424848
2512	425552
2513	426261
2514	426933
2515	427747
2516	428113
2517	428494
2518	429195
2519	430074
2520	431011
2521	431890
2522	432803
2523	433307
2524	433652
2525	434368
2526	435176
2527	435865
2528	436560
2529	437241
2530	437778
2531	438220
2532	438900
2533	439714
2534	440421
2535	441100
2536	441776
2537	442212
2538	442567
2539	443310
2540	444122
2541	444946
2542	445801
2543	446450
2544	446920
2545	447368
2546	448133
2547	448918
2548	449623
2549	450448
2550	451166
2551	451541
2552	451876
2553	452353
2554	452824
2555	453354
2556	453952
2557	454453
2558	454880
2559	455193
2560	455586
2561	456176
2562	456899
2563	457692
2564	458388
2565	458830
2566	459205
2567	459962
2568	460830
2569	461692
2570	462397
2571	463098
2572	463497
2573	463858
2574	464542
2575	465404
2576	466304
2577	467211
2578	468022
2579	468629
2580	469136
2581	470067
2582	471034
2583	472008
2584	472773
2585	473613
2586	474038
2587	474472
2588	475334
2589	476214
2590	477095
2591	478087
2592	478934
2593	479440
2594	479888
2595	480706
2596	481659
2597	482648
2598	483629
2599	484569
2600	484951
2601	485312
2602	485926
2603	486807
2604	487643
2605	488404
2606	489138
2607	489618
2608	490067
2609	490912
2610	491923
2611	492925
2612	493869
2613	494711
2614	495269
2615	495714
2616	496583
2617	497571
2618	498497
2619	499394
2620	500186
2621	500685
2622	501131
2623	501941
2624	502955
2625	503928
2626	504638
2627	505036
2628	505412
2629	505766
2630	506591
2631	507565
2632	508504
2633	509403
2634	510417
2635	510931
2636	511587
2637	512495
2638	513472
2639	514558
2640	515500
2641	516241
2642	516719
2643	517185
2644	518027
2645	518932
2646	519852
2647	520688
2648	521435
2649	521901
2650	522448
2651	523383
2652	524205
2653	525217
2654	526281
2655	527176
2656	527638
2657	528054
2658	528877
2659	529844
2660	530839
2661	531823
2662	532575
2663	533174
2664	533671
2665	534678
2666	535837
2667	536844
2668	537752
2669	538471
2670	538932
2671	539488
2672	540408
2673	541435
2674	542390
2675	543481
2676	544482
2677	544924
2678	545416
2679	546317
2680	547393
2681	548578
2682	549707
2683	550517
2684	551053
2685	551453
2686	552360
2687	553317
2688	554273
2689	555119
2690	555605
2691	555709
2692	555827
2693	556083
2694	556507
2695	556917
2696	557332
2697	557677
2698	557874
2699	558141
2700	558575
2701	558967
2702	559368
2703	559741
2704	560053
2705	560258
2706	560489
2707	561076
2708	561561
2709	562068
2710	562617
2711	563071
2712	563350
2713	563596
2714	564071
2715	564601
2716	565127
2717	565624
2718	565880
2719	566177
2720	566476
2721	566967
2722	567531
2723	568038
2724	568595
2725	569067
2726	569409
2727	569740
2728	570324
2729	570944
2730	571494
2731	572039
2732	572516
2733	572843
2734	573197
2735	573723
2736	574276
2737	574914
2738	575430
2739	575979
2740	576348
2741	576674
2742	577305
2743	578008
2744	578590
2745	579164
2746	579662
2747	579925
2748	580259
2749	580588
2750	581131
2751	581586
2752	582054
2753	582440
2754	582743
2755	583155
2756	583606
2757	584160
2758	584709
2759	585260
2760	585765
2761	586078
2762	586388
2763	587081
2764	587926
2765	588595
2766	589219
2767	589784
2768	590424
2769	590969
2770	591634
2771	592371
2772	593003
2773	593606
2774	594137
2775	594528
2776	594849
2777	595443
2778	596009
2779	596483
2780	596858
2781	597330
2782	597837
2783	598405
2784	599199
2785	599870
2786	600106
2787	600457
2788	600644
2789	600738
2790	600844
2791	601078
2792	601426
2793	601932
2794	602447
2795	602825
2796	602961
2797	603063
2798	603266
2799	603547
2800	604055
2801	604624
2802	604981
2803	605132
2804	605225
2805	605490
2806	605712
2807	606032
2808	606258
2809	606467
2810	606586
2811	606687
2812	606921
2813	607251
2814	607575
2815	608143
2816	608578
2817	608704
2818	608790
2819	609095
2820	609589
2821	609821
2822	610032
2823	610208
2824	610320
2825	610401
2826	610570
2827	610891
2828	611191
2829	611471
2830	611671
2831	611866
2832	611972
2833	612291
2834	612611
2835	612813
2836	613145
2837	613443
2838	613756
2839	614039
2840	614627
2841	615271
2842	615881
2843	616131
2844	616562
2845	616852
2846	617158
2847	617408
2848	617606
2849	618196
2850	618529
2851	618691
2852	618773
2853	618879
2854	619044
2855	619237
2856	619428
2857	619647
2858	619828
2859	619949
2860	620011
2861	620170
2862	620342
2863	620490
2864	620609
2865	620694
2866	620793
2867	620872
2868	621042
2869	621177
2870	621310
2871	621424
2872	621476
2873	621556
2874	621619
2875	621798
2876	622046
2877	622270
2878	622579
2879	622819
2880	622897
2881	622979
2882	623194
2883	623406
2884	623620
2885	623808
2886	623967
