1	1
2	1
3	1
4	1
5	1
6	1
7	1
8	2
9	2
10	2
11	2
12	2
13	3
14	3
15	3
16	3
17	3
18	3
19	3
20	3
21	3
22	3
23	3
24	5
25	5
26	5
27	5
28	5
29	5
30	5
31	5
32	5
33	5
34	5
35	5
36	5
37	5
38	5
39	5
40	5
41	5
42	5
43	5
44	6
45	7
46	7
47	7
48	7
49	10
50	10
51	12
52	14
53	14
54	14
55	16
56	16
57	17
58	19
59	19
60	20
61	21
62	21
63	21
64	21
65	22
66	22
67	22
68	22
69	22
70	22
71	22
72	22
73	22
74	22
75	23
76	23
77	23
78	24
79	24
80	25
81	26
82	29
83	31
84	33
85	35
86	37
87	37
88	37
89	37
90	37
91	40
92	41
93	41
94	41
95	41
96	41
97	42
98	42
99	42
100	43
101	43
102	44
103	44
104	44
105	44
106	45
107	45
108	45
109	45
110	47
111	47
112	49
113	50
114	51
115	51
116	53
117	53
118	53
119	53
120	54
121	56
122	57
123	57
124	57
125	57
126	59
127	60
128	60
129	62
130	62
131	64
132	64
133	64
134	66
135	66
136	66
137	67
138	68
139	69
140	69
141	71
142	71
143	71
144	71
145	71
146	71
147	71
148	73
149	73
150	73
151	74
152	75
153	75
154	77
155	79
156	79
157	79
158	80
159	81
160	81
161	81
162	83
163	83
164	85
165	86
166	87
167	87
168	87
169	89
170	92
171	92
172	94
173	94
174	95
175	97
176	99
177	101
178	101
179	101
180	101
181	101
182	101
183	101
184	101
185	102
186	103
187	103
188	105
189	105
190	107
191	108
192	108
193	108
194	108
195	110
196	111
197	112
198	112
199	112
200	113
201	113
202	116
203	116
204	116
205	116
206	117
207	118
208	119
209	119
210	120
211	123
212	123
213	123
214	124
215	125
216	126
217	126
218	127
219	127
220	127
221	129
222	130
223	131
224	131
225	134
226	134
227	136
228	137
229	137
230	137
231	137
232	138
233	139
234	139
235	139
236	140
237	142
238	142
239	142
240	144
241	146
242	149
243	149
244	152
245	153
246	153
247	154
248	155
249	155
250	156
251	156
252	156
253	157
254	159
255	160
256	161
257	163
258	163
259	166
260	166
261	167
262	167
263	168
264	168
265	168
266	173
267	173
268	173
269	174
270	174
271	177
272	178
273	179
274	180
275	182
276	182
277	182
278	183
279	184
280	185
281	185
282	186
283	188
284	188
285	189
286	190
287	193
288	200
289	201
290	203
291	204
292	208
293	208
294	210
295	212
296	215
297	215
298	216
299	216
300	216
301	216
302	216
303	220
304	223
305	223
306	228
307	229
308	232
309	233
310	233
311	233
312	234
313	235
314	236
315	237
316	238
317	241
318	244
319	244
320	247
321	249
322	250
323	251
324	252
325	252
326	253
327	255
328	259
329	259
330	261
331	261
332	261
333	262
334	263
335	265
336	268
337	269
338	272
339	273
340	274
341	275
342	277
343	277
344	280
345	282
346	282
347	285
348	289
349	293
350	294
351	295
352	298
353	298
354	298
355	300
356	302
357	303
358	307
359	310
360	313
361	315
362	316
363	318
364	321
365	322
366	325
367	326
368	326
369	327
370	328
371	329
372	331
373	333
374	334
375	339
376	339
377	339
378	341
379	341
380	346
381	350
382	351
383	356
384	358
385	361
386	366
387	369
388	369
389	372
390	374
391	375
392	376
393	377
394	381
395	383
396	385
397	386
398	386
399	387
400	391
401	397
402	397
403	398
404	398
405	401
406	402
407	403
408	406
409	408
410	409
411	410
412	412
413	413
414	416
415	420
416	423
417	423
418	427
419	427
420	428
421	430
422	433
423	436
424	437
425	438
426	441
427	443
428	444
429	445
430	453
431	455
432	457
433	457
434	459
435	460
436	461
437	464
438	469
439	470
440	470
441	472
442	473
443	473
444	475
445	479
446	481
447	485
448	490
449	496
450	498
451	502
452	505
453	512
454	515
455	518
456	521
457	525
458	525
459	529
460	533
461	535
462	539
463	542
464	546
465	546
466	547
467	549
468	550
469	552
470	554
471	555
472	557
473	558
474	559
475	565
476	566
477	569
478	571
479	572
480	574
481	575
482	581
483	583
484	585
485	587
486	592
487	596
488	598
489	601
490	603
491	607
492	609
493	609
494	610
495	615
496	616
497	619
498	622
499	625
500	626
501	627
502	628
503	630
504	631
505	632
506	636
507	639
508	642
509	644
510	647
511	654
512	655
513	659
514	665
515	668
516	671
517	672
518	676
519	681
520	683
521	685
522	686
523	692
524	694
525	698
526	702
527	705
528	706
529	708
530	711
531	714
532	716
533	716
534	718
535	720
536	726
537	727
538	732
539	737
540	743
541	743
542	746
543	746
544	752
545	754
546	756
547	759
548	765
549	768
550	773
551	776
552	778
553	783
554	786
555	790
556	792
557	795
558	797
559	799
560	801
561	808
562	810
563	813
564	817
565	819
566	823
567	828
568	829
569	833
570	835
571	841
572	847
573	851
574	854
575	856
576	859
577	862
578	863
579	873
580	877
581	882
582	887
583	891
584	894
585	894
586	895
587	902
588	904
589	908
590	916
591	921
592	924
593	929
594	932
595	935
596	938
597	941
598	942
599	947
600	952
601	953
602	957
603	960
604	961
605	962
606	964
607	967
608	970
609	977
610	981
611	984
612	986
613	989
614	994
615	1002
616	1006
617	1008
618	1011
619	1014
620	1015
621	1017
622	1026
623	1030
624	1037
625	1038
626	1042
627	1046
628	1050
629	1053
630	1059
631	1061
632	1065
633	1067
634	1075
635	1080
636	1085
637	1089
638	1096
639	1103
640	1108
641	1111
642	1114
643	1117
644	1125
645	1130
646	1136
647	1139
648	1142
649	1144
650	1148
651	1151
652	1153
653	1154
654	1157
655	1162
656	1166
657	1169
658	1177
659	1183
660	1187
661	1191
662	1194
663	1198
664	1204
665	1206
666	1208
667	1212
668	1215
669	1216
670	1218
671	1220
672	1224
673	1230
674	1230
675	1234
676	1238
677	1243
678	1251
679	1255
680	1259
681	1260
682	1268
683	1270
684	1276
685	1286
686	1291
687	1296
688	1303
689	1306
690	1309
691	1315
692	1316
693	1319
694	1324
695	1330
696	1335
697	1340
698	1344
699	1349
700	1355
701	1361
702	1364
703	1371
704	1376
705	1383
706	1386
707	1390
708	1394
709	1402
710	1410
711	1413
712	1418
713	1421
714	1424
715	1427
716	1435
717	1438
718	1444
719	1447
720	1453
721	1463
722	1466
723	1474
724	1478
725	1479
726	1485
727	1487
728	1494
729	1499
730	1506
731	1512
732	1516
733	1522
734	1524
735	1531
736	1541
737	1544
738	1550
739	1558
740	1560
741	1568
742	1571
743	1575
744	1576
745	1577
746	1588
747	1589
748	1592
749	1596
750	1601
751	1609
752	1612
753	1620
754	1632
755	1639
756	1644
757	1651
758	1658
759	1663
760	1671
761	1677
762	1682
763	1684
764	1691
765	1702
766	1705
767	1717
768	1720
769	1727
770	1732
771	1741
772	1746
773	1750
774	1754
775	1761
776	1765
777	1776
778	1782
779	1791
780	1794
781	1796
782	1805
783	1813
784	1823
785	1831
786	1837
787	1841
788	1846
789	1852
790	1856
791	1878
792	1891
793	1897
794	1900
795	1910
796	1919
797	1921
798	1926
799	1930
800	1940
801	1943
802	1949
803	1955
804	1957
805	1962
806	1977
807	1981
808	1985
809	1987
810	1995
811	1997
812	2010
813	2018
814	2024
815	2027
816	2028
817	2036
818	2044
819	2054
820	2058
821	2065
822	2070
823	2078
824	2087
825	2094
826	2099
827	2105
828	2107
829	2116
830	2120
831	2123
832	2131
833	2143
834	2148
835	2157
836	2158
837	2162
838	2167
839	2179
840	2191
841	2199
842	2206
843	2212
844	2212
845	2219
846	2227
847	2234
848	2244
849	2247
850	2248
851	2249
852	2259
853	2264
854	2271
855	2277
856	2286
857	2291
858	2294
859	2307
860	2318
861	2332
862	2348
863	2362
864	2368
865	2373
866	2378
867	2386
868	2396
869	2402
870	2407
871	2410
872	2419
873	2430
874	2438
875	2444
876	2455
877	2460
878	2466
879	2473
880	2477
881	2489
882	2493
883	2502
884	2510
885	2517
886	2525
887	2531
888	2544
889	2554
890	2563
891	2574
892	2577
893	2581
894	2592
895	2604
896	2613
897	2618
898	2629
899	2636
900	2641
901	2652
902	2663
903	2669
904	2679
905	2690
906	2700
907	2706
908	2719
909	2730
910	2737
911	2745
912	2758
913	2768
914	2780
915	2793
916	2805
917	2812
918	2820
919	2834
920	2843
921	2851
922	2862
923	2876
924	2889
925	2896
926	2907
927	2913
928	2921
929	2929
930	2941
931	2955
932	2963
933	2974
934	2987
935	2997
936	3010
937	3017
938	3030
939	3042
940	3053
941	3062
942	3069
943	3083
944	3100
945	3107
946	3118
947	3129
948	3138
949	3154
950	3172
951	3191
952	3203
953	3212
954	3233
955	3251
956	3262
957	3273
958	3285
959	3293
960	3311
961	3324
962	3334
963	3342
964	3352
965	3370
966	3382
967	3402
968	3417
969	3428
970	3440
971	3456
972	3472
973	3485
974	3501
975	3515
976	3527
977	3540
978	3551
979	3563
980	3577
981	3599
982	3621
983	3629
984	3638
985	3655
986	3676
987	3696
988	3717
989	3735
990	3748
991	3758
992	3768
993	3793
994	3808
995	3815
996	3830
997	3841
998	3846
999	3858
1000	3873
1001	3895
1002	3916
1003	3926
1004	3941
1005	3952
1006	3971
1007	3981
1008	3995
1009	4010
1010	4015
1011	4024
1012	4038
1013	4052
1014	4070
1015	4089
1016	4109
1017	4124
1018	4134
1019	4148
1020	4161
1021	4172
1022	4186
1023	4200
1024	4209
1025	4220
1026	4229
1027	4247
1028	4261
1029	4271
1030	4285
1031	4300
1032	4311
1033	4324
1034	4347
1035	4366
1036	4380
1037	4403
1038	4414
1039	4422
1040	4427
1041	4436
1042	4447
1043	4456
1044	4468
1045	4480
1046	4495
1047	4506
1048	4518
1049	4533
1050	4550
1051	4560
1052	4577
1053	4589
1054	4603
1055	4624
1056	4648
1057	4670
1058	4691
1059	4707
1060	4716
1061	4735
1062	4752
1063	4767
1064	4780
1065	4792
1066	4810
1067	4828
1068	4844
1069	4857
1070	4871
1071	4883
1072	4903
1073	4926
1074	4942
1075	4960
1076	4972
1077	4993
1078	5010
1079	5026
1080	5038
1081	5063
1082	5086
1083	5097
1084	5120
1085	5134
1086	5159
1087	5169
1088	5181
1089	5206
1090	5227
1091	5244
1092	5274
1093	5301
1094	5326
1095	5344
1096	5365
1097	5379
1098	5406
1099	5431
1100	5448
1101	5471
1102	5487
1103	5518
1104	5535
1105	5580
1106	5606
1107	5631
1108	5649
1109	5665
1110	5683
1111	5708
1112	5733
1113	5753
1114	5778
1115	5797
1116	5810
1117	5826
1118	5848
1119	5863
1120	5888
1121	5917
1122	5939
1123	5962
1124	5977
1125	5988
1126	6012
1127	6031
1128	6062
1129	6082
1130	6101
1131	6121
1132	6144
1133	6168
1134	6202
1135	6227
1136	6249
1137	6264
1138	6282
1139	6302
1140	6329
1141	6352
1142	6380
1143	6400
1144	6417
1145	6433
1146	6462
1147	6482
1148	6509
1149	6531
1150	6556
1151	6578
1152	6596
1153	6619
1154	6642
1155	6665
1156	6685
1157	6706
1158	6722
1159	6734
1160	6755
1161	6790
1162	6817
1163	6844
1164	6871
1165	6890
1166	6913
1167	6935
1168	6965
1169	6991
1170	7015
1171	7036
1172	7049
1173	7071
1174	7101
1175	7129
1176	7158
1177	7178
1178	7204
1179	7228
1180	7248
1181	7276
1182	7308
1183	7336
1184	7370
1185	7405
1186	7424
1187	7444
1188	7459
1189	7485
1190	7508
1191	7535
1192	7573
1193	7600
1194	7620
1195	7645
1196	7683
1197	7715
1198	7749
1199	7784
1200	7805
1201	7844
1202	7879
1203	7915
1204	7933
1205	7970
1206	8010
1207	8037
1208	8058
1209	8090
1210	8129
1211	8165
1212	8199
1213	8227
1214	8253
1215	8279
1216	8311
1217	8353
1218	8388
1219	8427
1220	8454
1221	8476
1222	8500
1223	8540
1224	8578
1225	8618
1226	8656
1227	8681
1228	8703
1229	8726
1230	8759
1231	8789
1232	8833
1233	8867
1234	8887
1235	8913
1236	8932
1237	8971
1238	9009
1239	9047
1240	9076
1241	9114
1242	9140
1243	9167
1244	9196
1245	9236
1246	9268
1247	9301
1248	9327
1249	9355
1250	9391
1251	9431
1252	9472
1253	9505
1254	9531
1255	9568
1256	9591
1257	9616
1258	9664
1259	9703
1260	9749
1261	9790
1262	9822
1263	9853
1264	9884
1265	9920
1266	9956
1267	9999
1268	10043
1269	10081
1270	10103
1271	10131
1272	10170
1273	10205
1274	10248
1275	10280
1276	10329
1277	10358
1278	10391
1279	10430
1280	10487
1281	10524
1282	10564
1283	10599
1284	10625
1285	10663
1286	10706
1287	10751
1288	10790
1289	10825
1290	10867
1291	10898
1292	10924
1293	10958
1294	10999
1295	11058
1296	11146
1297	11216
1298	11240
1299	11269
1300	11311
1301	11364
1302	11410
1303	11459
1304	11520
1305	11568
1306	11601
1307	11648
1308	11707
1309	11751
1310	11792
1311	11849
1312	11885
1313	11924
1314	11972
1315	12016
1316	12070
1317	12128
1318	12171
1319	12195
1320	12232
1321	12280
1322	12336
1323	12395
1324	12441
1325	12474
1326	12516
1327	12541
1328	12582
1329	12637
1330	12688
1331	12740
1332	12770
1333	12805
1334	12852
1335	12891
1336	12928
1337	12976
1338	13014
1339	13048
1340	13076
1341	13093
1342	13137
1343	13189
1344	13234
1345	13281
1346	13334
1347	13364
1348	13398
1349	13448
1350	13504
1351	13542
1352	13576
1353	13629
1354	13656
1355	13691
1356	13743
1357	13786
1358	13839
1359	13883
1360	13933
1361	13971
1362	14009
1363	14053
1364	14135
1365	14189
1366	14250
1367	14296
1368	14355
1369	14391
1370	14442
1371	14504
1372	14548
1373	14586
1374	14625
1375	14657
1376	14690
1377	14755
1378	14813
1379	14875
1380	14945
1381	15001
1382	15055
1383	15095
1384	15150
1385	15205
1386	15245
1387	15304
1388	15361
1389	15396
1390	15434
1391	15495
1392	15548
1393	15632
1394	15679
1395	15733
1396	15781
1397	15831
1398	15885
1399	15945
1400	16024
1401	16067
1402	16132
1403	16160
1404	16190
1405	16220
1406	16273
1407	16328
1408	16387
1409	16430
1410	16463
1411	16497
1412	16546
1413	16611
1414	16699
1415	16759
1416	16837
1417	16894
1418	16952
1419	17004
1420	17077
1421	17160
1422	17235
1423	17294
1424	17353
1425	17413
1426	17487
1427	17579
1428	17657
1429	17731
1430	17810
1431	17867
1432	17913
1433	17969
1434	18056
1435	18117
1436	18199
1437	18266
1438	18320
1439	18371
1440	18454
1441	18546
1442	18636
1443	18705
1444	18781
1445	18851
1446	18913
1447	18982
1448	19066
1449	19151
1450	19250
1451	19326
1452	19368
1453	19435
1454	19523
1455	19618
1456	19722
1457	19818
1458	19904
1459	19980
1460	20046
1461	20137
1462	20231
1463	20336
1464	20458
1465	20566
1466	20650
1467	20728
1468	20823
1469	20930
1470	21026
1471	21093
1472	21178
1473	21258
1474	21328
1475	21427
1476	21539
1477	21634
1478	21721
1479	21802
1480	21858
1481	21910
1482	21980
1483	22059
1484	22133
1485	22225
1486	22318
1487	22394
1488	22470
1489	22570
1490	22683
1491	22795
1492	22897
1493	22995
1494	23066
1495	23144
1496	23233
1497	23323
1498	23417
1499	23522
1500	23619
1501	23700
1502	23765
1503	23858
1504	23978
1505	24086
1506	24188
1507	24278
1508	24350
1509	24418
1510	24490
1511	24616
1512	24697
1513	24799
1514	24895
1515	24967
1516	25040
1517	25142
1518	25246
1519	25351
1520	25467
1521	25558
1522	25639
1523	25730
1524	25815
1525	25933
1526	26087
1527	26203
1528	26314
1529	26399
1530	26487
1531	26608
1532	26711
1533	26807
1534	26907
1535	27030
1536	27108
1537	27189
1538	27307
1539	27407
1540	27506
1541	27637
1542	27740
1543	27858
1544	27936
1545	28043
1546	28174
1547	28315
1548	28408
1549	28534
1550	28609
1551	28694
1552	28809
1553	28919
1554	29032
1555	29176
1556	29290
1557	29360
1558	29437
1559	29560
1560	29664
1561	29786
1562	29894
1563	29999
1564	30083
1565	30179
1566	30281
1567	30400
1568	30513
1569	30635
1570	30750
1571	30841
1572	30939
1573	31058
1574	31176
1575	31303
1576	31424
1577	31528
1578	31619
1579	31705
1580	31816
1581	31954
1582	32090
1583	32224
1584	32377
1585	32470
1586	32550
1587	32692
1588	32824
1589	32918
1590	33042
1591	33139
1592	33231
1593	33338
1594	33447
1595	33550
1596	33661
1597	33789
1598	33905
1599	33989
1600	34058
1601	34184
1602	34315
1603	34467
1604	34620
1605	34880
1606	35051
1607	35169
1608	35287
1609	35423
1610	35546
1611	35693
1612	35790
1613	35879
1614	35961
1615	36084
1616	36218
1617	36336
1618	36469
1619	36582
1620	36680
1621	36772
1622	36893
1623	37042
1624	37192
1625	37370
1626	37555
1627	37692
1628	37823
1629	38008
1630	38186
1631	38346
1632	38508
1633	38651
1634	38747
1635	38875
1636	39053
1637	39267
1638	39441
1639	39593
1640	39746
1641	39881
1642	40023
1643	40175
1644	40356
1645	40531
1646	40701
1647	40870
1648	41032
1649	41155
1650	41332
1651	41530
1652	41700
1653	41885
1654	42081
1655	42219
1656	42351
1657	42535
1658	42716
1659	42916
1660	43095
1661	43279
1662	43460
1663	43583
1664	43759
1665	43935
1666	44127
1667	44316
1668	44490
1669	44608
1670	44789
1671	44983
1672	45198
1673	45393
1674	45567
1675	45735
1676	45871
1677	46017
1678	46210
1679	46447
1680	46673
1681	46835
1682	47042
1683	47208
1684	47335
1685	47527
1686	47724
1687	47860
1688	47986
1689	48110
1690	48211
1691	48306
1692	48431
1693	48564
1694	48716
1695	48870
1696	48985
1697	49081
1698	49187
1699	49298
1700	49437
1701	49587
1702	49734
1703	49886
1704	49985
1705	50065
1706	50174
1707	50311
1708	50429
1709	50558
1710	50681
1711	50780
1712	50883
1713	51020
1714	51139
1715	51250
1716	51374
1717	51511
1718	51597
1719	51706
1720	51853
1721	52033
1722	52199
1723	52487
1724	52706
1725	52841
1726	53028
1727	53234
1728	53426
1729	53668
1730	53901
1731	54115
1732	54265
1733	54437
1734	54628
1735	54783
1736	54901
1737	55039
1738	55180
1739	55270
1740	55378
1741	55514
1742	55679
1743	55805
1744	55988
1745	56200
1746	56362
1747	56530
1748	56748
1749	56930
1750	57121
1751	57291
1752	57460
1753	57582
1754	57739
1755	57929
1756	58129
1757	58347
1758	58553
1759	58743
1760	58886
1761	59022
1762	59200
1763	59349
1764	59496
1765	59609
1766	59755
1767	59824
1768	59909
1769	60010
1770	60091
1771	60243
1772	60409
1773	60598
1774	60758
1775	60892
1776	60972
1777	61038
1778	61155
1779	61312
1780	61431
1781	61511
1782	61614
1783	61775
1784	62006
1785	62238
1786	62479
1787	62696
1788	62792
1789	62886
1790	63034
1791	63173
1792	63313
1793	63457
1794	63616
1795	63755
1796	63886
1797	64061
1798	64245
1799	64453
1800	64660
1801	64825
1802	64984
1803	65096
1804	65284
1805	65474
1806	65689
1807	65901
1808	66098
1809	66289
1810	66471
1811	66696
1812	66906
1813	67144
1814	67366
1815	67614
1816	67796
1817	67963
1818	68158
1819	68400
1820	68637
1821	68877
1822	69116
1823	69305
1824	69501
1825	69769
1826	70083
1827	70315
1828	70588
1829	70935
1830	71173
1831	71411
1832	71653
1833	71968
1834	72262
1835	72549
1836	72839
1837	73044
1838	73275
1839	73572
1840	73796
1841	74039
1842	74327
1843	74816
1844	75123
1845	75351
1846	75613
1847	75932
1848	76205
1849	76442
1850	76698
1851	76932
1852	77165
1853	77428
1854	77699
1855	77994
1856	78284
1857	78529
1858	78720
1859	78810
1860	78921
1861	79146
1862	79399
1863	79652
1864	79893
1865	80056
1866	80225
1867	80421
1868	80679
1869	80931
1870	81142
1871	81396
1872	81588
1873	81791
1874	82011
1875	82238
1876	82493
1877	82747
1878	82967
1879	83146
1880	83340
1881	83555
1882	83843
1883	84083
1884	84344
1885	84595
1886	84764
1887	84955
1888	85206
1889	85475
1890	85656
1891	85820
1892	85977
1893	86138
1894	86362
1895	86707
1896	87002
1897	87270
1898	87541
1899	87823
1900	88037
1901	88236
1902	88503
1903	88816
1904	89137
1905	89461
1906	89763
1907	89989
1908	90200
1909	90547
1910	90860
1911	91174
1912	91461
1913	91745
1914	91972
1915	92206
1916	92458
1917	92701
1918	92912
1919	93135
1920	93364
1921	93578
1922	93813
1923	94130
1924	94489
1925	94816
1926	95156
1927	95355
1928	95481
1929	95613
1930	95803
1931	96122
1932	96424
1933	96749
1934	97118
1935	97331
1936	97576
1937	97879
1938	98177
1939	98512
1940	98848
1941	99142
1942	99329
1943	99522
1944	99846
1945	100179
1946	100511
1947	100861
1948	101187
1949	101408
1950	101633
1951	101925
1952	102255
1953	102549
1954	102901
1955	103252
1956	103459
1957	103687
1958	103996
1959	104358
1960	104717
1961	104996
1962	105349
1963	105608
1964	105879
1965	106258
1966	106639
1967	107009
1968	107343
1969	107642
1970	107879
1971	108186
1972	108571
1973	108934
1974	109328
1975	109683
1976	109900
1977	110122
1978	110376
1979	110731
1980	111136
1981	111517
1982	111895
1983	112227
1984	112552
1985	112818
1986	113173
1987	113557
1988	113911
1989	114325
1990	114710
1991	114979
1992	115203
1993	115594
1994	115944
1995	116321
1996	116706
1997	117034
1998	117304
1999	117608
2000	117903
2001	118108
2002	118545
2003	118922
2004	119314
2005	119602
2006	119873
2007	120271
2008	120696
2009	121131
2010	121530
2011	121918
2012	122235
2013	122511
2014	122872
2015	123288
2016	123679
2017	124055
2018	124360
2019	124575
2020	124857
2021	125171
2022	125507
2023	125861
2024	126275
2025	126641
2026	126871
2027	127104
2028	127436
2029	127778
2030	128122
2031	128462
2032	128783
2033	128929
2034	129071
2035	129281
2036	129516
2037	129836
2038	130190
2039	130637
2040	131041
2041	131341
2042	131697
2043	132067
2044	132477
2045	132877
2046	133231
2047	133542
2048	133915
2049	134316
2050	134653
2051	134949
2052	135299
2053	135623
2054	135849
2055	136093
2056	136481
2057	136821
2058	137214
2059	137588
2060	137971
2061	138243
2062	138552
2063	138942
2064	139351
2065	139744
2066	140138
2067	140468
2068	140802
2069	141111
2070	141534
2071	141972
2072	142377
2073	142813
2074	143241
2075	143484
2076	143832
2077	144311
2078	144773
2079	145176
2080	145569
2081	145921
2082	146281
2083	146605
2084	147200
2085	147687
2086	148175
2087	148585
2088	148977
2089	149312
2090	149659
2091	150058
2092	150529
2093	151016
2094	151445
2095	151909
2096	152245
2097	152612
2098	153075
2099	153541
2100	153968
2101	154444
2102	154877
2103	155192
2104	155536
2105	155998
2106	156434
2107	156853
2108	157232
2109	157556
2110	157818
2111	158085
2112	158493
2113	158901
2114	159326
2115	159780
2116	160156
2117	160445
2118	160781
2119	161214
2120	161654
2121	162122
2122	162542
2123	162888
2124	163175
2125	163515
2126	163930
2127	164364
2128	164804
2129	165217
2130	165702
2131	165999
2132	166335
2133	166733
2134	167073
2135	167335
2136	167668
2137	168025
2138	168334
2139	168630
2140	169097
2141	169439
2142	169662
2143	170051
2144	170481
2145	170776
2146	171125
2147	171526
2148	171968
2149	172432
2150	172862
2151	173303
2152	173672
2153	174037
2154	174516
2155	175028
2156	175495
2157	176027
2158	176463
2159	176822
2160	177205
2161	177658
2162	178185
2163	178644
2164	179097
2165	179541
2166	179884
2167	180262
2168	180623
2169	180874
2170	181464
2171	182112
2172	182504
2173	182823
2174	183149
2175	183578
2176	184051
2177	184694
2178	185360
2179	185876
2180	186248
2181	186632
2182	187130
2183	187565
2184	188196
2185	188843
2186	189338
2187	189663
2188	189984
2189	190452
2190	190956
2191	191471
2192	191983
2193	192507
2194	192889
2195	193273
2196	193808
2197	194335
2198	195016
2199	195751
2200	196366
2201	196780
2202	197177
2203	197685
2204	198290
2205	199043
2206	199534
2207	200035
2208	200391
2209	200726
2210	201221
2211	201754
2212	202295
2213	202797
2214	203307
2215	203676
2216	204049
2217	204658
2218	205225
2219	205759
2220	206277
2221	206776
2222	207168
2223	207579
2224	208076
2225	208602
2226	209137
2227	209659
2228	210187
2229	210570
2230	210924
2231	211321
2232	211833
2233	212282
2234	212806
2235	213276
2236	213626
2237	213980
2238	214485
2239	215087
2240	215644
2241	216161
2242	216635
2243	216976
2244	217406
2245	217767
2246	218075
2247	218564
2248	218989
2249	219412
2250	219673
2251	219985
2252	220436
2253	220902
2254	221438
2255	221948
2256	222407
2257	222767
2258	223144
2259	223638
2260	224158
2261	224583
2262	225039
2263	225404
2264	225613
2265	225917
2266	226302
2267	226748
2268	227188
2269	227639
2270	228066
2271	228363
2272	228657
2273	229124
2274	229630
2275	230180
2276	230486
2277	230750
2278	230952
2279	231256
2280	231666
2281	232076
2282	232412
2283	232819
2284	233150
2285	233372
2286	233675
2287	234133
2288	234463
2289	234758
2290	235104
2291	235438
2292	235699
2293	235910
2294	236229
2295	236563
2296	236910
2297	237277
2298	237575
2299	237830
2300	238117
2301	238453
2302	238812
2303	239182
2304	239551
2305	239918
2306	240123
2307	240394
2308	240734
2309	241105
2310	241448
2311	241813
2312	242158
2313	242405
2314	242646
2315	242979
2316	243458
2317	243800
2318	244185
2319	244491
2320	244702
2321	244959
2322	245320
2323	245668
2324	246047
2325	246367
2326	246621
2327	246815
2328	246999
2329	247351
2330	247683
2331	247990
2332	248304
2333	248603
2334	248834
2335	249069
2336	249384
2337	249736
2338	250094
2339	250425
2340	250764
2341	250976
2342	251204
2343	251492
2344	251874
2345	252230
2346	252576
2347	252921
2348	253144
2349	253366
2350	253719
2351	254076
2352	254432
2353	254744
2354	255086
2355	255289
2356	255524
2357	255850
2358	256224
2359	256544
2360	256860
2361	257152
2362	257357
2363	257615
2364	257947
2365	258312
2366	258670
2367	259008
2368	259299
2369	259534
2370	259791
2371	260116
2372	260468
2373	260778
2374	261165
2375	261489
2376	261726
2377	261974
2378	262249
2379	262595
2380	262933
2381	263289
2382	263589
2383	263788
2384	263951
2385	264143
2386	264356
2387	264585
2388	264806
2389	265034
2390	265200
2391	265400
2392	265650
2393	265873
2394	266122
2395	266367
2396	266621
2397	266803
2398	266961
2399	267247
2400	267616
2401	267988
2402	268380
2403	268734
2404	268957
2405	269183
2406	269543
2407	269929
2408	270328
2409	270727
2410	271112
2411	271386
2412	271642
2413	272035
2414	272427
2415	272785
2416	273167
2417	273557
2418	273815
2419	274052
2420	274434
2421	274801
2422	275164
2423	275533
2424	275917
2425	276157
2426	276429
2427	276815
2428	277189
2429	277581
2430	277964
2431	278313
2432	278605
2433	278850
2434	279206
2435	279663
2436	280064
2437	280448
2438	280845
2439	281103
2440	281355
2441	281747
2442	282162
2443	282579
2444	282965
2445	283347
2446	283621
2447	283885
2448	284289
2449	284683
2450	285067
2451	285356
2452	285629
2453	285841
2454	286046
2455	286433
2456	286888
2457	287366
2458	287903
2459	288424
2460	288743
2461	289117
2462	289616
2463	290131
2464	290602
2465	290974
2466	291335
2467	291606
2468	291897
2469	292266
2470	292644
2471	293023
2472	293381
2473	293647
2474	293885
2475	294155
2476	294556
2477	294953
2478	295374
2479	295797
2480	296126
2481	296421
2482	296695
2483	297108
2484	297524
2485	297962
2486	298388
2487	298841
2488	299143
2489	299401
2490	299834
2491	300280
2492	300857
2493	301448
2494	302041
2495	302429
2496	302886
2497	303449
2498	303966
2499	304288
2500	304527
2501	304788
2502	305038
2503	305317
2504	305654
2505	306050
2506	306361
2507	306584
2508	306943
2509	307220
2510	307582
2511	308069
2512	308526
2513	309007
2514	309455
2515	309898
2516	310196
2517	310644
2518	311271
2519	311943
2520	312646
2521	313344
2522	314011
2523	314395
2524	314746
2525	315208
2526	315714
2527	316278
2528	316813
2529	317346
2530	317663
2531	318024
2532	318481
2533	319031
2534	319543
2535	320258
2536	320756
2537	321096
2538	321420
2539	321927
2540	322449
2541	323063
2542	323755
2543	324361
2544	324728
2545	325076
2546	325567
2547	326107
2548	326694
2549	327326
2550	327814
2551	328100
2552	328454
2553	328932
2554	329396
2555	329849
2556	330366
2557	330921
2558	331387
2559	331796
2560	332254
2561	332876
2562	333401
2563	333954
2564	334560
2565	334930
2566	335259
2567	335753
2568	336300
2569	336922
2570	337452
2571	337939
2572	338231
2573	338572
2574	339095
2575	339673
2576	340304
2577	340951
2578	341559
2579	341996
2580	342513
2581	343245
2582	344026
2583	344694
2584	345262
2585	345790
2586	346159
2587	346519
2588	347104
2589	347692
2590	348307
2591	349054
2592	349630
2593	349982
2594	350334
2595	350930
2596	351524
2597	352291
2598	353036
2599	353566
2600	353908
2601	354262
2602	354711
2603	355257
2604	355860
2605	356431
2606	357004
2607	357393
2608	357780
2609	358342
2610	358977
2611	359529
2612	360145
2613	360611
2614	360944
2615	361317
2616	361868
2617	362378
2618	363004
2619	363597
2620	364075
2621	364412
2622	364814
2623	365345
2624	366067
2625	366589
2626	367141
2627	367562
2628	367918
2629	368276
2630	368893
2631	369463
2632	370053
2633	370618
2634	371285
2635	371727
2636	372217
2637	372859
2638	373704
2639	374441
2640	375035
2641	375546
2642	375906
2643	376322
2644	376868
2645	377477
2646	377992
2647	378535
2648	379015
2649	379349
2650	379725
2651	380157
2652	380643
2653	381207
2654	381886
2655	382603
2656	382937
2657	383351
2658	383858
2659	384406
2660	384998
2661	385529
2662	386000
2663	386296
2664	386608
2665	387154
2666	387937
2667	388600
2668	389186
2669	389734
2670	390059
2671	390428
2672	390976
2673	391650
2674	392302
2675	393002
2676	394031
2677	394431
2678	394926
2679	395614
2680	396355
2681	397092
2682	397781
2683	398336
2684	398662
2685	398979
2686	399489
2687	400071
2688	400574
2689	401156
2690	401458
2691	401598
2692	401820
2693	402117
2694	402539
2695	402984
2696	403388
2697	403775
2698	404066
2699	404329
2700	404749
2701	405181
2702	405614
2703	406041
2704	406460
2705	406694
2706	406983
2707	407407
2708	407939
2709	408387
2710	408989
2711	409675
2712	410121
2713	410450
2714	410909
2715	411371
2716	411860
2717	412340
2718	412606
2719	412904
2720	413206
2721	413649
2722	414135
2723	414614
2724	415066
2725	415460
2726	415727
2727	416061
2728	416529
2729	417006
2730	417902
2731	418932
2732	419698
2733	436806
2734	451976
2735	472972
2736	473494
2737	473982
2738	474474
2739	474897
2740	475220
2741	475593
2742	476091
2743	476655
2744	477234
2745	477739
2746	478233
2747	478523
2748	478852
2749	479153
2750	479634
2751	480144
2752	480684
2753	481216
2754	481583
2755	482299
2756	482820
2757	483435
2758	484048
2759	484618
2760	485114
2761	485453
2762	485840
2763	486405
2764	486960
2765	487490
2766	488036
2767	488566
2768	488893
2769	489409
2770	489991
2771	490491
2772	491052
2773	491526
2774	492056
2775	492405
2776	492772
2777	493290
2778	493861
2779	494403
2780	494938
2781	495551
2782	496058
2783	496631
2784	497540
2785	498256
2786	498573
2787	498900
2788	499126
2789	499246
2790	499435
2791	499692
2792	500096
2793	500569
2794	501124
2795	501506
2796	501646
2797	501762
2798	501980
2799	502325
2800	502865
2801	503424
2802	503802
2803	503943
2804	504071
2805	504322
2806	504587
2807	504893
2808	505135
2809	505325
2810	505456
2811	505563
2812	505774
2813	506061
2814	506363
2815	506734
2816	507070
2817	507196
2818	507310
2819	507652
2820	508108
2821	508379
2822	508654
2823	508868
2824	508996
2825	509128
2826	509310
2827	509670
2828	510001
2829	510315
2830	510520
2831	510760
2832	510944
2833	511305
2834	511612
2835	511854
2836	512188
2837	512490
2838	512827
2839	513185
2840	513695
2841	514210
2842	514705
2843	515014
2844	515499
2845	515914
2846	516301
2847	516575
2848	516891
2849	517405
2850	517666
2851	517868
2852	518008
2853	518117
2854	518302
2855	518508
2856	518711
2857	518904
2858	519061
2859	519169
2860	519280
2861	519459
2862	519651
2863	519804
2864	519928
2865	520021
2866	520120
2867	520229
2868	520414
2869	520629
2870	520827
2871	520960
2872	521053
2873	521202
2874	521350
2875	521575
2876	521803
2877	522026
2878	522533
2879	522775
2880	522909
2881	523074
2882	523332
2883	523559
2884	523824
2885	524048
2886	524228
