1	1
2	1
3	1
4	1
5	1
6	1
7	1
8	1
9	1
10	1
11	1
12	1
13	1
14	1
15	1
16	1
17	1
18	1
19	1
20	1
21	1
22	1
23	1
24	1
25	1
26	1
27	1
28	1
29	1
30	1
31	1
32	1
33	1
34	1
35	1
36	1
37	1
38	1
39	1
40	1
41	1
42	1
43	1
44	1
45	1
46	1
47	1
48	1
49	1
50	1
51	1
52	1
53	1
54	1
55	1
56	1
57	1
58	1
59	1
60	1
61	1
62	1
63	1
64	1
65	1
66	1
67	1
68	1
69	1
70	1
71	1
72	1
73	1
74	1
75	1
76	1
77	1
78	1
79	1
80	1
81	1
82	1
83	1
84	1
85	1
86	1
87	1
88	1
89	1
90	1
91	1
92	1
93	1
94	1
95	1
96	1
97	1
98	1
99	1
100	1
101	1
102	1
103	1
104	1
105	1
106	1
107	1
108	1
109	1
110	1
111	1
112	1
113	1
114	1
115	1
116	1
117	2
118	2
119	2
120	2
121	2
122	2
123	2
124	3
125	3
126	3
127	3
128	3
129	3
130	3
131	3
132	3
133	3
134	3
135	3
136	3
137	3
138	3
139	3
140	3
141	3
142	3
143	3
144	3
145	3
146	3
147	3
148	3
149	3
150	3
151	3
152	3
153	3
154	3
155	4
156	4
157	4
158	4
159	4
160	4
161	4
162	4
163	4
164	4
165	4
166	4
167	4
168	4
169	4
170	4
171	4
172	4
173	4
174	4
175	4
176	4
177	4
178	4
179	4
180	4
181	4
182	4
183	4
184	4
185	4
186	4
187	4
188	4
189	4
190	4
191	4
192	4
193	4
194	4
195	4
196	5
197	5
198	5
199	5
200	5
201	5
202	5
203	5
204	5
205	5
206	5
207	5
208	5
209	5
210	5
211	5
212	5
213	5
214	5
215	5
216	5
217	5
218	5
219	5
220	5
221	5
222	5
223	5
224	5
225	5
226	5
227	5
228	5
229	5
230	5
231	5
232	5
233	5
234	5
235	5
236	5
237	5
238	5
239	5
240	5
241	5
242	5
243	5
244	5
245	5
246	5
247	5
248	5
249	5
250	5
251	5
252	5
253	5
254	5
255	5
256	5
257	5
258	5
259	5
260	5
261	5
262	5
263	5
264	5
265	5
266	5
267	5
268	5
269	5
270	5
271	5
272	5
273	6
274	6
275	6
276	6
277	6
278	6
279	6
280	6
281	6
282	6
283	6
284	6
285	6
286	6
287	6
288	6
289	6
290	6
291	6
292	6
293	6
294	6
295	6
296	6
297	6
298	6
299	6
300	6
301	6
302	6
303	6
304	6
305	6
306	6
307	6
308	6
309	6
310	6
311	6
312	6
313	6
314	6
315	6
316	6
317	6
318	6
319	6
320	6
321	6
322	6
323	6
324	6
325	6
326	6
327	6
328	6
329	6
330	7
331	7
332	7
333	7
334	7
335	7
336	7
337	7
338	7
339	7
340	7
341	7
342	7
343	7
344	7
345	7
346	7
347	7
348	7
349	7
350	7
351	7
352	7
353	7
354	7
355	7
356	7
357	7
358	7
359	7
360	7
361	7
362	7
363	7
364	7
365	7
366	7
367	7
368	7
369	7
370	7
371	7
372	7
373	7
374	7
375	7
376	7
377	7
378	7
379	7
380	7
381	7
382	7
383	7
384	7
385	7
386	7
387	7
388	7
389	7
390	7
391	7
392	7
393	7
394	7
395	7
396	7
397	7
398	7
399	7
400	7
401	7
402	7
403	7
404	7
405	7
406	7
407	7
408	7
409	7
410	7
411	7
412	7
413	7
414	7
415	7
416	7
417	7
418	7
419	7
420	7
421	7
422	7
423	7
424	7
425	7
426	7
427	7
428	7
429	7
430	7
431	7
432	7
433	7
434	7
435	7
436	7
437	7
438	7
439	7
440	7
441	7
442	7
443	7
444	7
445	7
446	7
447	7
448	7
449	7
450	7
451	7
452	7
453	7
454	7
455	7
456	7
457	7
458	7
459	7
460	7
461	7
462	7
463	7
464	7
465	7
466	7
467	7
468	7
469	7
470	7
471	7
472	7
473	7
474	7
475	7
476	7
477	7
478	7
479	7
480	7
481	7
482	7
483	7
484	7
485	7
486	7
487	7
488	7
489	7
490	7
491	7
492	7
493	7
494	7
495	7
496	7
497	7
498	7
499	7
500	7
501	7
502	7
503	7
504	8
505	8
506	8
507	8
508	8
509	8
510	8
511	8
512	8
513	8
514	8
515	8
516	8
517	8
518	8
519	8
520	8
521	8
522	8
523	8
524	9
525	9
526	9
527	9
528	9
529	9
530	11
531	13
532	17
533	17
534	24
535	26
536	28
537	32
538	38
539	41
540	43
541	45
542	50
543	56
544	60
545	62
546	63
547	65
548	65
549	67
550	68
551	70
552	70
553	70
554	72
555	74
556	75
557	78
558	78
559	78
560	80
561	81
562	84
563	84
564	85
565	87
566	88
567	89
568	90
569	91
570	92
571	93
572	96
573	96
574	97
575	97
576	98
577	99
578	99
579	101
580	101
581	101
582	102
583	102
584	103
585	104
586	106
587	107
588	108
589	108
590	111
591	111
592	111
593	111
594	111
595	114
596	116
597	118
598	119
599	120
600	120
601	123
602	123
603	124
604	124
605	124
606	126
607	126
608	126
609	126
610	126
611	127
612	127
613	127
614	127
615	128
616	128
617	129
618	130
619	130
620	130
621	131
622	132
623	132
624	133
625	133
626	134
627	134
628	134
629	134
630	135
631	135
632	135
633	135
634	135
635	136
636	137
637	137
638	138
639	138
640	138
641	138
642	138
643	141
644	143
645	143
646	144
647	145
648	145
649	145
650	146
651	146
652	146
653	147
654	148
655	148
656	148
657	148
658	149
659	151
660	153
661	153
662	153
663	153
664	153
665	154
666	155
667	155
668	155
669	156
670	156
671	156
672	156
673	156
674	158
675	160
676	161
677	164
678	164
679	164
680	164
681	164
682	164
683	165
684	166
685	167
686	167
687	167
688	167
689	167
690	167
691	167
692	167
693	167
694	167
695	168
696	168
697	171
698	172
699	174
700	176
701	176
702	177
703	178
704	179
705	179
706	179
707	179
708	179
709	181
710	183
711	183
712	185
713	187
714	187
715	187
716	187
717	188
718	190
719	190
720	190
721	190
722	190
723	190
724	190
725	191
726	192
727	193
728	193
729	194
730	195
731	195
732	195
733	196
734	198
735	200
736	200
737	200
738	204
739	204
740	205
741	205
742	205
743	205
744	205
745	205
746	205
747	205
748	206
749	208
750	209
751	210
752	210
753	212
754	215
755	216
756	216
757	216
758	218
759	219
760	220
761	223
762	224
763	224
764	224
765	225
766	226
767	227
768	227
769	227
770	227
771	229
772	231
773	234
774	234
775	234
776	234
777	234
778	235
779	236
780	236
781	237
782	237
783	237
784	237
785	238
786	239
787	240
788	240
789	242
790	244
791	249
792	250
793	250
794	250
795	253
796	255
797	256
798	258
799	258
800	258
801	258
802	258
803	259
804	259
805	260
806	263
807	263
808	265
809	268
810	271
811	272
812	272
813	273
814	275
815	277
816	277
817	277
818	277
819	277
820	278
821	282
822	283
823	283
824	283
825	283
826	283
827	286
828	286
829	288
830	288
831	289
832	290
833	290
834	290
835	293
836	294
837	294
838	294
839	296
840	296
841	298
842	301
843	303
844	303
845	303
846	303
847	303
848	305
849	305
850	305
851	305
852	308
853	309
854	309
855	310
856	311
857	315
858	316
859	316
860	316
861	316
862	317
863	317
864	318
865	321
866	324
867	325
868	325
869	325
870	327
871	327
872	328
873	329
874	330
875	331
876	336
877	338
878	341
879	341
880	341
881	341
882	343
883	346
884	348
885	349
886	351
887	352
888	355
889	357
890	361
891	365
892	365
893	366
894	368
895	368
896	368
897	368
898	369
899	374
900	376
901	377
902	379
903	380
904	383
905	386
906	388
907	390
908	393
909	394
910	394
911	395
912	398
913	400
914	401
915	402
916	402
917	402
918	403
919	403
920	406
921	409
922	411
923	417
924	418
925	419
926	423
927	426
928	428
929	429
930	431
931	431
932	434
933	437
934	438
935	439
936	440
937	440
938	441
939	441
940	441
941	445
942	445
943	450
944	451
945	453
946	453
947	454
948	455
949	459
950	461
951	463
952	467
953	469
954	471
955	473
956	477
957	479
958	483
959	487
960	489
961	489
962	491
963	495
964	498
965	501
966	503
967	504
968	506
969	507
970	507
971	511
972	513
973	516
974	516
975	518
976	519
977	521
978	521
979	523
980	525
981	527
982	528
983	528
984	531
985	531
986	532
987	532
988	536
989	537
990	540
991	542
992	542
993	542
994	547
995	549
996	549
997	550
998	552
999	553
1000	553
1001	554
1002	556
1003	557
1004	559
1005	559
1006	559
1007	560
1008	562
1009	563
1010	565
1011	567
1012	569
1013	576
1014	578
1015	579
1016	585
1017	585
1018	589
1019	592
1020	592
1021	595
1022	596
1023	598
1024	599
1025	600
1026	600
1027	600
1028	600
1029	600
1030	601
1031	604
1032	606
1033	607
1034	608
1035	609
1036	610
1037	615
1038	620
1039	621
1040	624
1041	625
1042	627
1043	628
1044	629
1045	632
1046	640
1047	640
1048	644
1049	646
1050	650
1051	653
1052	656
1053	656
1054	661
1055	663
1056	664
1057	674
1058	675
1059	677
1060	677
1061	678
1062	685
1063	691
1064	691
1065	693
1066	696
1067	699
1068	707
1069	711
1070	713
1071	722
1072	725
1073	728
1074	730
1075	734
1076	736
1077	738
1078	739
1079	743
1080	746
1081	750
1082	753
1083	755
1084	756
1085	759
1086	760
1087	761
1088	764
1089	770
1090	775
1091	783
1092	788
1093	789
1094	791
1095	794
1096	802
1097	807
1098	812
1099	815
1100	819
1101	827
1102	829
1103	832
1104	838
1105	844
1106	847
1107	852
1108	856
1109	858
1110	862
1111	866
1112	870
1113	875
1114	885
1115	889
1116	890
1117	891
1118	897
1119	902
1120	913
1121	914
1122	919
1123	923
1124	933
1125	937
1126	941
1127	943
1128	947
1129	952
1130	959
1131	961
1132	967
1133	971
1134	972
1135	975
1136	978
1137	981
1138	984
1139	987
1140	995
1141	1003
1142	1003
1143	1005
1144	1010
1145	1013
1146	1013
1147	1013
1148	1016
1149	1019
1150	1021
1151	1028
1152	1033
1153	1037
1154	1038
1155	1040
1156	1043
1157	1048
1158	1051
1159	1056
1160	1068
1161	1070
1162	1075
1163	1077
1164	1078
1165	1078
1166	1082
1167	1086
1168	1088
1169	1091
1170	1094
1171	1095
1172	1095
1173	1096
1174	1098
1175	1100
1176	1105
1177	1107
1178	1109
1179	1112
1180	1115
1181	1118
1182	1118
1183	1122
1184	1125
1185	1128
1186	1130
1187	1136
1188	1138
1189	1143
1190	1146
1191	1147
1192	1148
1193	1150
1194	1151
1195	1156
1196	1160
1197	1165
1198	1169
1199	1172
1200	1178
1201	1181
1202	1185
1203	1187
1204	1192
1205	1194
1206	1195
1207	1202
1208	1203
1209	1208
1210	1210
1211	1214
1212	1215
1213	1218
1214	1220
1215	1220
1216	1223
1217	1226
1218	1230
1219	1234
1220	1237
1221	1240
1222	1241
1223	1241
1224	1246
1225	1255
1226	1256
1227	1258
1228	1262
1229	1264
1230	1267
1231	1269
1232	1272
1233	1276
1234	1281
1235	1286
1236	1293
1237	1297
1238	1300
1239	1306
1240	1312
1241	1316
1242	1322
1243	1325
1244	1331
1245	1335
1246	1337
1247	1339
1248	1342
1249	1344
1250	1353
1251	1358
1252	1362
1253	1368
1254	1377
1255	1384
1256	1390
1257	1392
1258	1397
1259	1403
1260	1407
1261	1410
1262	1416
1263	1421
1264	1424
1265	1432
1266	1436
1267	1438
1268	1444
1269	1447
1270	1453
1271	1461
1272	1470
1273	1477
1274	1481
1275	1482
1276	1482
1277	1487
1278	1491
1279	1495
1280	1499
1281	1503
1282	1508
1283	1515
1284	1520
1285	1525
1286	1533
1287	1537
1288	1546
1289	1551
1290	1556
1291	1564
1292	1569
1293	1576
1294	1579
1295	1581
1296	1586
1297	1594
1298	1598
1299	1608
1300	1613
1301	1616
1302	1621
1303	1624
1304	1624
1305	1635
1306	1642
1307	1647
1308	1652
1309	1657
1310	1660
1311	1665
1312	1672
1313	1676
1314	1685
1315	1692
1316	1697
1317	1704
1318	1711
1319	1722
1320	1728
1321	1735
1322	1736
1323	1745
1324	1751
1325	1755
1326	1759
1327	1767
1328	1772
1329	1784
1330	1791
1331	1793
1332	1801
1333	1811
1334	1819
1335	1828
1336	1834
1337	1838
1338	1846
1339	1851
1340	1864
1341	1874
1342	1880
1343	1885
1344	1894
1345	1904
1346	1909
1347	1914
1348	1918
1349	1925
1350	1935
1351	1941
1352	1946
1353	1952
1354	1958
1355	1963
1356	1972
1357	1982
1358	1994
1359	1999
1360	2008
1361	2014
1362	2023
1363	2032
1364	2042
1365	2050
1366	2060
1367	2073
1368	2077
1369	2090
1370	2103
1371	2108
1372	2117
1373	2131
1374	2139
1375	2150
1376	2160
1377	2170
1378	2183
1379	2193
1380	2201
1381	2204
1382	2214
1383	2221
1384	2225
1385	2230
1386	2233
1387	2240
1388	2262
1389	2274
1390	2288
1391	2303
1392	2315
1393	2327
1394	2336
1395	2341
1396	2353
1397	2367
1398	2384
1399	2402
1400	2420
1401	2437
1402	2447
1403	2455
1404	2477
1405	2491
1406	2508
1407	2522
1408	2535
1409	2545
1410	2553
1411	2567
1412	2577
1413	2589
1414	2600
1415	2612
1416	2635
1417	2650
1418	2667
1419	2682
1420	2708
1421	2720
1422	2735
1423	2741
1424	2757
1425	2775
1426	2787
1427	2814
1428	2825
1429	2839
1430	2850
1431	2863
1432	2873
1433	2885
1434	2898
1435	2922
1436	2932
1437	2943
1438	2958
1439	2977
1440	2988
1441	3001
1442	3012
1443	3022
1444	3033
1445	3039
1446	3051
1447	3064
1448	3086
1449	3093
1450	3100
1451	3114
1452	3137
1453	3153
1454	3172
1455	3194
1456	3227
1457	3236
1458	3245
1459	3258
1460	3277
1461	3290
1462	3309
1463	3320
1464	3335
1465	3351
1466	3383
1467	3389
1468	3411
1469	3423
1470	3439
1471	3452
1472	3465
1473	3478
1474	3493
1475	3509
1476	3524
1477	3533
1478	3546
1479	3561
1480	3574
1481	3602
1482	3622
1483	3647
1484	3663
1485	3680
1486	3691
1487	3699
1488	3717
1489	3729
1490	3745
1491	3760
1492	3786
1493	3796
1494	3811
1495	3828
1496	3854
1497	3892
1498	3905
1499	3934
1500	3952
1501	3967
1502	3983
1503	4001
1504	4017
1505	4036
1506	4053
1507	4075
1508	4094
1509	4116
1510	4139
1511	4158
1512	4183
1513	4199
1514	4214
1515	4226
1516	4247
1517	4263
1518	4279
1519	4302
1520	4318
1521	4333
1522	4348
1523	4377
1524	4390
1525	4421
1526	4445
1527	4466
1528	4489
1529	4513
1530	4533
1531	4561
1532	4585
1533	4603
1534	4614
1535	4645
1536	4669
1537	4695
1538	4723
1539	4753
1540	4798
1541	4819
1542	4842
1543	4883
1544	4914
1545	4956
1546	5000
1547	5043
1548	5079
1549	5115
1550	5153
1551	5180
1552	5216
1553	5263
1554	5291
1555	5316
1556	5348
1557	5394
1558	5430
1559	5466
1560	5517
1561	5546
1562	5570
1563	5599
1564	5655
1565	5701
1566	5737
1567	5787
1568	5842
1569	5892
1570	5925
1571	6004
1572	6058
1573	6154
1574	6227
1575	6277
1576	6328
1577	6387
1578	6444
1579	6492
1580	6527
1581	6571
1582	6612
1583	6663
1584	6686
1585	6721
1586	6767
1587	6786
1588	6805
1589	6824
1590	6842
1591	6863
1592	6888
1593	6920
1594	6950
1595	7008
1596	7037
1597	7055
1598	7080
1599	7105
1600	7137
1601	7160
1602	7188
1603	7212
1604	7229
1605	7239
1606	7257
1607	7274
1608	7291
1609	7304
1610	7329
1611	7349
1612	7360
1613	7392
1614	7412
1615	7440
1616	7483
1617	7507
1618	7528
1619	7563
1620	7593
1621	7627
1622	7664
1623	7702
1624	7748
1625	7782
1626	7818
1627	7852
1628	7885
1629	7934
1630	7980
1631	8010
1632	8055
1633	8095
1634	8143
1635	8172
1636	8199
1637	8225
1638	8248
1639	8276
1640	8294
1641	8321
1642	8345
1643	8370
1644	8400
1645	8444
1646	8479
1647	8516
1648	8568
1649	8618
1650	8653
1651	8692
1652	8735
1653	8761
1654	8790
1655	8830
1656	8891
1657	8926
1658	8960
1659	9008
1660	9051
1661	9094
1662	9152
1663	9192
1664	9223
1665	9256
1666	9290
1667	9313
1668	9326
1669	9345
1670	9362
1671	9397
1672	9443
1673	9486
1674	9520
1675	9542
1676	9565
1677	9580
1678	9597
1679	9636
1680	9658
1681	9688
1682	9724
1683	9759
1684	9814
1685	9882
1686	9928
1687	9963
1688	9982
1689	9999
1690	10032
1691	10056
1692	10083
1693	10113
1694	10155
1695	10174
1696	10197
1697	10225
1698	10252
1699	10289
1700	10322
1701	10353
1702	10372
1703	10398
1704	10423
1705	10466
1706	10496
1707	10530
1708	10565
1709	10596
1710	10624
1711	10689
1712	10740
1713	10790
1714	10823
1715	10862
1716	10894
1717	10922
1718	10955
1719	10992
1720	11028
1721	11056
1722	11085
1723	11119
1724	11165
1725	11237
1726	11297
1727	11360
1728	11425
1729	11485
1730	11527
1731	11578
1732	11625
1733	11692
1734	11754
1735	11805
1736	11855
1737	11888
1738	11925
1739	11999
1740	12041
1741	12083
1742	12114
1743	12152
1744	12185
1745	12234
1746	12327
1747	12418
1748	12483
1749	12555
1750	12636
1751	12694
1752	12760
1753	12828
1754	12898
1755	12967
1756	13053
1757	13131
1758	13190
1759	13217
1760	13270
1761	13353
1762	13457
1763	13556
1764	13615
1765	13664
1766	13717
1767	13791
1768	13864
1769	13910
1770	13953
1771	14017
1772	14082
1773	14133
1774	14198
1775	14267
1776	14329
1777	14392
1778	14446
1779	14488
1780	14537
1781	14609
1782	14686
1783	14756
1784	14822
1785	14901
1786	14948
1787	14987
1788	15058
1789	15128
1790	15174
1791	15231
1792	15303
1793	15353
1794	15422
1795	15499
1796	15560
1797	15650
1798	15741
1799	15807
1800	15865
1801	15924
1802	15999
1803	16076
1804	16165
1805	16242
1806	16314
1807	16378
1808	16450
1809	16536
1810	16645
1811	16725
1812	16826
1813	16900
1814	16966
1815	17047
1816	17161
1817	17219
1818	17289
1819	17350
1820	17427
1821	17496
1822	17616
1823	17722
1824	17803
1825	17904
1826	18017
1827	18078
1828	18127
1829	18192
1830	18264
1831	18359
1832	18451
1833	18572
1834	18676
1835	18750
1836	18837
1837	18912
1838	18986
1839	19074
1840	19159
1841	19237
1842	19308
1843	19393
1844	19501
1845	19607
1846	19697
1847	19785
1848	19873
1849	19933
1850	20019
1851	20105
1852	20212
1853	20309
1854	20385
1855	20520
1856	20608
1857	20684
1858	20780
1859	20899
1860	21006
1861	21108
1862	21210
1863	21280
1864	21379
1865	21489
1866	21605
1867	21699
1868	21795
1869	21894
1870	21953
1871	22017
1872	22110
1873	22208
1874	22324
1875	22407
1876	22474
1877	22532
1878	22594
1879	22701
1880	22819
1881	22925
1882	23040
1883	23176
1884	23284
1885	23395
1886	23582
1887	23778
1888	23919
1889	24045
1890	24160
1891	24251
1892	24358
1893	24471
1894	24603
1895	24711
1896	24849
1897	25000
1898	25132
1899	25235
1900	25356
1901	25444
1902	25589
1903	25696
1904	25827
1905	25914
1906	26008
1907	26144
1908	26313
1909	26452
1910	26590
1911	26704
1912	26815
1913	26914
1914	27021
1915	27146
1916	27304
1917	27456
1918	27584
1919	27691
1920	27804
1921	27914
1922	28042
1923	28169
1924	28297
1925	28424
1926	28511
1927	28612
1928	28736
1929	28858
1930	28994
1931	29145
1932	29279
1933	29337
1934	29395
1935	29474
1936	29561
1937	29661
1938	29755
1939	29867
1940	29966
1941	30072
1942	30191
1943	30329
1944	30463
1945	30582
1946	30692
1947	30781
1948	30906
1949	31033
1950	31151
1951	31267
1952	31364
1953	31467
1954	31570
1955	31661
1956	31769
1957	31888
1958	31983
1959	32119
1960	32225
1961	32316
1962	32413
1963	32534
1964	32666
1965	32804
1966	32918
1967	33044
1968	33112
1969	33221
1970	33370
1971	33511
1972	33764
1973	34000
1974	34155
1975	34270
1976	34421
1977	34590
1978	34763
1979	34924
1980	35065
1981	35207
1982	35306
1983	35406
1984	35527
1985	35670
1986	35840
1987	35986
1988	36124
1989	36226
1990	36322
1991	36532
1992	36740
1993	36914
1994	37103
1995	37309
1996	37449
1997	37583
1998	37737
1999	37968
2000	38160
2001	38375
2002	38541
2003	38692
2004	38818
2005	38999
2006	39170
2007	39334
2008	39487
2009	39606
2010	39700
2011	39805
2012	39988
2013	40175
2014	40358
2015	40503
2016	40656
2017	40771
2018	40901
2019	41063
2020	41274
2021	41456
2022	41641
2023	41800
2024	41936
2025	42056
2026	42227
2027	42408
2028	42611
2029	42768
2030	42913
2031	43039
2032	43141
2033	43288
2034	43404
2035	43533
2036	43699
2037	43834
2038	43937
2039	44041
2040	44155
2041	44287
2042	44406
2043	44571
2044	44775
2045	44938
2046	45069
2047	45247
2048	45420
2049	45589
2050	45763
2051	45923
2052	46047
2053	46193
2054	46400
2055	46580
2056	46752
2057	46943
2058	47074
2059	47208
2060	47326
2061	47494
2062	47676
2063	47874
2064	48023
2065	48201
2066	48349
2067	48486
2068	48639
2069	48722
2070	48855
2071	49000
2072	49169
2073	49294
2074	49415
2075	49541
2076	49744
2077	49921
2078	50080
2079	50268
2080	50471
2081	50605
2082	50807
2083	50972
2084	51118
2085	51346
2086	51496
2087	51645
2088	51789
2089	51960
2090	52148
2091	52333
2092	52516
2093	52709
2094	52851
2095	52983
2096	53161
2097	53334
2098	53543
2099	53749
2100	53959
2101	54092
2102	54213
2103	54400
2104	54583
2105	54800
2106	55025
2107	55206
2108	55386
2109	55529
2110	55750
2111	55953
2112	56128
2113	56340
2114	56536
2115	56696
2116	56846
2117	57024
2118	57211
2119	57391
2120	57616
2121	57815
2122	57982
2123	58145
2124	58322
2125	58522
2126	58703
2127	58895
2128	59079
2129	59240
2130	59385
2131	59559
2132	59781
2133	59996
2134	60171
2135	60358
2136	60467
2137	60598
2138	60772
2139	61181
2140	61511
2141	61800
2142	62022
2143	62223
2144	62376
2145	62561
2146	62698
2147	62913
2148	63116
2149	63282
2150	63401
2151	63542
2152	63767
2153	64008
2154	64221
2155	64413
2156	64648
2157	64870
2158	65040
2159	65304
2160	65565
2161	65741
2162	65935
2163	66091
2164	66185
2165	66322
2166	66483
2167	66641
2168	66827
2169	67021
2170	67198
2171	67336
2172	67485
2173	67714
2174	67973
2175	68208
2176	68318
2177	68419
2178	68503
2179	68645
2180	68858
2181	69062
2182	69208
2183	69369
2184	69492
2185	69595
2186	69746
2187	69916
2188	70051
2189	70189
2190	70336
2191	70470
2192	70573
2193	70678
2194	70801
2195	70942
2196	71073
2197	71233
2198	71344
2199	71457
2200	71561
2201	71713
2202	71907
2203	72118
2204	72308
2205	72475
2206	72588
2207	72702
2208	72845
2209	72980
2210	73154
2211	73319
2212	73475
2213	73593
2214	73701
2215	73848
2216	74014
2217	74200
2218	74372
2219	74497
2220	74600
2221	74717
2222	74888
2223	75044
2224	75175
2225	75301
2226	75418
2227	75531
2228	75658
2229	75811
2230	75970
2231	76115
2232	76274
2233	76399
2234	76504
2235	76618
2236	76754
2237	76895
2238	77021
2239	77194
2240	77335
2241	77432
2242	77553
2243	77706
2244	77843
2245	77988
2246	78139
2247	78270
2248	78383
2249	78499
2250	78629
2251	78770
2252	78919
2253	79076
2254	79195
2255	79303
2256	79407
2257	79538
2258	79673
2259	79830
2260	79988
2261	80145
2262	80248
2263	80341
2264	80502
2265	80638
2266	80779
2267	80930
2268	81078
2269	81170
2270	81285
2271	81427
2272	81583
2273	81725
2274	81882
2275	82043
2276	82139
2277	82255
2278	82359
2279	82512
2280	82635
2281	82762
2282	82885
2283	82974
2284	83049
2285	83137
2286	83270
2287	83388
2288	83476
2289	83575
2290	83655
2291	83721
2292	83818
2293	83918
2294	84167
2295	84286
2296	84396
2297	84487
2298	84583
2299	84703
2300	84835
2301	84984
2302	85108
2303	85234
2304	85335
2305	85445
2306	85567
2307	85714
2308	85853
2309	85985
2310	86111
2311	86210
2312	86331
2313	86481
2314	86625
2315	86735
2316	86856
2317	86953
2318	87047
2319	87141
2320	87255
2321	87379
2322	87524
2323	87648
2324	87779
2325	87886
2326	87983
2327	88115
2328	88271
2329	88417
2330	88561
2331	88695
2332	88788
2333	88891
2334	89036
2335	89175
2336	89343
2337	89484
2338	89601
2339	89735
2340	89874
2341	90049
2342	90206
2343	90361
2344	90516
2345	90652
2346	90771
2347	90888
2348	91055
2349	91180
2350	91318
2351	91422
2352	91520
2353	91603
2354	91707
2355	91859
2356	92039
2357	92234
2358	92436
2359	92618
2360	92764
2361	92920
2362	93124
2363	93340
2364	93549
2365	93768
2366	93963
2367	94102
2368	94211
2369	94408
2370	94632
2371	94851
2372	95007
2373	95153
2374	95272
2375	95395
2376	95627
2377	95906
2378	96115
2379	96372
2380	96581
2381	96756
2382	96889
2383	97139
2384	97405
2385	97635
2386	97938
2387	98308
2388	98534
2389	98884
2390	99229
2391	99550
2392	99951
2393	100329
2394	100682
2395	100924
2396	101138
2397	101481
2398	101791
2399	102030
2400	102188
2401	102420
2402	102576
2403	102739
2404	102994
2405	103261
2406	103432
2407	103572
2408	103805
2409	103966
2410	104213
2411	104520
2412	104824
2413	105107
2414	105458
2415	105735
2416	105940
2417	106200
2418	106567
2419	106942
2420	107360
2421	107842
2422	108221
2423	108513
2424	108698
2425	108991
2426	109318
2427	109644
2428	109993
2429	110326
2430	110558
2431	110883
2432	111306
2433	111677
2434	112001
2435	112428
2436	112756
2437	112966
2438	113193
2439	113578
2440	113940
2441	114370
2442	114776
2443	115086
2444	115340
2445	115563
2446	115938
2447	116331
2448	116745
2449	117091
2450	117392
2451	117614
2452	117826
2453	118085
2454	118390
2455	118676
2456	118942
2457	119234
2458	119497
2459	119731
2460	120031
2461	120368
2462	120753
2463	121111
2464	121523
2465	121760
2466	121988
2467	122317
2468	122740
2469	123152
2470	123538
2471	123959
2472	124190
2473	124424
2474	124759
2475	125154
2476	125530
2477	125974
2478	126399
2479	126697
2480	127040
2481	127525
2482	128093
2483	128587
2484	129003
2485	129429
2486	129687
2487	129931
2488	130372
2489	130851
2490	131328
2491	131877
2492	132334
2493	132583
2494	132823
2495	133208
2496	133586
2497	134408
2498	134903
2499	135278
2500	135480
2501	135671
2502	136025
2503	136386
2504	136794
2505	137212
2506	137577
2507	137857
2508	138079
2509	138486
2510	138864
2511	139328
2512	139739
2513	140107
2514	140423
2515	140681
2516	141064
2517	141444
2518	141826
2519	142220
2520	142562
2521	142861
2522	143213
2523	143650
2524	144146
2525	144623
2526	145015
2527	145328
2528	145513
2529	145729
2530	146079
2531	146485
2532	146850
2533	147227
2534	147699
2535	148023
2536	148331
2537	148831
2538	149277
2539	149725
2540	150133
2541	150526
2542	150764
2543	151011
2544	151412
2545	151797
2546	152146
2547	152604
2548	152986
2549	153203
2550	153427
2551	153730
2552	154127
2553	154541
2554	154973
2555	155449
2556	155729
2557	155950
2558	156301
2559	156709
2560	157152
2561	157585
2562	157941
2563	158146
2564	158392
2565	158807
2566	159300
2567	159742
2568	160091
2569	160452
2570	160721
2571	160991
2572	161404
2573	161854
2574	162357
2575	162885
2576	163694
2577	164048
2578	164376
2579	164900
2580	165461
2581	165990
2582	166608
2583	166965
2584	167232
2585	167494
2586	167888
2587	168321
2588	168719
2589	169170
2590	169344
2591	169444
2592	169532
2593	169696
2594	169921
2595	170181
2596	170454
2597	170702
2598	170873
2599	171061
2600	171300
2601	171560
2602	171796
2603	172032
2604	172255
2605	172415
2606	172594
2607	172836
2608	173097
2609	173370
2610	173639
2611	173901
2612	174107
2613	174280
2614	174527
2615	174834
2616	175119
2617	175373
2618	175557
2619	175691
2620	175836
2621	176141
2622	176434
2623	176723
2624	176994
2625	177249
2626	177391
2627	177567
2628	177810
2629	178108
2630	178375
2631	178668
2632	178956
2633	179141
2634	179356
2635	179657
2636	179988
2637	180297
2638	180599
2639	180901
2640	181108
2641	181338
2642	181681
2643	182001
2644	182305
2645	182625
2646	182903
2647	183121
2648	183333
2649	183558
2650	183878
2651	184202
2652	184477
2653	184729
2654	184922
2655	185179
2656	185439
2657	185751
2658	186065
2659	186411
2660	186690
2661	186938
2662	187202
2663	187532
2664	187862
2665	188362
2666	188697
2667	189026
2668	189242
2669	189457
2670	189783
2671	190088
2672	190421
2673	190731
2674	191030
2675	191246
2676	191457
2677	191755
2678	192108
2679	192399
2680	192688
2681	193102
2682	193550
2683	194026
2684	194508
2685	194894
2686	195065
2687	195252
2688	195410
2689	195476
2690	195577
2691	195754
2692	196013
2693	196314
2694	196630
2695	196845
2696	196926
2697	196998
2698	197135
2699	197343
2700	197675
2701	198009
2702	198264
2703	198377
2704	198479
2705	198657
2706	198832
2707	199034
2708	199200
2709	199347
2710	199422
2711	199501
2712	199641
2713	199834
2714	200037
2715	200298
2716	200537
2717	200620
2718	200706
2719	200934
2720	201186
2721	201368
2722	201539
2723	201682
2724	201751
2725	201816
2726	201948
2727	202175
2728	202425
2729	202629
2730	202787
2731	202917
2732	203050
2733	203254
2734	203473
2735	203661
2736	203898
2737	204073
2738	204297
2739	204524
2740	204832
2741	205115
2742	205393
2743	205594
2744	205868
2745	206063
2746	206269
2747	206451
2748	206663
2749	206973
2750	207186
2751	207322
2752	207407
2753	207491
2754	207621
2755	207777
2756	207919
2757	208105
2758	208222
2759	208292
2760	208349
2761	208482
2762	208651
2763	208775
2764	208878
2765	208937
2766	209004
2767	209073
2768	209207
2769	209346
2770	209478
2771	209584
2772	209643
2773	209717
2774	209788
2775	209935
2776	210090
2777	210245
2778	210473
2779	210618
2780	210715
2781	210803
2782	210951
2783	211107
2784	211248
2785	211372
2786	211494
