1	3
2	3
3	3
4	3
5	3
6	3
7	3
8	3
9	3
10	3
11	3
12	3
13	3
14	3
15	3
16	3
17	3
18	3
19	3
20	3
21	3
22	3
23	3
24	3
25	3
26	3
27	3
28	3
29	3
30	3
31	3
32	3
33	3
34	3
35	3
36	3
37	3
38	3
39	3
40	3
41	3
42	3
43	3
44	3
45	3
46	3
47	3
48	3
49	3
50	3
51	3
52	3
53	3
54	3
55	3
56	3
57	3
58	3
59	3
60	3
61	3
62	3
63	3
64	3
65	3
66	3
67	3
68	3
69	3
70	3
71	3
72	3
73	3
74	3
75	3
76	19
77	23
78	40
79	41
80	42
81	43
82	52
83	54
84	54
85	56
86	62
87	62
88	65
89	67
90	67
91	73
92	77
93	85
94	93
95	94
96	99
97	113
98	121
99	122
100	123
101	129
102	133
103	135
104	149
105	150
106	155
107	157
108	162
109	183
110	186
111	194
112	200
113	205
114	212
115	224
116	234
117	241
118	255
119	256
120	265
121	278
122	294
123	309
124	339
125	362
126	382
127	390
128	434
129	452
130	465
131	477
132	500
133	509
134	526
135	540
136	573
137	582
138	594
139	602
140	608
141	616
142	632
143	653
144	671
145	686
146	701
147	714
148	728
149	750
150	761
151	766
152	779
153	784
154	797
155	815
156	830
157	845
158	873
159	900
160	921
161	929
162	977
163	993
164	1017
165	1045
166	1105
167	1128
168	1160
169	1198
170	1235
171	1274
172	1316
173	1352
174	1372
175	1406
176	1436
177	1480
178	1500
179	1518
180	1540
181	1553
182	1563
183	1583
184	1602
185	1632
186	1658
187	1694
188	1708
189	1725
190	1753
191	1777
192	1798
193	1817
194	1844
195	1861
196	1880
197	1904
198	1930
199	1957
200	1985
201	2005
202	2022
203	2040
204	2063
205	2100
206	2131
207	2152
208	2174
209	2190
210	2202
211	2217
212	2236
213	2252
214	2292
215	2320
216	2363
217	2386
218	2414
219	2434
220	2471
221	2508
222	2529
223	2556
224	2578
225	2600
226	2622
227	2657
228	2688
229	2716
230	2728
231	2745
232	2776
233	2800
234	2830
235	2857
236	2894
237	2903
238	2920
239	2945
240	2970
241	3014
242	3039
243	3066
244	3081
245	3096
246	3116
247	3136
248	3167
249	3193
250	3218
251	3230
252	3246
253	3263
254	3294
255	3323
256	3354
257	3381
258	3394
259	3403
260	3420
261	3449
262	3472
263	3497
264	3519
265	3547
266	3558
267	3574
268	3601
269	3630
270	3662
271	3693
272	3713
273	3727
274	3757
275	3778
276	3812
277	3831
278	3855
279	3871
280	3881
281	3903
282	3931
283	3954
284	3978
285	4002
286	4010
287	4023
288	4050
289	4079
290	4103
291	4121
292	4142
293	4161
294	4176
295	4204
296	4230
297	4255
298	4292
299	4316
300	4331
301	4353
302	4373
303	4398
304	4424
305	4448
306	4473
307	4485
308	4507
309	4529
310	4553
311	4596
312	4629
313	4674
314	4695
315	4711
316	4732
317	4775
318	4798
319	4829
320	4861
321	4874
322	4886
323	4908
324	4925
325	4949
326	4972
327	4993
328	5007
329	5027
330	5061
331	5090
332	5121
333	5146
334	5175
335	5184
336	5193
337	5227
338	5251
339	5291
340	5316
341	5344
342	5362
343	5383
344	5413
345	5440
346	5464
347	5494
348	5514
349	5542
350	5568
351	5605
352	5640
353	5672
354	5694
355	5728
356	5751
357	5766
358	5789
359	5819
360	5865
361	5894
362	5922
363	5947
364	5965
365	5993
366	6028
367	6049
368	6081
369	6106
370	6129
371	6156
372	6184
373	6210
374	6248
375	6274
376	6322
377	6347
378	6365
379	6397
380	6428
381	6466
382	6501
383	6528
384	6546
385	6572
386	6608
387	6640
388	6686
389	6716
390	6746
391	6770
392	6794
393	6828
394	6863
395	6887
396	6905
397	6922
398	6937
399	6961
400	6993
401	7021
402	7066
403	7103
404	7134
405	7156
406	7177
407	7206
408	7258
409	7296
410	7340
411	7376
412	7396
413	7416
414	7451
415	7496
416	7528
417	7570
418	7613
419	7642
420	7666
421	7695
422	7731
423	7763
424	7783
425	7800
426	7820
427	7839
428	7875
429	7920
430	7944
431	7959
432	7992
433	8031
434	8055
435	8088
436	8121
437	8164
438	8206
439	8247
440	8282
441	8306
442	8339
443	8374
444	8415
445	8471
446	8517
447	8543
448	8563
449	8597
450	8640
451	8682
452	8720
453	8763
454	8789
455	8815
456	8864
457	8920
458	8959
459	9007
460	9051
461	9084
462	9117
463	9164
464	9199
465	9242
466	9295
467	9339
468	9383
469	9422
470	9461
471	9505
472	9547
473	9602
474	9646
475	9673
476	9691
477	9729
478	9772
479	9873
480	9905
481	9951
482	9988
483	10026
484	10069
485	10123
486	10177
487	10231
488	10289
489	10321
490	10341
491	10393
492	10444
493	10486
494	10520
495	10559
496	10600
497	10633
498	10699
499	10750
500	10799
501	10862
502	10906
503	10937
504	10981
505	11029
506	11080
507	11123
508	11165
509	11209
510	11244
511	11267
512	11316
513	11367
514	11428
515	11475
516	11525
517	11559
518	11593
519	11648
520	11697
521	11754
522	11817
523	11862
524	11894
525	11923
526	11965
527	11996
528	12052
529	12088
530	12138
531	12157
532	12182
533	12213
534	12263
535	12312
536	12367
537	12421
538	12467
539	12507
540	12562
541	12614
542	12671
543	12714
544	12765
545	12798
546	12826
547	12872
548	12912
549	12970
550	13023
551	13070
552	13103
553	13133
554	13167
555	13220
556	13283
557	13335
558	13379
559	13414
560	13444
561	13489
562	13537
563	13598
564	13647
565	13697
566	13724
567	13766
568	13808
569	13879
570	13926
571	13977
572	14021
573	14042
574	14063
575	14102
576	14152
577	14207
578	14263
579	14322
580	14346
581	14369
582	14429
583	14475
584	14523
585	14571
586	14617
587	14643
588	14673
589	14715
590	14792
591	14839
592	14883
593	14931
594	14958
595	14982
596	15038
597	15089
598	15146
599	15191
600	15222
601	15240
602	15266
603	15316
604	15350
605	15388
606	15433
607	15474
608	15500
609	15520
610	15556
611	15608
612	15643
613	15672
614	15721
615	15744
616	15763
617	15809
618	15859
619	15914
620	15955
621	15990
622	16014
623	16043
624	16095
625	16139
626	16177
627	16227
628	16281
629	16325
630	16345
631	16394
632	16446
633	16497
634	16532
635	16569
636	16599
637	16630
638	16678
639	16724
640	16783
641	16819
642	16867
643	16891
644	16924
645	16957
646	17015
647	17076
648	17136
649	17183
650	17216
651	17244
652	17279
653	17337
654	17380
655	17431
656	17482
657	17510
658	17526
659	17569
660	17626
661	17677
662	17731
663	17791
664	17827
665	17853
666	17901
667	17948
668	18009
669	18049
670	18106
671	18137
672	18171
673	18226
674	18283
675	18325
676	18361
677	18411
678	18438
679	18484
680	18532
681	18588
682	18644
683	18685
684	18743
685	18774
686	18803
687	18841
688	18885
689	18942
690	18977
691	19016
692	19036
693	19059
694	19111
695	19172
696	19220
697	19265
698	19310
699	19358
700	19383
701	19426
702	19492
703	19559
704	19625
705	19662
706	19699
707	19732
708	19787
709	19846
710	19900
711	19945
712	19997
713	20040
714	20079
715	20130
716	20191
717	20252
718	20322
719	20376
720	20405
721	20464
722	20521
723	20571
724	20631
725	20685
726	20734
727	20758
728	20788
729	20834
730	20896
731	20962
732	21025
733	21075
734	21110
735	21147
736	21195
737	21257
738	21326
739	21374
740	21434
741	21471
742	21500
743	21553
744	21613
745	21662
746	21726
747	21782
748	21828
749	21859
750	21912
751	21953
752	21991
753	22058
754	22112
755	22155
756	22181
757	22239
758	22297
759	22364
760	22426
761	22465
762	22495
763	22529
764	22589
765	22652
766	22713
767	22769
768	22828
769	22873
770	22905
771	22964
772	23016
773	23073
774	23130
775	23178
776	23223
777	23265
778	23323
779	23375
780	23423
781	23475
782	23545
783	23593
784	23634
785	23680
786	23728
787	23773
788	23799
789	23822
790	23851
791	23888
792	23928
793	24004
794	24062
795	24098
796	24125
797	24152
798	24192
799	24251
800	24305
801	24343
802	24416
803	24475
804	24526
805	24582
806	24641
807	24708
808	24753
809	24827
810	24900
811	24970
812	25026
813	25086
814	25156
815	25223
816	25290
817	25363
818	25406
819	25451
820	25503
821	25571
822	25630
823	25687
824	25750
825	25804
826	25845
827	25895
828	25967
829	26047
830	26108
831	26183
832	26249
833	26293
834	26366
835	26445
836	26518
837	26601
838	26664
839	26718
840	26759
841	26817
842	26871
843	26936
844	27016
845	27086
846	27129
847	27188
848	27270
849	27342
850	27429
851	27516
852	27575
853	27619
854	27667
855	27752
856	27832
857	27887
858	27955
859	28018
860	28059
861	28109
862	28182
863	28251
864	28324
865	28402
866	28470
867	28526
868	28556
869	28623
870	28696
871	28772
872	28830
873	28898
874	28938
875	28987
876	29035
877	29120
878	29192
879	29265
880	29314
881	29354
882	29400
883	29474
884	29542
885	29621
886	29693
887	29780
888	29823
889	29860
890	29928
891	30004
892	30094
893	30167
894	30232
895	30279
896	30317
897	30405
898	30489
899	30563
900	30635
901	30699
902	30739
903	30783
904	30836
905	30932
906	31018
907	31090
908	31155
909	31207
910	31272
911	31340
912	31407
913	31474
914	31553
915	31620
916	31659
917	31719
918	31779
919	31863
920	31944
921	32030
922	32100
923	32145
924	32184
925	32238
926	32310
927	32373
928	32430
929	32492
930	32529
931	32562
932	32630
933	32713
934	32792
935	32882
936	32943
937	33008
938	33052
939	33125
940	33209
941	33297
942	33377
943	33436
944	33479
945	33525
946	33574
947	33644
948	33720
949	33784
950	33850
951	33884
952	33936
953	34007
954	34082
955	34154
956	34243
957	34302
958	34357
959	34406
960	34485
961	34562
962	34637
963	34717
964	34785
965	34842
966	34889
967	34975
968	35052
969	35128
970	35191
971	35265
972	35310
973	35351
974	35424
975	35526
976	35596
977	35678
978	35737
979	35781
980	35822
981	35875
982	35953
983	36047
984	36132
985	36201
986	36249
987	36286
988	36377
989	36463
990	36532
991	36621
992	36698
993	36742
994	36793
995	36890
996	36973
997	37054
998	37133
999	37218
1000	37251
1001	37298
1002	37388
1003	37484
1004	37597
1005	37703
1006	37774
1007	37823
1008	37867
1009	37949
1010	38048
1011	38131
1012	38227
1013	38309
1014	38360
1015	38405
1016	38494
1017	38584
1018	38679
1019	38770
1020	38846
1021	38901
1022	38962
1023	39044
1024	39149
1025	39239
1026	39325
1027	39403
1028	39467
1029	39515
1030	39587
1031	39676
1032	39794
1033	39882
1034	39961
1035	40003
1036	40064
1037	40171
1038	40256
1039	40380
1040	40481
1041	40590
1042	40649
1043	40702
1044	40790
1045	40866
1046	40956
1047	41079
1048	41172
1049	41223
1050	41293
1051	41388
1052	41502
1053	41610
1054	41728
1055	41811
1056	41878
1057	41931
1058	42029
1059	42143
1060	42269
1061	42374
1062	42462
1063	42516
1064	42578
1065	42677
1066	42771
1067	42878
1068	42979
1069	43094
1070	43158
1071	43225
1072	43338
1073	43453
1074	43585
1075	43704
1076	43790
1077	43852
1078	43911
1079	44025
1080	44141
1081	44251
1082	44365
1083	44476
1084	44545
1085	44617
1086	44744
1087	44858
1088	44985
1089	45071
1090	45190
1091	45262
1092	45335
1093	45455
1094	45601
1095	45723
1096	45850
1097	45974
1098	46043
1099	46110
1100	46219
1101	46325
1102	46458
1103	46570
1104	46676
1105	46763
1106	46842
1107	46950
1108	47062
1109	47194
1110	47298
1111	47396
1112	47463
1113	47495
1114	47633
1115	47739
1116	47862
1117	47970
1118	48086
1119	48154
1120	48233
1121	48357
1122	48494
1123	48622
1124	48723
1125	48815
1126	48882
1127	48958
1128	49063
1129	49182
1130	49285
1131	49411
1132	49509
1133	49590
1134	49660
1135	49756
1136	49900
1137	50040
1138	50144
1139	50269
1140	50330
1141	50390
1142	50501
1143	50617
1144	50746
1145	50875
1146	50983
1147	51061
1148	51144
1149	51261
1150	51367
1151	51489
1152	51604
1153	51666
1154	51704
1155	51749
1156	51843
1157	51955
1158	52059
1159	52198
1160	52257
1161	52319
1162	52399
1163	52503
1164	52650
1165	52804
1166	52926
1167	53044
1168	53122
1169	53206
1170	53294
1171	53430
1172	53556
1173	53680
1174	53825
1175	53915
1176	54000
1177	54110
1178	54248
1179	54372
1180	54519
1181	54641
1182	54714
1183	54789
1184	54914
1185	55069
1186	55215
1187	55359
1188	55487
1189	55584
1190	55669
1191	55801
1192	55940
1193	56109
1194	56260
1195	56399
1196	56506
1197	56615
1198	56856
1199	57020
1200	57197
1201	57362
1202	57505
1203	57615
1204	57723
1205	57859
1206	57985
1207	58127
1208	58272
1209	58427
1210	58500
1211	58595
1212	58720
1213	58867
1214	59013
1215	59179
1216	59327
1217	59423
1218	59546
1219	59692
1220	59821
1221	59974
1222	60119
1223	60258
1224	60353
1225	60484
1226	60660
1227	60819
1228	60983
1229	61113
1230	61252
1231	61340
1232	61437
1233	61569
1234	61711
1235	61846
1236	62015
1237	62170
1238	62278
1239	62356
1240	62492
1241	62643
1242	62806
1243	63004
1244	63161
1245	63265
1246	63371
1247	63548
1248	63702
1249	63868
1250	64041
1251	64185
1252	64286
1253	64376
1254	64518
1255	64695
1256	64862
1257	65033
1258	65210
1259	65309
1260	65428
1261	65603
1262	65791
1263	65960
1264	66131
1265	66314
1266	66416
1267	66532
1268	66704
1269	66888
1270	67042
1271	67188
1272	67342
1273	67448
1274	67543
1275	67684
1276	67838
1277	68011
1278	68193
1279	68356
1280	68445
1281	68540
1282	68685
1283	68878
1284	69056
1285	69251
1286	69407
1287	69523
1288	69616
1289	69773
1290	69975
1291	70194
1292	70418
1293	70609
1294	70725
1295	70846
1296	71040
1297	71225
1298	71456
1299	71671
1300	71829
1301	71950
1302	72096
1303	72291
1304	72505
1305	72726
1306	72965
1307	73160
1308	73276
1309	73390
1310	73552
1311	73745
1312	73948
1313	74157
1314	74335
1315	74449
1316	74574
1317	74747
1318	74922
1319	75145
1320	75366
1321	75566
1322	75662
1323	75782
1324	75977
1325	76195
1326	76429
1327	76616
1328	76802
1329	76911
1330	77031
1331	77262
1332	77471
1333	77668
1334	77866
1335	78051
1336	78185
1337	78321
1338	78514
1339	78709
1340	78959
1341	79141
1342	79330
1343	79442
1344	79553
1345	79672
1346	79858
1347	80048
1348	80272
1349	80430
1350	80541
1351	80659
1352	80842
1353	81082
1354	81249
1355	81457
1356	81640
1357	81756
1358	81889
1359	82089
1360	82302
1361	82486
1362	82661
1363	82832
1364	82953
1365	83078
1366	83289
1367	83477
1368	83684
1369	83885
1370	84171
1371	84267
1372	84384
1373	84580
1374	84819
1375	85031
1376	85226
1377	85418
1378	85523
1379	85631
1380	85813
1381	86028
1382	86278
1383	86501
1384	86676
1385	86798
1386	86904
1387	87082
1388	87271
1389	87471
1390	87694
1391	87928
1392	88046
1393	88199
1394	88396
1395	88606
1396	88862
1397	89080
1398	89289
1399	89438
1400	89582
1401	89816
1402	90072
1403	90322
1404	90567
1405	90770
1406	90909
1407	91062
1408	91238
1409	91462
1410	91716
1411	91987
1412	92234
1413	92358
1414	92535
1415	92779
1416	93032
1417	93273
1418	93522
1419	93766
1420	93904
1421	94062
1422	94292
1423	94561
1424	94809
1425	95059
1426	95296
1427	95467
1428	95615
1429	95857
1430	96096
1431	96323
1432	96562
1433	96788
1434	96924
1435	97058
1436	97291
1437	97519
1438	97752
1439	97983
1440	98200
1441	98327
1442	98492
1443	98714
1444	98965
1445	99246
1446	99501
1447	99713
1448	99904
1449	100057
1450	100301
1451	100582
1452	100815
1453	101091
1454	101343
1455	101495
1456	101659
1457	101864
1458	102102
1459	102358
1460	102586
1461	102823
1462	102979
1463	103134
1464	103365
1465	103628
1466	103883
1467	104107
1468	104336
1469	104512
1470	104709
1471	104983
1472	105261
1473	105538
1474	105819
1475	106063
1476	106227
1477	106382
1478	106635
1479	106952
1480	107247
1481	107500
1482	107759
1483	107915
1484	108093
1485	108373
1486	108687
1487	108991
1488	109224
1489	109421
1490	109592
1491	109758
1492	110046
1493	110364
1494	110670
1495	110950
1496	111215
1497	111422
1498	111601
1499	111872
1500	112178
1501	112493
1502	112767
1503	113042
1504	113196
1505	113370
1506	113636
1507	113945
1508	114232
1509	114570
1510	114826
1511	115012
1512	115175
1513	115489
1514	115829
1515	116133
1516	116419
1517	116647
1518	116780
1519	116889
1520	117037
1521	117293
1522	117542
1523	117794
1524	118067
1525	118230
1526	118418
1527	118733
1528	119086
1529	119518
1530	119913
1531	120315
1532	120581
1533	120850
1534	121230
1535	121604
1536	122025
1537	122441
1538	122831
1539	123157
1540	123425
1541	123825
1542	124287
1543	124704
1544	125104
1545	125554
1546	125868
1547	126097
1548	126438
1549	126864
1550	127346
1551	127789
1552	128174
1553	128458
1554	128758
1555	129150
1556	129640
1557	130103
1558	130580
1559	130989
1560	131272
1561	131589
1562	131995
1563	132404
1564	132815
1565	133244
1566	133648
1567	133901
1568	134208
1569	134668
1570	135135
1571	135678
1572	136190
1573	136695
1574	137047
1575	137425
1576	137934
1577	138487
1578	139095
1579	139715
1580	140261
1581	140599
1582	141021
1583	141670
1584	142255
1585	142768
1586	143279
1587	143788
1588	144164
1589	144518
1590	145091
1591	145754
1592	146371
1593	146966
1594	147527
1595	147808
1596	148081
1597	148513
1598	149045
1599	149835
1600	150435
1601	151091
1602	151590
1603	152033
1604	152645
1605	153380
1606	153984
1607	154591
1608	155251
1609	155752
1610	156219
1611	156875
1612	157714
1613	158322
1614	158927
1615	159537
1616	159895
1617	160245
1618	160793
1619	161375
1620	161948
1621	162552
1622	163080
1623	163404
1624	163688
1625	164174
1626	164828
1627	165471
1628	166163
1629	166673
1630	167000
1631	167377
1632	167981
1633	168549
1634	169206
1635	169773
1636	170375
1637	170838
1638	171177
1639	171764
1640	172382
1641	172986
1642	173577
1643	174162
1644	174530
1645	174861
1646	175356
1647	175900
1648	176515
1649	177225
1650	177761
1651	178105
1652	178420
1653	178941
1654	179627
1655	180317
1656	181022
1657	181603
1658	181960
1659	182331
1660	182923
1661	183538
1662	184265
1663	184978
1664	185585
1665	185940
1666	186287
1667	186942
1668	187562
1669	188241
1670	189011
1671	189677
1672	190062
1673	190384
1674	190871
1675	191500
1676	192116
1677	192873
1678	193390
1679	193779
1680	194167
1681	194820
1682	195513
1683	196204
1684	196937
1685	197576
1686	198018
1687	198374
1688	198988
1689	199737
1690	200391
1691	201035
1692	201635
1693	202045
1694	202388
1695	203045
1696	203821
1697	204554
1698	205246
1699	205907
1700	206271
1701	206685
1702	207363
1703	208040
1704	208742
1705	209366
1706	210025
1707	210369
1708	210736
1709	211397
1710	212131
1711	212709
1712	213365
1713	213977
1714	214288
1715	214634
1716	215264
1717	215868
1718	216541
1719	217249
1720	217882
1721	218318
1722	218801
1723	219499
1724	220257
1725	221010
1726	221727
1727	222407
1728	222808
1729	223255
1730	223958
1731	224682
1732	225436
1733	226110
1734	226746
1735	227208
1736	227670
1737	228399
1738	229181
1739	230067
1740	231096
1741	232020
1742	232597
1743	233270
1744	234248
1745	235360
1746	236426
1747	237437
1748	238295
1749	239003
1750	239721
1751	240801
1752	241865
1753	242884
1754	243897
1755	244876
1756	245571
1757	246304
1758	247307
1759	248304
1760	249452
1761	250579
1762	251695
1763	252331
1764	252986
1765	254058
1766	255146
1767	256144
1768	257264
1769	258216
1770	258877
1771	259547
1772	260494
1773	261623
1774	262744
1775	263830
1776	264890
1777	265605
1778	266291
1779	267312
1780	268380
1781	269380
1782	270536
1783	271547
1784	272261
1785	272995
1786	274126
1787	275246
1788	276410
1789	277476
1790	278534
1791	279239
1792	279924
1793	281086
1794	282195
1795	283441
1796	284588
1797	285671
1798	286445
1799	287187
1800	288328
1801	289477
1802	290075
1803	290693
1804	291208
1805	291549
1806	291912
1807	292530
1808	293264
1809	294093
1810	294894
1811	295480
1812	295868
1813	296377
1814	297059
1815	297706
1816	298364
1817	299073
1818	299651
1819	300017
1820	300466
1821	301115
1822	301747
1823	302467
1824	303169
1825	303875
1826	304398
1827	304960
1828	305674
1829	306406
1830	307125
1831	307747
1832	308460
1833	309028
1834	309558
1835	310342
1836	311173
1837	312095
1838	313194
1839	314258
1840	314941
1841	315670
1842	316812
1843	317983
1844	319145
1845	320400
1846	321559
1847	322403
1848	323119
1849	324036
1850	324848
1851	325520
1852	326048
1853	326503
1854	326897
1855	327308
1856	327841
1857	328486
1858	329180
1859	330015
1860	330876
1861	331625
1862	332261
1863	333220
1864	334071
1865	334974
1866	335944
1867	336753
1868	337245
1869	337796
1870	338751
1871	339623
1872	340550
1873	341414
1874	342193
1875	342742
1876	343228
1877	344077
1878	344776
1879	345353
1880	345988
1881	346546
1882	346832
1883	347113
1884	347538
1885	347835
1886	348377
1887	349092
1888	349842
1889	350398
1890	350792
1891	351130
1892	351414
1893	351987
1894	352750
1895	353292
1896	353669
1897	354087
1898	354765
1899	355738
1900	356811
1901	357823
1902	358790
1903	359174
1904	359585
1905	360205
1906	360845
1907	361546
1908	362426
1909	363251
1910	363811
1911	364396
1912	365262
1913	366214
1914	367240
1915	368209
1916	369071
1917	369795
1918	370447
1919	371387
1920	372442
1921	373567
1922	374582
1923	375518
1924	376250
1925	376954
1926	378018
1927	379138
1928	380333
1929	381527
1930	382618
1931	383480
1932	384312
1933	385492
1934	386692
1935	387801
1936	388939
1937	390124
1938	391127
1939	392069
1940	393216
1941	394560
1942	395993
1943	397367
1944	398764
1945	399766
1946	400752
1947	402124
1948	403735
1949	405344
1950	406815
1951	408365
1952	409431
1953	410483
1954	412043
1955	413204
1956	414407
1957	415723
1958	417278
1959	418385
1960	419454
1961	420962
1962	422695
1963	424178
1964	425486
1965	426894
1966	427884
1967	428924
1968	430375
1969	432131
1970	433587
1971	434976
1972	436288
1973	437049
1974	437523
1975	438302
1976	439472
1977	440782
1978	441864
1979	442785
1980	443435
1981	444039
1982	444913
1983	445855
1984	446883
1985	447879
1986	448813
1987	449539
1988	450227
1989	451334
1990	452397
1991	453577
1992	454656
1993	455799
1994	456424
1995	457214
1996	458187
1997	459485
1998	460625
1999	461887
2000	462957
2001	463686
2002	464454
2003	465590
2004	466753
2005	467636
2006	468403
2007	469214
2008	470002
2009	471042
2010	472643
2011	474241
2012	475621
2013	477122
2014	478582
2015	479630
2016	480662
2017	482167
2018	483638
2019	485209
2020	486702
2021	488100
2022	489023
2023	489951
2024	491497
2025	493092
2026	494658
2027	496112
2028	497439
2029	498353
2030	499315
2031	500792
2032	501864
2033	503069
2034	504114
2035	505291
2036	506202
2037	507126
2038	508455
2039	510043
2040	511593
2041	513144
2042	513957
2043	514466
2044	514977
2045	515923
2046	517453
2047	518994
2048	520632
2049	522094
2050	523088
2051	524033
2052	525527
2053	527044
2054	528547
2055	530098
2056	531504
2057	532422
2058	533300
2059	534964
2060	536779
2061	538392
2062	539943
2063	541370
2064	542231
2065	543144
2066	544638
2067	546474
2068	548198
2069	549903
2070	551267
2071	551960
2072	552769
2073	554386
2074	556108
2075	557735
2076	559037
2077	560379
2078	561232
2079	562147
2080	563740
2081	565442
2082	567167
2083	568800
2084	570173
2085	571055
2086	572075
2087	573692
2088	575634
2089	577332
2090	578749
2091	579765
2092	580529
2093	581344
2094	582957
2095	584698
2096	586436
2097	588079
2098	589593
2099	590620
2100	591603
2101	593233
2102	594965
2103	596636
2104	598287
2105	599699
2106	600672
2107	601578
2108	603036
2109	604643
2110	606220
2111	607895
2112	609289
2113	610281
2114	611330
2115	612619
2116	613673
2117	615355
2118	616789
2119	618159
2120	619103
2121	620025
2122	621676
2123	623471
2124	625291
2125	627077
2126	628655
2127	629688
2128	630799
2129	632257
2130	633946
2131	635669
2132	637258
2133	638468
2134	639215
2135	640032
2136	641149
2137	642486
2138	644038
2139	645569
2140	646896
2141	647730
2142	648610
2143	649903
2144	651420
2145	652894
2146	654369
2147	655571
2148	656095
2149	656491
2150	657349
2151	658284
2152	659609
2153	661056
2154	662246
2155	663129
2156	664033
2157	665484
2158	666943
2159	668553
2160	670083
2161	671350
2162	672365
2163	673409
2164	674978
2165	676514
2166	678018
2167	679477
2168	680826
2169	681740
2170	682680
2171	684277
2172	686025
2173	687713
2174	689361
2175	690852
2176	691870
2177	692876
2178	694362
2179	695976
2180	697610
2181	699467
2182	700976
2183	701985
2184	702953
2185	704608
2186	706392
2187	708119
2188	709814
2189	711323
2190	712244
2191	713289
2192	714984
2193	716828
2194	718645
2195	720328
2196	721822
2197	722896
2198	723999
2199	725770
2200	727603
2201	729461
2202	731200
2203	732738
2204	733810
2205	734916
2206	736531
2207	738276
2208	740084
2209	741871
2210	743512
2211	744674
2212	745734
2213	747435
2214	749294
2215	751202
2216	753006
2217	754705
2218	755729
2219	756815
2220	758565
2221	760325
2222	761918
2223	763174
2224	764330
2225	765252
2226	766198
2227	767814
2228	769511
2229	771024
2230	772604
2231	774112
2232	775099
2233	776056
2234	777597
2235	779223
2236	780823
2237	782325
2238	783759
2239	784731
2240	785651
2241	787203
2242	788721
2243	790219
2244	791781
2245	793199
2246	794038
2247	794925
2248	796182
2249	797169
2250	797999
2251	799026
2252	800099
2253	800964
2254	801835
2255	803094
2256	804102
2257	804797
2258	805963
2259	807143
2260	808057
2261	809009
2262	810359
2263	811989
2264	813486
2265	815092
2266	816677
2267	817678
2268	818659
2269	820363
2270	822084
2271	823823
2272	825533
2273	827156
2274	828344
2275	829501
2276	831086
2277	833595
2278	835375
2279	837209
2280	838823
2281	839884
2282	840968
2283	842142
2284	842954
2285	844411
2286	846106
2287	847626
2288	848674
2289	849758
2290	851289
2291	852874
2292	854542
2293	856217
2294	857720
2295	859071
2296	860190
2297	861755
2298	863265
2299	864753
2300	866411
2301	867911
2302	868753
2303	869631
2304	871334
2305	873122
2306	874923
2307	876598
2308	878200
2309	879426
2310	880606
2311	882279
2312	884195
2313	886407
2314	888919
2315	890516
2316	891607
2317	892772
2318	894489
2319	896284
2320	898011
2321	899788
2322	901414
2323	902474
2324	903477
2325	905183
2326	906909
2327	908697
2328	910448
2329	912032
2330	913175
2331	914337
2332	916031
2333	917813
2334	919688
2335	921409
2336	923017
2337	924189
2338	925251
2339	926991
2340	928823
2341	930750
2342	932430
2343	934044
2344	935068
2345	935943
2346	937433
2347	939093
2348	940743
2349	942422
2350	944093
2351	945147
2352	946296
2353	948012
2354	949872
2355	951627
2356	953313
2357	954835
2358	955979
2359	956943
2360	958238
2361	959370
2362	961041
2363	962480
2364	963798
2365	964495
2366	965437
2367	966932
2368	968593
2369	970366
2370	972083
2371	973750
2372	974730
2373	975895
2374	977486
2375	979136
2376	980521
2377	981740
2378	982805
2379	983295
2380	984082
2381	985485
2382	986667
2383	987939
2384	989293
2385	990571
2386	991430
2387	992401
2388	994035
2389	995812
2390	997573
2391	998458
2392	999118
2393	999568
2394	1000301
2395	1001565
2396	1002986
2397	1004145
2398	1005333
2399	1006378
2400	1007100
2401	1007983
2402	1009180
2403	1010366
2404	1011446
2405	1012432
2406	1013341
2407	1014071
2408	1014744
2409	1015834
2410	1017070
2411	1018262
2412	1019378
2413	1020397
2414	1021056
2415	1021727
2416	1022793
2417	1024043
2418	1025212
2419	1026318
2420	1027354
2421	1028042
2422	1028643
2423	1029750
2424	1030937
2425	1032114
2426	1033270
2427	1034274
2428	1035047
2429	1035721
2430	1036836
2431	1038082
2432	1039274
2433	1040499
2434	1041515
2435	1042262
2436	1042959
2437	1044192
2438	1045252
2439	1046109
2440	1047020
2441	1047797
2442	1048331
2443	1048968
2444	1050003
2445	1050985
2446	1051978
2447	1053009
2448	1053777
2449	1054335
2450	1054930
2451	1055926
2452	1056960
2453	1057931
2454	1058953
2455	1059762
2456	1060351
2457	1060960
2458	1061858
2459	1062870
2460	1063955
2461	1064921
2462	1065774
2463	1066354
2464	1066981
2465	1068008
2466	1069092
2467	1070160
2468	1071111
2469	1071966
2470	1072578
2471	1073222
2472	1074234
2473	1075344
2474	1076348
2475	1077251
2476	1078125
2477	1078695
2478	1079357
2479	1080377
2480	1081445
2481	1082486
2482	1083520
2483	1084419
2484	1084965
2485	1085693
2486	1086619
2487	1087664
2488	1088647
2489	1089515
2490	1090397
2491	1091053
2492	1091632
2493	1092262
2494	1093166
2495	1094093
2496	1095044
2497	1095746
2498	1096232
2499	1096526
2500	1096939
2501	1097405
2502	1097922
2503	1098432
2504	1098905
2505	1099202
2506	1099525
2507	1100040
2508	1100559
2509	1101163
2510	1101746
2511	1102316
2512	1102685
2513	1103062
2514	1103837
2515	1104871
2516	1105792
2517	1106719
2518	1107517
2519	1108133
2520	1108732
2521	1109653
2522	1110787
2523	1111807
2524	1112775
2525	1113603
2526	1114204
2527	1114788
2528	1115714
2529	1116670
2530	1117581
2531	1118546
2532	1119340
2533	1119976
2534	1120585
2535	1121582
2536	1122583
2537	1123467
2538	1124345
2539	1125118
2540	1125748
2541	1126417
2542	1127251
2543	1128206
2544	1129092
2545	1130024
2546	1130923
2547	1131539
2548	1132151
2549	1133186
2550	1134300
2551	1135311
2552	1136337
2553	1137259
2554	1137843
2555	1138537
2556	1139479
2557	1140504
2558	1141516
2559	1142502
2560	1143340
2561	1143954
2562	1144681
2563	1145730
2564	1146737
2565	1147601
2566	1148196
2567	1148801
2568	1149185
2569	1149638
2570	1150617
2571	1151779
2572	1152996
2573	1154303
2574	1155487
2575	1156319
2576	1157122
2577	1158668
2578	1160121
2579	1161471
2580	1162728
2581	1163666
2582	1164312
2583	1165021
2584	1166162
2585	1167298
2586	1168298
2587	1169056
2588	1169856
2589	1170438
2590	1171058
2591	1172155
2592	1173370
2593	1174441
2594	1175532
2595	1176431
2596	1177153
2597	1177860
2598	1178894
2599	1180037
2600	1181058
2601	1182183
2602	1183204
2603	1183947
2604	1184568
2605	1185637
2606	1186742
2607	1188330
2608	1189927
2609	1191388
2610	1192245
2611	1193151
2612	1194584
2613	1195934
2614	1196566
2615	1197045
2616	1197613
2617	1198058
2618	1198542
2619	1199340
2620	1200177
2621	1200835
2622	1201218
2623	1201868
2624	1202454
2625	1203075
2626	1204139
2627	1205301
2628	1206502
2629	1207599
2630	1208725
2631	1209254
2632	1210175
2633	1212051
2634	1214062
2635	1216076
2636	1218157
2637	1219964
2638	1220909
2639	1221580
2640	1222676
2641	1224110
2642	1225442
2643	1226940
2644	1228162
2645	1228850
2646	1229495
2647	1230673
2648	1231848
2649	1233128
2650	1234417
2651	1235635
2652	1236373
2653	1237083
2654	1238388
2655	1239669
2656	1240993
2657	1242256
2658	1243537
2659	1244248
2660	1244940
2661	1246204
2662	1247537
2663	1248787
2664	1250135
2665	1251223
2666	1251835
2667	1252462
2668	1253645
2669	1254863
2670	1256039
2671	1257511
2672	1259075
2673	1260301
2674	1261195
2675	1262317
2676	1263962
2677	1265356
2678	1266886
2679	1268374
2680	1269054
2681	1269692
2682	1270896
2683	1272525
2684	1274354
2685	1275714
2686	1276833
2687	1277492
2688	1278127
2689	1279294
2690	1280835
2691	1282633
2692	1284389
2693	1285912
2694	1286921
2695	1288143
2696	1289961
2697	1291853
2698	1293499
2699	1294811
2700	1296004
2701	1296681
2702	1297355
2703	1298647
2704	1300000
2705	1301317
2706	1302860
2707	1304194
2708	1304932
2709	1305657
2710	1307102
2711	1308800
2712	1310692
2713	1312417
2714	1313779
2715	1314412
2716	1314975
2717	1316001
2718	1317250
2719	1318518
2720	1319658
2721	1320747
2722	1321464
2723	1322115
2724	1323282
2725	1324503
2726	1325737
2727	1326919
2728	1328135
2729	1328854
2730	1329516
2731	1330939
2732	1332247
2733	1333579
2734	1334792
2735	1335825
2736	1336533
2737	1337201
2738	1338444
2739	1340214
2740	1341697
2741	1342875
2742	1343771
2743	1344357
2744	1345007
2745	1346275
2746	1347455
2747	1348835
2748	1350092
2749	1351680
2750	1352735
2751	1353817
2752	1355664
2753	1357485
2754	1359266
2755	1360423
2756	1361460
2757	1362087
2758	1362629
2759	1363767
2760	1365045
2761	1366280
2762	1367699
2763	1368684
2764	1369291
2765	1369895
2766	1370709
2767	1371900
2768	1373195
2769	1374708
2770	1376313
2771	1376978
2772	1377619
2773	1378678
2774	1379935
2775	1381400
2776	1382559
2777	1383624
2778	1384253
2779	1384844
2780	1386225
2781	1388003
2782	1389533
2783	1390751
2784	1391791
2785	1392421
2786	1392991
2787	1394155
2788	1395834
2789	1397678
2790	1399494
2791	1401107
2792	1402065
2793	1403173
2794	1404949
2795	1406826
2796	1408758
2797	1410488
2798	1411662
2799	1412284
2800	1412921
2801	1414041
2802	1415212
2803	1416330
2804	1417620
2805	1418215
2806	1418503
2807	1418857
2808	1419629
2809	1420768
2810	1421866
2811	1422950
2812	1423836
2813	1424459
2814	1425142
2815	1426359
2816	1427477
2817	1428616
2818	1429722
2819	1430697
2820	1431355
2821	1432084
2822	1433402
2823	1434782
2824	1436111
2825	1437452
2826	1438742
2827	1439583
2828	1440409
2829	1441845
2830	1443354
2831	1444795
2832	1446169
2833	1446933
2834	1447641
2835	1448421
2836	1449873
2837	1451442
2838	1452925
2839	1454305
2840	1455475
2841	1456206
2842	1456952
2843	1458337
2844	1459850
2845	1461258
2846	1462504
2847	1463589
2848	1464413
2849	1465205
2850	1466702
2851	1468077
2852	1469633
2853	1470943
2854	1472112
2855	1472951
2856	1473819
2857	1475216
2858	1476656
2859	1478069
2860	1479396
2861	1480707
2862	1481471
2863	1482235
2864	1483067
2865	1484488
2866	1485883
2867	1487214
2868	1488454
2869	1489267
2870	1490086
2871	1491338
2872	1492833
2873	1494290
2874	1495720
2875	1497040
2876	1497969
2877	1498980
2878	1501184
2879	1502645
2880	1504081
2881	1505816
2882	1507333
2883	1508354
2884	1509199
2885	1510757
2886	1512260
2887	1513626
2888	1514987
2889	1516225
2890	1517062
2891	1517891
2892	1519267
2893	1520832
2894	1522256
2895	1523622
2896	1525099
2897	1526251
2898	1527346
2899	1529362
2900	1531017
2901	1532061
2902	1532932
2903	1533604
2904	1534016
2905	1534506
2906	1535374
2907	1537581
2908	1539898
2909	1541910
2910	1543146
2911	1543745
2912	1544168
2913	1545214
2914	1546517
2915	1548125
2916	1549652
2917	1550897
2918	1551417
2919	1551784
2920	1552616
2921	1553468
2922	1554657
2923	1555703
2924	1556433
2925	1556820
2926	1557182
2927	1557879
2928	1558929
2929	1560092
2930	1561620
2931	1562830
2932	1563266
2933	1563805
2934	1565098
2935	1566649
2936	1567643
2937	1568443
2938	1569154
2939	1569595
2940	1570100
2941	1570937
2942	1572344
2943	1573819
2944	1574983
2945	1575759
2946	1576426
2947	1577004
2948	1578083
2949	1579128
2950	1579739
2951	1580578
2952	1581233
2953	1582225
2954	1583238
2955	1584767
2956	1586349
2957	1587893
2958	1588849
2959	1590147
2960	1591241
2961	1592343
2962	1593279
2963	1594309
2964	1596015
2965	1597098
2966	1597801
2967	1598274
2968	1598771
2969	1599498
2970	1600352
2971	1601185
2972	1601945
2973	1602639
2974	1603100
2975	1603619
2976	1604375
2977	1605158
2978	1605762
2979	1606219
2980	1606569
2981	1606988
2982	1607493
2983	1608121
2984	1608841
2985	1609528
2986	1610018
2987	1610420
2988	1610835
2989	1611469
2990	1612262
2991	1613143
2992	1614099
2993	1615345
2994	1616254
2995	1616752
2996	1617240
2997	1618091
2998	1618946
2999	1619750
3000	1620577
3001	1621271
