1	1
2	1
3	1
4	2
5	2
6	3
7	3
8	3
9	4
10	8
11	8
12	8
13	8
14	8
15	8
16	9
17	9
18	9
19	10
20	11
21	11
22	12
23	12
24	13
25	13
26	13
27	14
28	16
29	18
30	18
31	18
32	18
33	19
34	21
35	21
36	23
37	25
38	25
39	25
40	25
41	25
42	25
43	25
44	25
45	29
46	32
47	33
48	34
49	34
50	36
51	39
52	43
53	46
54	47
55	52
56	54
57	55
58	56
59	56
60	58
61	58
62	59
63	61
64	62
65	62
66	63
67	64
68	66
69	66
70	68
71	69
72	69
73	69
74	70
75	71
76	74
77	75
78	77
79	78
80	78
81	79
82	81
83	82
84	85
85	86
86	86
87	88
88	88
89	88
90	90
91	91
92	92
93	94
94	94
95	95
96	97
97	100
98	101
99	101
100	103
101	104
102	105
103	107
104	108
105	109
106	109
107	109
108	110
109	110
110	110
111	111
112	113
113	113
114	114
115	116
116	119
117	119
118	120
119	122
120	125
121	125
122	125
123	127
124	127
125	129
126	131
127	131
128	134
129	135
130	135
131	135
132	135
133	137
134	139
135	140
136	142
137	144
138	144
139	146
140	150
141	155
142	156
143	158
144	159
145	160
146	161
147	163
148	163
149	165
150	165
151	165
152	166
153	169
154	169
155	170
156	172
157	172
158	172
159	172
160	173
161	175
162	175
163	179
164	181
165	181
166	182
167	183
168	187
169	189
170	190
171	192
172	192
173	192
174	194
175	196
176	196
177	197
178	200
179	200
180	203
181	205
182	205
183	206
184	207
185	210
186	211
187	211
188	216
189	218
190	222
191	224
192	226
193	230
194	232
195	233
196	235
197	236
198	236
199	239
200	240
201	242
202	245
203	247
204	247
205	248
206	251
207	251
208	252
209	254
210	256
211	256
212	260
213	262
214	263
215	264
216	266
217	268
218	273
219	277
220	279
221	280
222	280
223	284
224	288
225	289
226	290
227	291
228	293
229	294
230	296
231	299
232	299
233	300
234	304
235	305
236	307
237	311
238	313
239	313
240	316
241	316
242	317
243	317
244	320
245	324
246	325
247	326
248	328
249	329
250	330
251	335
252	338
253	339
254	339
255	341
256	342
257	343
258	344
259	348
260	352
261	356
262	358
263	359
264	360
265	361
266	364
267	368
268	369
269	370
270	371
271	372
272	373
273	376
274	381
275	385
276	388
277	391
278	393
279	394
280	395
281	397
282	399
283	400
284	402
285	402
286	403
287	404
288	407
289	408
290	411
291	413
292	414
293	417
294	419
295	420
296	428
297	430
298	432
299	439
300	440
301	447
302	451
303	452
304	460
305	463
306	466
307	466
308	469
309	470
310	470
311	472
312	475
313	476
314	480
315	481
316	484
317	486
318	492
319	496
320	497
321	499
322	500
323	504
324	508
325	511
326	513
327	516
328	523
329	525
330	529
331	534
332	536
333	540
334	545
335	549
336	554
337	558
338	564
339	567
340	572
341	578
342	580
343	586
344	593
345	597
346	601
347	603
348	605
349	607
350	609
351	616
352	622
353	625
354	629
355	629
356	635
357	638
358	645
359	651
360	659
361	661
362	662
363	664
364	669
365	671
366	676
367	685
368	690
369	696
370	699
371	701
372	710
373	712
374	722
375	726
376	729
377	735
378	746
379	748
380	751
381	765
382	774
383	778
384	784
385	789
386	796
387	802
388	806
389	808
390	813
391	823
392	827
393	829
394	831
395	835
396	839
397	847
398	854
399	863
400	866
401	878
402	890
403	896
404	899
405	912
406	919
407	926
408	932
409	936
410	940
411	943
412	950
413	953
414	957
415	964
416	970
417	977
418	977
419	985
420	991
421	999
422	1002
423	1006
424	1013
425	1018
426	1022
427	1029
428	1038
429	1045
430	1066
431	1075
432	1078
433	1082
434	1088
435	1097
436	1103
437	1109
438	1116
439	1123
440	1130
441	1139
442	1146
443	1153
444	1162
445	1168
446	1182
447	1187
448	1194
449	1197
450	1203
451	1206
452	1211
453	1215
454	1219
455	1233
456	1255
457	1261
458	1265
459	1271
460	1273
461	1277
462	1283
463	1294
464	1305
465	1310
466	1313
467	1321
468	1326
469	1333
470	1338
471	1346
472	1350
473	1357
474	1366
475	1371
476	1375
477	1380
478	1389
479	1392
480	1395
481	1399
482	1406
483	1413
484	1427
485	1434
486	1441
487	1450
488	1455
489	1461
490	1468
491	1474
492	1482
493	1491
494	1495
495	1498
496	1502
497	1505
498	1509
499	1517
500	1521
501	1533
502	1542
503	1551
504	1561
505	1566
506	1574
507	1582
508	1588
509	1593
510	1601
511	1606
512	1613
513	1619
514	1624
515	1630
516	1635
517	1642
518	1652
519	1660
520	1667
521	1676
522	1680
523	1685
524	1696
525	1704
526	1717
527	1722
528	1730
529	1735
530	1738
531	1745
532	1752
533	1764
534	1771
535	1783
536	1786
537	1790
538	1793
539	1799
540	1811
541	1820
542	1830
543	1833
544	1838
545	1844
546	1853
547	1867
548	1878
549	1892
550	1897
551	1904
552	1911
553	1926
554	1930
555	1942
556	1946
557	1952
558	1967
559	1973
560	1992
561	1995
562	2005
563	2011
564	2015
565	2023
566	2034
567	2041
568	2049
569	2059
570	2065
571	2072
572	2076
573	2085
574	2096
575	2103
576	2112
577	2118
578	2122
579	2129
580	2129
581	2139
582	2146
583	2157
584	2165
585	2172
586	2177
587	2185
588	2193
589	2202
590	2215
591	2225
592	2228
593	2243
594	2252
595	2259
596	2276
597	2288
598	2303
599	2314
600	2323
601	2327
602	2341
603	2348
604	2355
605	2362
606	2369
607	2379
608	2392
609	2399
610	2410
611	2413
612	2425
613	2430
614	2438
615	2447
616	2460
617	2470
618	2481
619	2491
620	2494
621	2503
622	2521
623	2528
624	2541
625	2559
626	2567
627	2575
628	2579
629	2588
630	2599
631	2611
632	2617
633	2638
634	2651
635	2665
636	2674
637	2693
638	2704
639	2716
640	2726
641	2736
642	2745
643	2751
644	2764
645	2782
646	2791
647	2804
648	2811
649	2823
650	2833
651	2845
652	2859
653	2881
654	2895
655	2905
656	2919
657	2924
658	2934
659	2948
660	2966
661	2977
662	2991
663	3003
664	3015
665	3023
666	3044
667	3055
668	3066
669	3071
670	3076
671	3087
672	3113
673	3123
674	3129
675	3131
676	3138
677	3145
678	3153
679	3162
680	3169
681	3181
682	3198
683	3205
684	3221
685	3231
686	3248
687	3268
688	3291
689	3319
690	3335
691	3368
692	3380
693	3392
694	3416
695	3456
696	3472
697	3486
698	3503
699	3519
700	3538
701	3554
702	3572
703	3592
704	3604
705	3623
706	3640
707	3661
708	3673
709	3688
710	3708
711	3726
712	3738
713	3754
714	3769
715	3794
716	3817
717	3839
718	3860
719	3871
720	3893
721	3921
722	3936
723	3964
724	3994
725	4008
726	4017
727	4045
728	4072
729	4102
730	4127
731	4152
732	4173
733	4190
734	4203
735	4224
736	4246
737	4270
738	4281
739	4293
740	4308
741	4329
742	4365
743	4392
744	4414
745	4437
746	4447
747	4463
748	4480
749	4500
750	4527
751	4554
752	4569
753	4584
754	4597
755	4609
756	4620
757	4640
758	4666
759	4691
760	4703
761	4721
762	4750
763	4768
764	4779
765	4805
766	4828
767	4847
768	4859
769	4883
770	4908
771	4928
772	4952
773	4970
774	4991
775	5004
776	5025
777	5057
778	5093
779	5116
780	5141
781	5157
782	5173
783	5202
784	5219
785	5249
786	5274
787	5290
788	5301
789	5312
790	5337
791	5356
792	5373
793	5401
794	5426
795	5436
796	5455
797	5482
798	5500
799	5527
800	5553
801	5571
802	5578
803	5598
804	5622
805	5638
806	5672
807	5696
808	5729
809	5753
810	5763
811	5786
812	5806
813	5828
814	5856
815	5883
816	5904
817	5916
818	5944
819	5979
820	6009
821	6045
822	6068
823	6093
824	6106
825	6135
826	6167
827	6183
828	6211
829	6231
830	6253
831	6266
832	6288
833	6321
834	6342
835	6378
836	6417
837	6435
838	6456
839	6482
840	6522
841	6540
842	6660
843	6687
844	6714
845	6730
846	6758
847	6794
848	6818
849	6849
850	6885
851	6905
852	6927
853	6958
854	6997
855	7024
856	7052
857	7074
858	7100
859	7114
860	7142
861	7160
862	7210
863	7236
864	7267
865	7280
866	7294
867	7322
868	7358
869	7398
870	7424
871	7459
872	7486
873	7499
874	7523
875	7543
876	7573
877	7600
878	7624
879	7638
880	7651
881	7682
882	7720
883	7743
884	7773
885	7798
886	7829
887	7853
888	7879
889	7910
890	7943
891	7978
892	8015
893	8041
894	8063
895	8091
896	8122
897	8148
898	8186
899	8215
900	8234
901	8260
902	8288
903	8317
904	8353
905	8386
906	8420
907	8437
908	8450
909	8484
910	8528
911	8564
912	8597
913	8633
914	8662
915	8680
916	8722
917	8758
918	8792
919	8833
920	8867
921	8898
922	8933
923	8975
924	9008
925	9031
926	9071
927	9103
928	9138
929	9149
930	9181
931	9214
932	9247
933	9291
934	9328
935	9351
936	9380
937	9426
938	9462
939	9491
940	9539
941	9591
942	9612
943	9627
944	9671
945	9712
946	9756
947	9787
948	9825
949	9852
950	9875
951	9910
952	9950
953	10001
954	10029
955	10063
956	10087
957	10114
958	10156
959	10211
960	10248
961	10293
962	10335
963	10374
964	10411
965	10453
966	10519
967	10567
968	10607
969	10642
970	10679
971	10702
972	10761
973	10808
974	10859
975	10899
976	10941
977	10972
978	11010
979	11058
980	11103
981	11143
982	11178
983	11226
984	11272
985	11299
986	11342
987	11382
988	11419
989	11456
990	11493
991	11523
992	11556
993	11599
994	11652
995	11703
996	11760
997	11804
998	11833
999	11851
1000	11899
1001	11929
1002	11968
1003	12022
1004	12062
1005	12086
1006	12114
1007	12165
1008	12241
1009	12299
1010	12340
1011	12400
1012	12434
1013	12477
1014	12541
1015	12600
1016	12651
1017	12709
1018	12753
1019	12785
1020	12810
1021	12854
1022	12938
1023	13011
1024	13061
1025	13092
1026	13118
1027	13141
1028	13188
1029	13237
1030	13293
1031	13352
1032	13390
1033	13416
1034	13452
1035	13501
1036	13537
1037	13595
1038	13640
1039	13666
1040	13688
1041	13717
1042	13751
1043	13796
1044	13859
1045	13904
1046	13933
1047	13963
1048	14011
1049	14053
1050	14107
1051	14166
1052	14228
1053	14292
1054	14322
1055	14380
1056	14451
1057	14505
1058	14565
1059	14607
1060	14660
1061	14697
1062	14743
1063	14808
1064	14868
1065	14921
1066	14970
1067	15019
1068	15068
1069	15101
1070	15160
1071	15224
1072	15311
1073	15365
1074	15420
1075	15462
1076	15509
1077	15579
1078	15658
1079	15720
1080	15772
1081	15829
1082	15868
1083	15911
1084	15991
1085	16071
1086	16136
1087	16210
1088	16275
1089	16314
1090	16359
1091	16414
1092	16491
1093	16556
1094	16632
1095	16702
1096	16755
1097	16812
1098	16888
1099	17001
1100	17077
1101	17174
1102	17254
1103	17311
1104	17347
1105	17417
1106	17499
1107	17593
1108	17675
1109	17774
1110	17852
1111	17931
1112	18017
1113	18099
1114	18189
1115	18277
1116	18343
1117	18391
1118	18458
1119	18553
1120	18628
1121	18700
1122	18783
1123	18868
1124	18946
1125	18991
1126	19081
1127	19159
1128	19219
1129	19332
1130	19414
1131	19465
1132	19511
1133	19584
1134	19671
1135	19747
1136	19826
1137	19904
1138	19948
1139	20006
1140	20135
1141	20205
1142	20289
1143	20366
1144	20474
1145	20538
1146	20592
1147	20672
1148	20774
1149	20861
1150	20939
1151	21021
1152	21082
1153	21160
1154	21234
1155	21311
1156	21403
1157	21492
1158	21580
1159	21629
1160	21675
1161	21740
1162	21822
1163	21907
1164	22049
1165	22174
1166	22228
1167	22305
1168	22387
1169	22465
1170	22588
1171	22674
1172	22742
1173	22788
1174	22845
1175	22924
1176	23029
1177	23113
1178	23225
1179	23299
1180	23358
1181	23417
1182	23520
1183	23635
1184	23728
1185	23821
1186	23905
1187	23969
1188	24028
1189	24113
1190	24205
1191	24317
1192	24430
1193	24524
1194	24612
1195	24676
1196	24745
1197	24842
1198	24946
1199	25037
1200	25122
1201	25173
1202	25244
1203	25337
1204	25442
1205	25546
1206	25639
1207	25744
1208	25800
1209	25860
1210	25963
1211	26073
1212	26175
1213	26273
1214	26379
1215	26446
1216	26527
1217	26660
1218	26762
1219	26872
1220	27007
1221	27111
1222	27197
1223	27262
1224	27360
1225	27456
1226	27551
1227	27649
1228	27743
1229	27822
1230	27898
1231	27982
1232	28117
1233	28258
1234	28354
1235	28451
1236	28503
1237	28591
1238	28700
1239	28819
1240	28921
1241	29019
1242	29122
1243	29207
1244	29263
1245	29399
1246	29495
1247	29638
1248	29752
1249	29841
1250	29904
1251	29970
1252	30076
1253	30202
1254	30306
1255	30438
1256	30590
1257	30668
1258	30760
1259	30862
1260	30986
1261	31108
1262	31242
1263	31353
1264	31471
1265	31553
1266	31677
1267	31775
1268	31875
1269	31992
1270	32085
1271	32166
1272	32222
1273	32343
1274	32453
1275	32564
1276	32695
1277	32827
1278	32959
1279	33064
1280	33202
1281	33335
1282	33486
1283	33614
1284	33735
1285	33809
1286	33895
1287	34001
1288	34153
1289	34270
1290	34404
1291	34515
1292	34605
1293	34694
1294	34826
1295	34992
1296	35144
1297	35272
1298	35399
1299	35484
1300	35574
1301	35700
1302	35858
1303	35996
1304	36145
1305	36290
1306	36394
1307	36515
1308	36659
1309	36819
1310	36961
1311	37088
1312	37209
1313	37312
1314	37399
1315	37548
1316	37700
1317	37850
1318	38012
1319	38143
1320	38241
1321	38333
1322	38481
1323	38629
1324	38772
1325	38911
1326	39053
1327	39129
1328	39247
1329	39382
1330	39525
1331	39685
1332	39825
1333	39984
1334	40057
1335	40143
1336	40312
1337	40484
1338	40683
1339	40872
1340	41035
1341	41144
1342	41268
1343	41443
1344	41596
1345	41774
1346	41941
1347	42103
1348	42208
1349	42319
1350	42460
1351	42616
1352	42783
1353	42933
1354	43077
1355	43179
1356	43288
1357	43463
1358	43667
1359	43863
1360	44028
1361	44166
1362	44263
1363	44467
1364	44630
1365	44780
1366	44972
1367	45163
1368	45326
1369	45438
1370	45543
1371	45746
1372	45946
1373	46140
1374	46306
1375	46454
1376	46613
1377	46763
1378	46940
1379	47136
1380	47331
1381	47498
1382	47718
1383	47854
1384	47986
1385	48155
1386	48365
1387	48569
1388	48765
1389	48997
1390	49125
1391	49264
1392	49443
1393	49653
1394	49851
1395	50028
1396	50198
1397	50310
1398	50445
1399	50640
1400	50818
1401	50974
1402	51144
1403	51272
1404	51349
1405	51433
1406	51555
1407	51705
1408	51871
1409	52038
1410	52180
1411	52270
1412	52377
1413	52563
1414	52766
1415	53014
1416	53278
1417	53522
1418	53668
1419	53839
1420	54096
1421	54336
1422	54579
1423	54833
1424	55066
1425	55257
1426	55421
1427	55657
1428	55926
1429	56175
1430	56417
1431	56653
1432	56796
1433	56950
1434	57222
1435	57520
1436	57793
1437	58038
1438	58252
1439	58408
1440	58578
1441	58835
1442	59101
1443	59351
1444	59606
1445	59960
1446	60146
1447	60339
1448	60597
1449	60876
1450	61166
1451	61447
1452	61699
1453	61896
1454	62096
1455	62461
1456	62786
1457	63098
1458	63453
1459	63711
1460	63921
1461	64180
1462	64506
1463	64858
1464	65243
1465	65529
1466	65833
1467	66076
1468	66338
1469	66680
1470	67084
1471	67436
1472	67713
1473	68027
1474	68266
1475	68468
1476	68746
1477	69128
1478	69445
1479	69740
1480	70024
1481	70210
1482	70388
1483	70620
1484	70880
1485	71228
1486	71558
1487	71853
1488	72104
1489	72350
1490	72693
1491	73060
1492	73427
1493	73758
1494	74139
1495	74416
1496	74660
1497	74972
1498	75316
1499	75711
1500	76145
1501	76470
1502	76753
1503	76962
1504	77268
1505	77648
1506	78012
1507	78377
1508	78684
1509	78893
1510	79096
1511	79376
1512	79732
1513	80115
1514	80488
1515	81009
1516	81278
1517	81495
1518	81868
1519	82248
1520	82658
1521	83046
1522	83403
1523	83693
1524	83948
1525	84303
1526	84739
1527	85126
1528	85464
1529	85775
1530	85980
1531	86190
1532	86519
1533	86845
1534	87209
1535	87572
1536	87912
1537	88186
1538	88411
1539	88737
1540	89121
1541	89523
1542	89978
1543	90372
1544	90644
1545	90899
1546	91285
1547	91731
1548	92172
1549	92564
1550	92898
1551	93123
1552	93390
1553	93799
1554	94295
1555	94765
1556	95225
1557	95638
1558	95887
1559	96176
1560	96551
1561	97017
1562	97475
1563	97921
1564	98359
1565	98637
1566	98915
1567	99384
1568	99839
1569	100241
1570	100691
1571	101160
1572	101449
1573	101772
1574	102246
1575	102741
1576	103198
1577	103652
1578	104059
1579	104344
1580	104620
1581	105065
1582	105552
1583	106009
1584	106487
1585	106926
1586	107162
1587	107428
1588	107931
1589	108422
1590	108887
1591	109371
1592	109836
1593	110148
1594	110496
1595	110937
1596	111423
1597	111923
1598	112422
1599	112903
1600	113131
1601	113361
1602	113839
1603	114294
1604	114773
1605	115223
1606	115676
1607	116013
1608	116363
1609	116871
1610	117395
1611	117946
1612	118500
1613	119000
1614	119304
1615	119634
1616	120114
1617	120626
1618	121145
1619	121629
1620	122049
1621	122312
1622	122600
1623	123034
1624	123547
1625	124058
1626	124711
1627	125321
1628	125702
1629	126114
1630	126705
1631	127477
1632	128156
1633	128804
1634	129316
1635	129762
1636	130150
1637	130835
1638	131510
1639	132179
1640	132851
1641	133523
1642	133935
1643	134339
1644	135018
1645	135700
1646	136455
1647	137177
1648	137837
1649	138333
1650	138817
1651	139515
1652	140260
1653	140984
1654	141703
1655	142324
1656	142785
1657	143231
1658	143871
1659	144626
1660	145370
1661	146166
1662	147013
1663	147459
1664	147919
1665	148689
1666	149435
1667	150222
1668	150992
1669	151659
1670	152161
1671	152693
1672	153486
1673	154299
1674	155121
1675	155929
1676	156658
1677	157173
1678	157678
1679	158440
1680	159287
1681	160055
1682	160927
1683	161616
1684	162143
1685	162596
1686	163325
1687	164028
1688	164485
1689	164946
1690	165390
1691	165670
1692	165945
1693	166352
1694	166856
1695	167446
1696	168005
1697	168446
1698	168739
1699	169086
1700	169596
1701	170086
1702	170554
1703	171015
1704	171468
1705	171758
1706	172027
1707	172483
1708	172965
1709	173425
1710	173889
1711	174285
1712	174568
1713	174851
1714	175295
1715	175751
1716	176161
1717	176975
1718	177407
1719	177682
1720	178045
1721	178546
1722	179144
1723	179716
1724	180441
1725	181137
1726	181733
1727	182287
1728	183081
1729	183837
1730	184611
1731	185346
1732	186101
1733	186610
1734	187127
1735	187788
1736	188468
1737	189011
1738	189404
1739	189787
1740	190120
1741	190420
1742	190846
1743	191330
1744	191885
1745	192490
1746	193116
1747	193573
1748	194009
1749	194707
1750	195385
1751	196105
1752	196841
1753	197514
1754	197943
1755	198376
1756	199068
1757	199828
1758	200541
1759	201279
1760	201912
1761	202388
1762	202853
1763	203580
1764	204185
1765	204600
1766	205039
1767	205532
1768	205786
1769	205998
1770	206281
1771	206491
1772	206986
1773	207615
1774	208208
1775	208710
1776	209156
1777	209425
1778	209636
1779	210164
1780	210776
1781	211218
1782	211518
1783	211841
1784	212414
1785	213241
1786	214159
1787	215124
1788	215868
1789	216222
1790	216542
1791	216996
1792	217508
1793	217982
1794	218578
1795	219222
1796	219688
1797	220095
1798	220727
1799	221512
1800	222295
1801	223090
1802	223738
1803	224230
1804	224705
1805	225455
1806	226201
1807	226948
1808	227700
1809	228389
1810	228949
1811	229471
1812	230308
1813	231181
1814	232050
1815	233007
1816	233773
1817	234367
1818	234924
1819	235751
1820	236679
1821	237536
1822	238484
1823	239346
1824	239948
1825	240580
1826	241536
1827	242578
1828	243695
1829	244771
1830	245794
1831	246456
1832	247239
1833	248151
1834	249258
1835	250322
1836	251382
1837	252362
1838	253100
1839	253845
1840	254814
1841	255541
1842	256291
1843	257102
1844	258133
1845	258839
1846	259505
1847	260516
1848	261584
1849	262636
1850	263501
1851	264469
1852	265247
1853	265987
1854	267023
1855	268138
1856	269157
1857	270265
1858	271283
1859	271923
1860	272245
1861	272807
1862	273720
1863	274690
1864	275453
1865	276206
1866	276700
1867	277374
1868	278130
1869	278997
1870	279859
1871	280710
1872	281561
1873	282105
1874	282663
1875	283613
1876	284547
1877	285453
1878	286386
1879	287249
1880	287857
1881	288478
1882	289386
1883	290336
1884	291303
1885	292274
1886	293163
1887	293826
1888	294396
1889	295308
1890	296326
1891	296966
1892	297500
1893	298014
1894	298510
1895	299257
1896	300330
1897	301349
1898	302205
1899	303274
1900	304300
1901	305158
1902	305918
1903	307140
1904	308370
1905	309505
1906	310576
1907	311789
1908	312501
1909	313134
1910	314079
1911	315237
1912	316338
1913	317392
1914	318379
1915	319044
1916	319762
1917	320765
1918	321509
1919	322363
1920	323074
1921	323868
1922	324532
1923	325181
1924	326185
1925	327346
1926	328561
1927	329723
1928	330336
1929	330699
1930	331074
1931	331684
1932	332833
1933	334044
1934	335181
1935	336223
1936	336943
1937	337676
1938	338658
1939	339660
1940	340770
1941	341946
1942	343034
1943	343644
1944	344259
1945	345364
1946	346595
1947	347735
1948	348861
1949	349886
1950	350538
1951	351374
1952	352451
1953	353666
1954	354707
1955	355742
1956	356800
1957	357428
1958	358058
1959	359201
1960	360359
1961	361578
1962	362622
1963	363672
1964	364397
1965	365131
1966	366320
1967	367493
1968	368785
1969	369922
1970	370957
1971	371650
1972	372429
1973	373722
1974	375036
1975	376759
1976	377836
1977	378495
1978	379102
1979	379721
1980	381132
1981	382459
1982	383680
1983	384931
1984	385998
1985	386763
1986	387505
1987	388648
1988	389801
1989	390872
1990	391984
1991	392985
1992	393599
1993	394285
1994	395418
1995	396548
1996	397713
1997	398795
1998	399768
1999	400402
2000	401041
2001	401954
2002	402711
2003	403894
2004	404897
2005	405921
2006	406549
2007	407219
2008	408359
2009	409491
2010	410657
2011	411812
2012	412867
2013	413600
2014	414394
2015	415577
2016	416790
2017	417983
2018	419152
2019	420057
2020	420737
2021	421412
2022	422444
2023	423504
2024	424637
2025	425831
2026	426857
2027	427547
2028	428206
2029	429256
2030	430451
2031	431657
2032	432871
2033	433998
2034	434435
2035	434770
2036	435429
2037	436133
2038	437115
2039	438181
2040	439146
2041	439866
2042	440622
2043	441756
2044	442842
2045	444000
2046	445172
2047	446251
2048	447003
2049	447780
2050	448872
2051	450006
2052	451093
2053	452171
2054	453218
2055	453971
2056	454704
2057	455788
2058	457144
2059	458483
2060	459759
2061	460829
2062	461559
2063	462310
2064	463549
2065	464834
2066	466076
2067	467272
2068	468430
2069	469174
2070	470002
2071	471204
2072	472521
2073	473849
2074	475092
2075	476300
2076	476974
2077	477721
2078	478940
2079	480269
2080	481472
2081	482629
2082	483583
2083	484378
2084	485139
2085	486309
2086	487572
2087	488909
2088	490263
2089	491516
2090	492338
2091	493102
2092	494345
2093	495659
2094	497012
2095	498346
2096	499542
2097	500340
2098	501114
2099	502254
2100	503627
2101	504967
2102	506292
2103	507447
2104	508213
2105	509062
2106	510403
2107	511758
2108	512982
2109	514087
2110	515096
2111	515864
2112	516561
2113	517788
2114	519053
2115	520262
2116	521495
2117	522679
2118	523404
2119	524157
2120	525419
2121	526712
2122	528011
2123	529307
2124	530516
2125	531319
2126	532104
2127	533410
2128	534731
2129	535968
2130	537149
2131	538245
2132	538920
2133	539642
2134	540664
2135	541547
2136	542166
2137	543059
2138	544042
2139	544769
2140	545479
2141	546459
2142	547427
2143	548021
2144	549235
2145	550305
2146	551150
2147	551982
2148	553100
2149	554449
2150	555779
2151	557110
2152	558368
2153	559193
2154	560085
2155	561513
2156	562961
2157	564418
2158	565908
2159	567226
2160	568185
2161	569099
2162	570488
2163	572171
2164	573537
2165	574862
2166	576204
2167	577134
2168	578025
2169	579084
2170	579774
2171	580904
2172	582212
2173	583432
2174	584376
2175	585213
2176	586607
2177	587935
2178	589359
2179	590754
2180	592050
2181	593032
2182	594031
2183	595461
2184	596749
2185	598095
2186	599582
2187	600750
2188	601622
2189	602486
2190	603949
2191	605418
2192	606857
2193	608347
2194	610005
2195	610934
2196	611871
2197	613455
2198	614932
2199	616574
2200	618088
2201	619488
2202	620513
2203	621423
2204	622815
2205	624375
2206	625897
2207	627532
2208	628864
2209	629738
2210	630615
2211	632101
2212	633529
2213	635045
2214	636618
2215	637933
2216	638844
2217	639851
2218	641234
2219	642875
2220	644439
2221	646064
2222	647588
2223	648605
2224	649590
2225	651150
2226	652668
2227	654274
2228	655706
2229	657108
2230	657958
2231	658761
2232	659856
2233	661211
2234	662660
2235	664149
2236	665477
2237	666449
2238	667322
2239	668753
2240	670378
2241	671759
2242	673168
2243	674473
2244	675378
2245	676259
2246	677515
2247	678482
2248	679864
2249	681122
2250	682195
2251	682847
2252	683611
2253	684818
2254	686245
2255	687663
2256	689040
2257	690416
2258	691290
2259	692227
2260	693563
2261	695013
2262	696322
2263	697410
2264	698461
2265	698898
2266	699613
2267	700833
2268	701976
2269	703213
2270	704506
2271	705683
2272	706509
2273	707276
2274	708735
2275	710222
2276	711746
2277	712451
2278	713082
2279	713544
2280	714254
2281	715386
2282	716546
2283	717430
2284	718326
2285	719144
2286	719726
2287	720628
2288	721832
2289	722673
2290	723529
2291	724302
2292	725056
2293	725635
2294	726134
2295	726990
2296	727907
2297	728778
2298	729700
2299	730544
2300	731109
2301	731597
2302	732358
2303	733203
2304	734075
2305	734842
2306	735668
2307	736143
2308	736646
2309	737459
2310	738272
2311	739172
2312	740037
2313	740863
2314	741378
2315	741883
2316	742697
2317	743617
2318	744453
2319	745375
2320	746203
2321	746739
2322	747263
2323	748102
2324	748911
2325	749661
2326	750395
2327	751025
2328	751469
2329	751972
2330	752807
2331	753650
2332	754516
2333	755339
2334	756052
2335	756500
2336	756978
2337	757721
2338	758585
2339	759401
2340	760155
2341	760854
2342	761336
2343	761823
2344	762582
2345	763319
2346	764182
2347	764992
2348	765760
2349	766243
2350	766725
2351	767464
2352	768227
2353	768982
2354	769753
2355	770464
2356	770889
2357	771319
2358	772074
2359	772905
2360	773735
2361	774478
2362	775200
2363	775725
2364	776278
2365	777045
2366	777804
2367	778690
2368	779448
2369	780146
2370	780621
2371	781120
2372	781948
2373	782760
2374	783524
2375	784282
2376	785031
2377	785548
2378	786032
2379	786641
2380	787371
2381	788231
2382	789036
2383	789747
2384	790199
2385	790518
2386	790990
2387	791493
2388	792012
2389	792576
2390	793076
2391	793401
2392	793714
2393	794257
2394	794876
2395	795471
2396	796056
2397	796635
2398	796971
2399	797388
2400	798113
2401	799035
2402	799980
2403	800866
2404	801662
2405	802235
2406	802789
2407	803620
2408	804488
2409	805269
2410	806173
2411	806939
2412	807486
2413	808060
2414	808883
2415	809725
2416	810535
2417	811408
2418	812179
2419	812643
2420	813214
2421	813973
2422	814864
2423	815670
2424	816524
2425	817207
2426	817725
2427	818282
2428	819105
2429	819922
2430	820770
2431	821643
2432	822428
2433	822921
2434	823486
2435	824318
2436	825218
2437	826157
2438	827081
2439	827887
2440	828435
2441	829042
2442	829990
2443	830877
2444	831815
2445	832675
2446	833451
2447	834024
2448	834622
2449	835544
2450	836451
2451	837347
2452	837915
2453	838473
2454	838846
2455	839284
2456	840175
2457	841209
2458	842366
2459	843593
2460	844791
2461	845573
2462	846388
2463	847601
2464	848775
2465	850132
2466	851262
2467	852238
2468	852954
2469	853655
2470	854705
2471	855853
2472	856908
2473	857811
2474	858799
2475	859500
2476	860159
2477	861166
2478	862263
2479	863397
2480	864483
2481	865358
2482	866058
2483	866694
2484	867795
2485	868903
2486	869940
2487	871063
2488	872192
2489	873015
2490	873657
2491	874847
2492	876047
2493	877663
2494	879420
2495	881096
2496	882115
2497	883113
2498	884643
2499	886119
2500	886891
2501	887502
2502	888278
2503	889007
2504	889759
2505	890776
2506	891779
2507	892583
2508	893110
2509	893972
2510	894768
2511	895662
2512	896942
2513	898186
2514	899406
2515	900735
2516	901959
2517	902691
2518	903774
2519	905387
2520	907181
2521	908993
2522	910747
2523	912551
2524	913641
2525	914440
2526	916589
2527	918589
2528	922649
2529	926889
2530	928131
2531	929011
2532	929970
2533	931351
2534	932919
2535	934405
2536	935834
2537	937119
2538	937945
2539	938812
2540	940084
2541	941495
2542	942966
2543	944496
2544	945934
2545	946895
2546	947807
2547	949203
2548	950667
2549	952152
2550	953523
2551	954811
2552	955536
2553	956320
2554	957433
2555	958746
2556	960010
2557	961516
2558	962989
2559	964283
2560	965460
2561	966797
2562	968403
2563	969907
2564	971531
2565	973083
2566	974119
2567	975058
2568	976533
2569	978361
2570	980301
2571	981901
2572	983160
2573	984050
2574	984898
2575	986333
2576	988046
2577	990066
2578	992156
2579	994034
2580	995471
2581	997078
2582	999187
2583	1001337
2584	1003147
2585	1004575
2586	1005936
2587	1006893
2588	1007889
2589	1009450
2590	1011173
2591	1012869
2592	1014845
2593	1016315
2594	1017286
2595	1018194
2596	1019697
2597	1021249
2598	1023292
2599	1025200
2600	1026566
2601	1027429
2602	1028247
2603	1029430
2604	1030897
2605	1032415
2606	1033797
2607	1035121
2608	1035979
2609	1036825
2610	1038222
2611	1039734
2612	1041153
2613	1042597
2614	1044002
2615	1044861
2616	1045701
2617	1047568
2618	1048998
2619	1050477
2620	1051967
2621	1053298
2622	1054188
2623	1055018
2624	1056294
2625	1058218
2626	1059718
2627	1061161
2628	1062283
2629	1063162
2630	1063945
2631	1065350
2632	1066798
2633	1068233
2634	1069715
2635	1071564
2636	1072756
2637	1074028
2638	1075942
2639	1078020
2640	1080115
2641	1081531
2642	1082898
2643	1083797
2644	1084952
2645	1086378
2646	1087945
2647	1089487
2648	1091070
2649	1092448
2650	1093240
2651	1094076
2652	1095255
2653	1096613
2654	1098098
2655	1099800
2656	1101764
2657	1102668
2658	1103568
2659	1104905
2660	1106368
2661	1107923
2662	1109228
2663	1110523
2664	1111351
2665	1112198
2666	1113655
2667	1115703
2668	1117466
2669	1119003
2670	1120264
2671	1121176
2672	1121997
2673	1123459
2674	1125114
2675	1127069
2676	1128939
2677	1130810
2678	1132013
2679	1133134
2680	1134945
2681	1137025
2682	1139070
2683	1141121
2684	1142502
2685	1143330
2686	1144118
2687	1145561
2688	1146939
2689	1148337
2690	1149875
2691	1150640
2692	1151023
2693	1151372
2694	1152150
2695	1153241
2696	1154394
2697	1155540
2698	1156601
2699	1157250
2700	1157934
2701	1158986
2702	1160116
2703	1161186
2704	1162197
2705	1163183
2706	1163802
2707	1164503
2708	1165605
2709	1166945
2710	1168318
2711	1169634
2712	1170854
2713	1171644
2714	1172360
2715	1173570
2716	1174858
2717	1176138
2718	1177403
2719	1178121
2720	1178828
2721	1179549
2722	1180815
2723	1182255
2724	1183671
2725	1184867
2726	1186083
2727	1186835
2728	1187593
2729	1188915
2730	1190243
2731	1191651
2732	1192979
2733	1194184
2734	1195006
2735	1195973
2736	1197278
2737	1198659
2738	1200030
2739	1201327
2740	1202499
2741	1203290
2742	1204088
2743	1205342
2744	1206705
2745	1208088
2746	1209460
2747	1210671
2748	1211504
2749	1212301
2750	1213202
2751	1214522
2752	1215855
2753	1217162
2754	1218363
2755	1219155
2756	1219999
2757	1221272
2758	1222627
2759	1224027
2760	1225489
2761	1226772
2762	1227616
2763	1228517
2764	1229856
2765	1231292
2766	1232752
2767	1234033
2768	1235250
2769	1236107
2770	1236982
2771	1238418
2772	1239862
2773	1241256
2774	1242590
2775	1243925
2776	1244743
2777	1245534
2778	1246866
2779	1248207
2780	1249524
2781	1250859
2782	1252457
2783	1253697
2784	1255058
2785	1257050
2786	1258634
2787	1259391
2788	1260186
2789	1260645
2790	1260887
2791	1261244
2792	1261936
2793	1262956
2794	1264212
2795	1265603
2796	1266494
2797	1266822
2798	1267077
2799	1267557
2800	1268294
2801	1269622
2802	1271045
2803	1272044
2804	1272361
2805	1272610
2806	1273228
2807	1273808
2808	1274633
2809	1275256
2810	1275749
2811	1276019
2812	1276296
2813	1276722
2814	1277440
2815	1278145
2816	1279247
2817	1280068
2818	1280332
2819	1280585
2820	1281460
2821	1282734
2822	1283328
2823	1283842
2824	1284253
2825	1284504
2826	1284719
2827	1285181
2828	1286154
2829	1286955
2830	1287642
2831	1288157
2832	1288718
2833	1289155
2834	1289991
2835	1290706
2836	1291318
2837	1292349
2838	1293150
2839	1294007
2840	1294958
2841	1296254
2842	1297586
2843	1298862
2844	1299822
2845	1302276
2846	1303367
2847	1304224
2848	1304812
2849	1305456
2850	1306820
2851	1307428
2852	1307871
2853	1308144
2854	1308354
2855	1308810
2856	1309284
2857	1309766
2858	1310234
2859	1310627
2860	1310821
2861	1311049
2862	1311502
2863	1311899
2864	1312258
2865	1312476
2866	1312646
2867	1312824
2868	1313030
2869	1313364
2870	1313734
2871	1314063
2872	1314294
2873	1314501
2874	1314729
2875	1314946
2876	1315329
2877	1315737
2878	1316196
2879	1317103
2880	1317584
2881	1317813
2882	1318034
2883	1318485
2884	1318950
2885	1319401
2886	1319849
2887	1320190
