1	1
2	1
3	1
4	1
5	1
6	1
7	1
8	1
9	1
10	1
11	1
12	1
13	1
14	1
15	1
16	9
17	14
18	16
19	16
20	16
21	16
22	16
23	16
24	16
25	17
26	17
27	17
28	17
29	17
30	17
31	17
32	17
33	17
34	17
35	17
36	17
37	17
38	17
39	18
40	18
41	18
42	18
43	18
44	18
45	18
46	18
47	18
48	18
49	18
50	18
51	19
52	19
53	19
54	20
55	20
56	20
57	20
58	20
59	20
60	20
61	21
62	21
63	21
64	21
65	21
66	21
67	21
68	21
69	21
70	21
71	21
72	21
73	21
74	21
75	22
76	22
77	22
78	22
79	22
80	22
81	22
82	22
83	22
84	22
85	22
86	22
87	22
88	22
89	22
90	22
91	23
92	23
93	23
94	23
95	23
96	23
97	23
98	23
99	23
100	23
101	23
102	23
103	23
104	23
105	23
106	23
107	23
108	23
109	24
110	24
111	24
112	24
113	24
114	24
115	24
116	25
117	25
118	25
119	26
120	26
121	26
122	26
123	26
124	26
125	26
126	26
127	26
128	26
129	26
130	26
131	26
132	26
133	26
134	26
135	26
136	27
137	27
138	29
139	29
140	29
141	29
142	29
143	29
144	30
145	31
146	31
147	31
148	31
149	31
150	31
151	31
152	31
153	31
154	32
155	32
156	32
157	32
158	32
159	32
160	32
161	32
162	32
163	32
164	32
165	32
166	32
167	32
168	32
169	32
170	32
171	32
172	32
173	32
174	32
175	33
176	33
177	33
178	33
179	33
180	33
181	33
182	33
183	33
184	33
185	33
186	33
187	33
188	33
189	33
190	34
191	34
192	34
193	34
194	34
195	34
196	34
197	34
198	34
199	34
200	34
201	34
202	34
203	36
204	37
205	37
206	37
207	37
208	37
209	37
210	39
211	41
212	41
213	42
214	42
215	42
216	42
217	43
218	43
219	43
220	44
221	44
222	44
223	44
224	45
225	45
226	45
227	46
228	46
229	46
230	46
231	46
232	46
233	47
234	47
235	47
236	47
237	47
238	47
239	48
240	49
241	49
242	49
243	49
244	49
245	49
246	49
247	49
248	49
249	49
250	49
251	49
252	49
253	50
254	52
255	52
256	52
257	52
258	52
259	52
260	52
261	52
262	53
263	53
264	54
265	54
266	54
267	54
268	54
269	54
270	55
271	55
272	56
273	56
274	56
275	56
276	58
277	58
278	58
279	59
280	59
281	59
282	59
283	59
284	60
285	61
286	62
287	62
288	62
289	62
290	62
291	62
292	62
293	62
294	62
295	63
296	64
297	65
298	66
299	67
300	67
301	67
302	67
303	69
304	70
305	70
306	70
307	71
308	71
309	72
310	73
311	75
312	75
313	76
314	76
315	77
316	78
317	79
318	79
319	79
320	81
321	81
322	82
323	82
324	82
325	82
326	83
327	83
328	83
329	83
330	83
331	83
332	84
333	86
334	88
335	88
336	88
337	89
338	91
339	91
340	92
341	92
342	92
343	92
344	94
345	96
346	96
347	96
348	96
349	98
350	98
351	98
352	98
353	98
354	99
355	99
356	99
357	99
358	99
359	100
360	100
361	100
362	100
363	101
364	101
365	102
366	102
367	102
368	102
369	102
370	103
371	103
372	103
373	106
374	108
375	108
376	108
377	109
378	109
379	110
380	111
381	111
382	111
383	111
384	111
385	112
386	114
387	116
388	118
389	122
390	124
391	126
392	126
393	129
394	129
395	131
396	134
397	134
398	134
399	134
400	135
401	138
402	140
403	140
404	140
405	141
406	141
407	143
408	143
409	144
410	144
411	147
412	147
413	147
414	147
415	147
416	147
417	147
418	150
419	151
420	153
421	153
422	153
423	154
424	156
425	158
426	159
427	159
428	159
429	159
430	162
431	163
432	163
433	163
434	164
435	165
436	166
437	167
438	167
439	167
440	167
441	167
442	167
443	167
444	169
445	175
446	176
447	176
448	176
449	177
450	178
451	180
452	182
453	183
454	185
455	186
456	187
457	188
458	189
459	189
460	190
461	190
462	191
463	192
464	193
465	193
466	195
467	195
468	195
469	197
470	197
471	197
472	198
473	201
474	201
475	201
476	201
477	202
478	202
479	204
480	204
481	208
482	209
483	209
484	209
485	210
486	211
487	214
488	216
489	218
490	218
491	219
492	220
493	221
494	222
495	223
496	225
497	227
498	227
499	229
500	230
501	231
502	231
503	231
504	232
505	232
506	234
507	236
508	236
509	236
510	237
511	237
512	237
513	238
514	239
515	239
516	239
517	240
518	241
519	241
520	241
521	243
522	245
523	245
524	245
525	245
526	247
527	248
528	249
529	252
530	254
531	255
532	256
533	256
534	258
535	261
536	262
537	262
538	263
539	264
540	265
541	266
542	266
543	266
544	269
545	271
546	275
547	276
548	278
549	280
550	283
551	284
552	286
553	287
554	287
555	287
556	288
557	288
558	290
559	290
560	290
561	291
562	293
563	293
564	295
565	296
566	298
567	298
568	300
569	302
570	303
571	306
572	306
573	312
574	313
575	313
576	315
577	318
578	320
579	321
580	322
581	322
582	322
583	323
584	324
585	327
586	329
587	332
588	333
589	335
590	336
591	337
592	338
593	338
594	339
595	340
596	340
597	341
598	343
599	344
600	345
601	346
602	347
603	348
604	349
605	349
606	351
607	355
608	357
609	359
610	359
611	360
612	362
613	363
614	365
615	366
616	369
617	370
618	370
619	370
620	371
621	371
622	372
623	372
624	374
625	376
626	376
627	376
628	377
629	378
630	379
631	379
632	380
633	381
634	381
635	383
636	383
637	385
638	387
639	389
640	391
641	391
642	392
643	394
644	395
645	396
646	396
647	398
648	399
649	399
650	400
651	402
652	402
653	404
654	405
655	408
656	409
657	409
658	411
659	411
660	412
661	412
662	413
663	413
664	416
665	416
666	418
667	418
668	419
669	419
670	422
671	423
672	423
673	425
674	427
675	428
676	430
677	430
678	431
679	431
680	433
681	435
682	439
683	443
684	444
685	444
686	444
687	445
688	447
689	447
690	447
691	449
692	449
693	449
694	449
695	452
696	452
697	454
698	455
699	455
700	455
701	455
702	457
703	459
704	459
705	460
706	461
707	462
708	463
709	464
710	464
711	464
712	469
713	471
714	473
715	476
716	476
717	476
718	477
719	479
720	481
721	481
722	482
723	482
724	484
725	485
726	485
727	486
728	486
729	488
730	488
731	489
732	490
733	490
734	492
735	493
736	493
737	496
738	499
739	499
740	505
741	507
742	508
743	508
744	508
745	512
746	514
747	515
748	516
749	518
750	519
751	519
752	519
753	520
754	521
755	522
756	525
757	529
758	530
759	534
760	537
761	537
762	538
763	540
764	541
765	543
766	544
767	545
768	546
769	550
770	550
771	552
772	552
773	557
774	558
775	560
776	560
777	564
778	565
779	565
780	565
781	566
782	567
783	571
784	575
785	577
786	579
787	581
788	584
789	592
790	593
791	595
792	596
793	598
794	600
795	601
796	603
797	604
798	606
799	606
800	607
801	608
802	610
803	613
804	617
805	619
806	620
807	623
808	627
809	630
810	630
811	637
812	641
813	645
814	650
815	653
816	654
817	656
818	657
819	658
820	661
821	662
822	666
823	668
824	673
825	676
826	680
827	683
828	685
829	686
830	688
831	689
832	692
833	697
834	698
835	703
836	710
837	711
838	712
839	717
840	717
841	717
842	720
843	724
844	727
845	730
846	730
847	734
848	739
849	741
850	743
851	745
852	746
853	750
854	751
855	757
856	758
857	765
858	766
859	770
860	773
861	774
862	779
863	780
864	781
865	785
866	787
867	790
868	790
869	792
870	796
871	800
872	805
873	808
874	810
875	815
876	819
877	822
878	822
879	822
880	824
881	828
882	829
883	831
884	835
885	835
886	841
887	847
888	852
889	856
890	858
891	864
892	865
893	868
894	869
895	871
896	873
897	876
898	878
899	881
900	883
901	884
902	891
903	894
904	896
905	897
906	902
907	906
908	908
909	912
910	916
911	918
912	922
913	924
914	928
915	929
916	929
917	931
918	932
919	932
920	934
921	939
922	939
923	941
924	942
925	944
926	949
927	949
928	951
929	951
930	955
931	955
932	956
933	958
934	963
935	964
936	966
937	967
938	970
939	970
940	971
941	975
942	979
943	980
944	982
945	983
946	984
947	984
948	986
949	986
950	990
951	992
952	995
953	996
954	996
955	996
956	998
957	1000
958	1001
959	1002
960	1003
961	1006
962	1008
963	1008
964	1009
965	1010
966	1011
967	1012
968	1018
969	1020
970	1023
971	1025
972	1027
973	1029
974	1030
975	1032
976	1035
977	1038
978	1038
979	1045
980	1046
981	1049
982	1050
983	1052
984	1056
985	1057
986	1062
987	1067
988	1068
989	1072
990	1076
991	1078
992	1078
993	1079
994	1080
995	1080
996	1083
997	1087
998	1089
999	1091
1000	1092
1001	1093
1002	1095
1003	1096
1004	1099
1005	1099
1006	1103
1007	1105
1008	1106
1009	1106
1010	1106
1011	1108
1012	1110
1013	1114
1014	1115
1015	1116
1016	1120
1017	1120
1018	1124
1019	1127
1020	1128
1021	1129
1022	1132
1023	1133
1024	1137
1025	1139
1026	1141
1027	1142
1028	1144
1029	1144
1030	1148
1031	1151
1032	1151
1033	1153
1034	1156
1035	1156
1036	1156
1037	1156
1038	1157
1039	1159
1040	1161
1041	1162
1042	1164
1043	1165
1044	1166
1045	1166
1046	1167
1047	1170
1048	1175
1049	1176
1050	1177
1051	1180
1052	1182
1053	1183
1054	1184
1055	1184
1056	1185
1057	1187
1058	1188
1059	1191
1060	1193
1061	1196
1062	1198
1063	1201
1064	1201
1065	1203
1066	1206
1067	1207
1068	1211
1069	1212
1070	1218
1071	1219
1072	1222
1073	1223
1074	1224
1075	1224
1076	1226
1077	1227
1078	1229
1079	1231
1080	1233
1081	1233
1082	1238
1083	1239
1084	1242
1085	1243
1086	1245
1087	1246
1088	1248
1089	1248
1090	1251
1091	1255
1092	1256
1093	1258
1094	1260
1095	1262
1096	1263
1097	1265
1098	1268
1099	1269
1100	1273
1101	1276
1102	1276
1103	1277
1104	1281
1105	1281
1106	1282
1107	1282
1108	1284
1109	1284
1110	1286
1111	1289
1112	1290
1113	1292
1114	1295
1115	1296
1116	1298
1117	1300
1118	1303
1119	1305
1120	1307
1121	1308
1122	1310
1123	1312
1124	1313
1125	1314
1126	1318
1127	1318
1128	1318
1129	1320
1130	1321
1131	1322
1132	1326
1133	1327
1134	1329
1135	1329
1136	1332
1137	1332
1138	1334
1139	1337
1140	1338
1141	1341
1142	1342
1143	1342
1144	1345
1145	1346
1146	1346
1147	1348
1148	1348
1149	1349
1150	1351
1151	1355
1152	1357
1153	1357
1154	1357
1155	1358
1156	1359
1157	1361
1158	1362
1159	1363
1160	1363
1161	1364
1162	1365
1163	1368
1164	1370
1165	1372
1166	1374
1167	1374
1168	1375
1169	1377
1170	1380
1171	1385
1172	1386
1173	1390
1174	1391
1175	1392
1176	1392
1177	1394
1178	1395
1179	1396
1180	1398
1181	1398
1182	1400
1183	1402
1184	1402
1185	1402
1186	1403
1187	1405
1188	1405
1189	1407
1190	1407
1191	1410
1192	1412
1193	1414
1194	1417
1195	1420
1196	1422
1197	1424
1198	1425
1199	1426
1200	1427
1201	1428
1202	1428
1203	1429
1204	1430
1205	1431
1206	1431
1207	1431
1208	1432
1209	1435
1210	1435
1211	1435
1212	1435
1213	1435
1214	1436
1215	1437
1216	1438
1217	1438
1218	1438
1219	1439
1220	1439
1221	1439
1222	1441
1223	1441
1224	1444
1225	1446
1226	1447
1227	1448
1228	1448
1229	1450
1230	1450
1231	1451
1232	1454
1233	1457
1234	1459
1235	1460
1236	1461
1237	1462
1238	1463
1239	1463
1240	1465
1241	1468
1242	1470
1243	1470
1244	1472
1245	1473
1246	1473
1247	1473
1248	1474
1249	1475
1250	1476
1251	1480
1252	1480
1253	1482
1254	1484
1255	1484
1256	1485
1257	1485
1258	1485
1259	1487
1260	1487
1261	1487
1262	1487
1263	1487
1264	1489
1265	1491
1266	1491
1267	1491
1268	1493
1269	1496
1270	1496
1271	1498
1272	1500
1273	1500
1274	1502
1275	1506
1276	1508
1277	1508
1278	1509
1279	1510
1280	1510
1281	1512
1282	1512
1283	1512
1284	1514
1285	1518
1286	1520
1287	1521
1288	1523
1289	1523
1290	1523
1291	1523
1292	1524
1293	1526
1294	1526
1295	1526
1296	1526
1297	1527
1298	1527
1299	1527
1300	1529
1301	1529
1302	1532
1303	1533
1304	1533
1305	1533
1306	1533
1307	1535
1308	1537
1309	1537
1310	1537
1311	1540
1312	1542
1313	1543
1314	1543
1315	1544
1316	1545
1317	1546
1318	1546
1319	1547
1320	1549
1321	1550
1322	1550
1323	1550
1324	1551
1325	1553
1326	1555
1327	1557
1328	1558
1329	1560
1330	1562
1331	1563
1332	1565
1333	1568
1334	1568
1335	1568
1336	1571
1337	1573
1338	1573
1339	1573
1340	1574
1341	1574
1342	1576
1343	1577
1344	1577
1345	1578
1346	1579
1347	1579
1348	1580
1349	1584
1350	1584
1351	1586
1352	1587
1353	1587
1354	1587
1355	1590
1356	1591
1357	1592
1358	1592
1359	1593
1360	1594
1361	1596
1362	1597
1363	1598
1364	1598
1365	1599
1366	1599
1367	1599
1368	1601
1369	1603
1370	1603
1371	1604
1372	1606
1373	1606
1374	1607
1375	1608
1376	1609
1377	1610
1378	1610
1379	1610
1380	1611
1381	1613
1382	1615
1383	1616
1384	1618
1385	1618
1386	1619
1387	1620
1388	1621
1389	1622
1390	1623
1391	1624
1392	1626
1393	1626
1394	1626
1395	1627
1396	1629
1397	1629
1398	1630
1399	1630
1400	1630
1401	1631
1402	1632
1403	1634
1404	1635
1405	1635
1406	1635
1407	1635
1408	1635
1409	1636
1410	1636
1411	1637
1412	1638
1413	1639
1414	1641
1415	1641
1416	1641
1417	1642
1418	1643
1419	1644
1420	1644
1421	1644
1422	1645
1423	1646
1424	1647
1425	1647
1426	1648
1427	1649
1428	1650
1429	1650
1430	1650
1431	1650
1432	1651
1433	1651
1434	1651
1435	1652
1436	1652
1437	1652
1438	1652
1439	1652
1440	1652
1441	1652
1442	1652
1443	1653
1444	1653
1445	1653
1446	1654
1447	1655
1448	1655
1449	1655
1450	1657
1451	1658
1452	1659
1453	1659
1454	1662
1455	1662
1456	1662
1457	1662
1458	1663
1459	1665
1460	1665
1461	1666
1462	1666
1463	1666
1464	1669
1465	1669
1466	1671
1467	1671
1468	1672
1469	1672
1470	1674
1471	1674
1472	1675
1473	1675
1474	1676
1475	1678
1476	1678
1477	1678
1478	1678
1479	1679
1480	1680
1481	1682
1482	1682
1483	1683
1484	1684
1485	1685
1486	1687
1487	1689
1488	1691
1489	1691
1490	1691
1491	1691
1492	1691
1493	1693
1494	1693
1495	1693
1496	1695
1497	1696
1498	1697
1499	1697
1500	1697
1501	1700
1502	1701
1503	1703
1504	1703
1505	1704
1506	1707
1507	1707
1508	1708
1509	1708
1510	1709
1511	1709
1512	1709
1513	1709
1514	1710
1515	1710
1516	1711
1517	1711
1518	1712
1519	1713
1520	1714
1521	1719
1522	1719
1523	1720
1524	1720
1525	1720
1526	1720
1527	1721
1528	1722
1529	1722
1530	1722
1531	1723
1532	1724
1533	1725
1534	1725
1535	1727
1536	1727
1537	1727
1538	1727
1539	1727
1540	1727
1541	1727
1542	1727
1543	1728
1544	1730
1545	1731
1546	1732
1547	1733
1548	1734
1549	1734
1550	1734
1551	1734
1552	1734
1553	1734
1554	1734
1555	1735
1556	1735
1557	1736
1558	1737
1559	1738
1560	1738
1561	1738
1562	1740
1563	1740
1564	1741
1565	1741
1566	1741
1567	1742
1568	1742
1569	1743
1570	1743
1571	1745
1572	1745
1573	1745
1574	1745
1575	1745
1576	1746
1577	1747
1578	1748
1579	1749
1580	1750
1581	1750
1582	1750
1583	1751
1584	1752
1585	1752
1586	1752
1587	1752
1588	1752
1589	1752
1590	1754
1591	1756
1592	1757
1593	1757
1594	1761
1595	1762
1596	1762
1597	1762
1598	1763
1599	1764
1600	1764
1601	1764
1602	1765
1603	1766
1604	1766
1605	1767
1606	1767
1607	1768
1608	1769
1609	1772
1610	1773
1611	1775
1612	1776
1613	1776
1614	1780
1615	1782
1616	1783
1617	1784
1618	1784
1619	1784
1620	1784
1621	1785
1622	1786
