1	2
2	4
3	4
4	4
5	7
6	10
7	13
8	14
9	19
10	21
11	28
12	31
13	33
14	38
15	42
16	43
17	44
18	48
19	60
20	66
21	77
22	87
23	90
24	95
25	101
26	107
27	118
28	125
29	135
30	136
31	143
32	147
33	159
34	168
35	172
36	186
37	188
38	195
39	200
40	208
41	219
42	232
43	242
44	243
45	248
46	299
47	359
48	428
49	471
50	512
51	524
52	532
53	551
54	585
55	614
56	637
57	661
58	671
59	683
60	696
61	712
62	731
63	750
64	763
65	769
66	775
67	786
68	799
69	820
70	834
71	847
72	854
73	857
74	871
75	882
76	896
77	919
78	933
79	938
80	943
81	957
82	968
83	983
84	1004
85	1011
86	1020
87	1025
88	1037
89	1048
90	1061
91	1074
92	1081
93	1082
94	1083
95	1092
96	1111
97	1125
98	1142
99	1162
100	1165
101	1168
102	1180
103	1189
104	1210
105	1216
106	1222
107	1226
108	1227
109	1238
110	1252
111	1263
112	1275
113	1292
114	1297
115	1302
116	1312
117	1321
118	1332
119	1343
120	1345
121	1352
122	1358
123	1367
124	1382
125	1394
126	1401
127	1409
128	1413
129	1415
130	1425
131	1433
132	1445
133	1455
134	1466
135	1468
136	1473
137	1480
138	1492
139	1506
140	1512
141	1521
142	1523
143	1525
144	1532
145	1540
146	1543
147	1544
148	1547
149	1552
150	1555
151	1562
152	1569
153	1574
154	1579
155	1586
156	1593
157	1594
158	1602
159	1613
160	1622
161	1633
162	1640
163	1643
164	1647
165	1654
166	1667
167	1681
168	1688
169	1693
170	1703
171	1710
172	1722
173	1737
174	1745
175	1751
176	1762
177	1765
178	1769
179	1782
180	1786
181	1794
182	1810
183	1823
184	1829
185	1830
186	1838
187	1849
188	1858
189	1867
190	1879
191	1882
192	1885
193	1896
194	1900
195	1910
196	1921
197	1928
198	1929
199	1932
200	1943
201	1960
202	1976
203	1992
204	2002
205	2007
206	2014
207	2032
208	2042
209	2050
210	2061
211	2072
212	2076
213	2079
214	2089
215	2100
216	2113
217	2124
218	2130
219	2134
220	2138
221	2152
222	2162
223	2179
224	2187
225	2193
226	2196
227	2197
228	2207
229	2212
230	2220
231	2230
232	2240
233	2245
234	2247
235	2265
236	2276
237	2282
238	2295
239	2304
240	2309
241	2315
242	2330
243	2339
244	2353
245	2361
246	2371
247	2379
248	2385
249	2394
250	2408
251	2423
252	2433
253	2442
254	2447
255	2450
256	2459
257	2465
258	2478
259	2488
260	2498
261	2502
262	2506
263	2521
264	2531
265	2541
266	2557
267	2566
268	2573
269	2576
270	2582
271	2590
272	2600
273	2618
274	2623
275	2632
276	2639
277	2650
278	2662
279	2672
280	2688
281	2705
282	2711
283	2713
284	2724
285	2737
286	2761
287	2775
288	2788
289	2795
290	2808
291	2814
292	2820
293	2829
294	2841
295	2843
296	2852
297	2857
298	2867
299	2889
300	2905
301	2917
302	2923
303	2927
304	2931
305	2943
306	2953
307	2966
308	2977
309	2986
310	2988
311	2994
312	3003
313	3011
314	3029
315	3040
316	3050
317	3052
318	3058
319	3071
320	3086
321	3103
322	3123
323	3133
324	3136
325	3145
326	3162
327	3174
328	3186
329	3198
330	3209
331	3213
332	3220
333	3233
334	3250
335	3256
336	3270
337	3281
338	3287
339	3290
340	3299
341	3316
342	3334
343	3345
344	3361
345	3367
346	3373
347	3383
348	3392
349	3407
350	3424
351	3430
352	3435
353	3439
354	3454
355	3468
356	3480
357	3498
358	3510
359	3512
360	3518
361	3531
362	3542
363	3559
364	3572
365	3588
366	3595
367	3598
368	3606
369	3616
370	3633
371	3641
372	3650
373	3657
374	3662
375	3673
376	3684
377	3694
378	3708
379	3715
380	3721
381	3724
382	3742
383	3752
384	3768
385	3786
386	3797
387	3803
388	3805
389	3812
390	3823
391	3836
392	3846
393	3857
394	3862
395	3866
396	3873
397	3888
398	3899
399	3911
400	3926
401	3929
402	3936
403	3942
404	3954
405	3965
406	3968
407	3983
408	3987
409	3993
410	4001
411	4015
412	4030
413	4045
414	4061
415	4064
416	4067
417	4079
418	4092
419	4103
420	4119
421	4132
422	4138
423	4140
424	4159
425	4179
426	4193
427	4206
428	4214
429	4219
430	4221
431	4240
432	4253
433	4264
434	4273
435	4285
436	4291
437	4297
438	4306
439	4316
440	4339
441	4358
442	4375
443	4389
444	4400
445	4414
446	4431
447	4447
448	4463
449	4479
450	4489
451	4498
452	4514
453	4537
454	4555
455	4569
456	4589
457	4603
458	4609
459	4631
460	4658
461	4683
462	4700
463	4735
464	4743
465	4759
466	4788
467	4809
468	4834
469	4852
470	4873
471	4881
472	4890
473	4906
474	4929
475	4953
476	4971
477	4985
478	4995
479	5002
480	5018
481	5045
482	5073
483	5102
484	5122
485	5135
486	5146
487	5161
488	5183
489	5212
490	5234
491	5258
492	5269
493	5285
494	5307
495	5337
496	5357
497	5380
498	5397
499	5409
500	5423
501	5449
502	5466
503	5488
504	5514
505	5531
506	5540
507	5548
508	5572
509	5594
510	5614
511	5625
512	5629
513	5637
514	5643
515	5659
516	5670
517	5691
518	5705
519	5711
520	5720
521	5732
522	5753
523	5774
524	5793
525	5820
526	5841
527	5851
528	5866
529	5883
530	5904
531	5927
532	5947
533	5971
534	5986
535	5996
536	6014
537	6050
538	6194
539	6284
540	6374
541	6415
542	6463
543	6551
544	6632
545	6709
546	6786
547	6854
548	6899
549	6939
550	7001
551	7079
552	7154
553	7218
554	7283
555	7311
556	7338
557	7419
558	7484
559	7545
560	7607
561	7665
562	7691
563	7714
564	7771
565	7829
566	7908
567	7963
568	8012
569	8048
570	8082
571	8140
572	8184
573	8245
574	8299
575	8366
576	8387
577	8417
578	8464
579	8537
580	8594
581	8648
582	8691
583	8713
584	8742
585	8795
586	8855
587	8907
588	8955
589	8993
590	9024
591	9051
592	9101
593	9163
594	9207
595	9259
596	9303
597	9329
598	9361
599	9402
600	9454
601	9507
602	9539
603	9588
604	9614
605	9640
606	9686
607	9729
608	9774
609	9826
610	9868
611	9893
612	9909
613	9944
614	9988
615	10031
616	10069
617	10111
618	10136
619	10154
620	10203
621	10251
622	10294
623	10336
624	10372
625	10397
626	10420
627	10468
628	10521
629	10567
630	10621
631	10657
632	10691
633	10709
634	10759
635	10813
636	10849
637	10899
638	10937
639	10955
640	10980
641	11027
642	11077
643	11121
644	11174
645	11213
646	11244
647	11262
648	11309
649	11356
650	11401
651	11451
652	11485
653	11501
654	11533
655	11575
656	11626
657	11683
658	11726
659	11770
660	11798
661	11819
662	11860
663	11907
664	11944
665	11986
666	12016
667	12048
668	12074
669	12126
670	12173
671	12217
672	12257
673	12302
674	12325
675	12355
676	12404
677	12444
678	12483
679	12529
680	12581
681	12600
682	12613
683	12655
684	12689
685	12740
686	12783
687	12820
688	12839
689	12866
690	12907
691	12958
692	13005
693	13047
694	13080
695	13101
696	13118
697	13159
698	13210
699	13255
700	13315
701	13349
702	13363
703	13377
704	13413
705	13458
706	13491
707	13541
708	13588
709	13600
710	13629
711	13660
712	13707
713	13752
714	13801
715	13841
716	13867
717	13886
718	13927
719	13969
720	14015
721	14060
722	14101
723	14116
724	14137
725	14172
726	14209
727	14262
728	14310
729	14340
730	14358
731	14381
732	14418
733	14466
734	14518
735	14560
736	14610
737	14626
738	14648
739	14695
740	14729
741	14775
742	14816
743	14849
744	14864
745	14881
746	14918
747	14967
748	15021
749	15064
750	15092
751	15106
752	15128
753	15172
754	15211
755	15259
756	15305
757	15349
758	15373
759	15389
760	15434
761	15467
762	15504
763	15555
764	15593
765	15609
766	15628
767	15669
768	15709
769	15756
770	15804
771	15839
772	15851
773	15872
774	15906
775	15946
776	15989
777	16034
778	16065
779	16086
780	16102
781	16139
782	16173
783	16221
784	16264
785	16300
786	16321
787	16338
788	16378
789	16428
790	16463
791	16493
792	16533
793	16550
794	16567
795	16593
796	16624
797	16657
798	16695
799	16729
800	16750
801	16774
802	16812
803	16838
804	16869
805	16915
806	16952
807	16974
808	16992
809	17037
810	17075
811	17106
812	17136
813	17171
814	17197
815	17222
816	17279
817	17320
818	17364
819	17415
820	17452
821	17474
822	17497
823	17534
824	17571
825	17610
826	17642
827	17663
828	17682
829	17695
830	17727
831	17777
832	17824
833	17860
834	17897
835	17921
836	17934
837	17962
838	18113
839	18292
840	18452
841	18594
842	18670
843	18741
844	18875
845	18999
846	19103
847	19206
848	19299
849	19367
850	19430
851	19551
852	19651
853	19768
854	19881
855	19997
856	20044
857	20108
858	20223
859	20324
860	20422
861	20504
862	20590
863	20641
864	20699
865	20788
866	20878
867	20975
868	21055
869	21138
870	21175
871	21210
872	21289
873	21355
874	21437
875	21503
876	21547
877	21570
878	21600
879	21651
880	21731
881	21799
882	21849
883	21885
884	21917
885	21957
886	22028
887	22103
888	22193
889	22279
890	22353
891	22402
892	22440
893	22524
894	22612
895	22696
896	22781
897	22858
898	22901
899	22948
900	23021
901	23102
902	23173
903	23256
904	23328
905	23366
906	23407
907	23483
908	23575
909	23651
910	23738
911	23812
912	23844
913	23888
914	23961
915	24042
916	24135
917	24211
918	24282
919	24323
920	24367
921	24452
922	24540
923	24628
924	24706
925	24792
926	24838
927	24888
928	24966
929	25045
930	25120
931	25202
932	25261
933	25305
934	25360
935	25442
936	25527
937	25623
938	25694
939	25772
940	25819
941	25855
942	25924
943	26006
944	26104
945	26198
946	26286
947	26331
948	26377
949	26462
950	26548
951	26643
952	26706
953	26782
954	26828
955	26870
956	26962
957	27048
958	27132
959	27197
960	27279
961	27320
962	27363
963	27447
964	27533
965	27625
966	27703
967	27778
968	27821
969	27874
970	27947
971	28032
972	28107
973	28184
974	28240
975	28286
976	28336
977	28400
978	28479
979	28561
980	28653
981	28723
982	28760
983	28795
984	28872
985	28960
986	29018
987	29106
988	29184
989	29231
990	29279
991	29362
992	29457
993	29528
994	29596
995	29649
996	29695
997	29727
998	29785
999	29860
1000	29941
1001	30036
1002	30115
1003	30159
1004	30201
1005	30282
1006	30371
1007	30458
1008	30544
1009	30622
1010	30661
1011	30708
1012	30780
1013	30839
1014	30918
1015	31001
1016	31057
1017	31103
1018	31138
1019	31189
1020	31261
1021	31356
1022	31425
1023	31494
1024	31535
1025	31579
1026	31635
1027	31700
1028	31762
1029	31829
1030	31893
1031	31924
1032	31959
1033	32012
1034	32072
1035	32147
1036	32192
1037	32242
1038	32267
1039	32305
1040	32357
1041	32418
1042	32485
1043	32702
1044	32904
1045	33006
1046	33089
1047	33245
1048	33468
1049	33656
1050	33821
1051	33971
1052	34052
1053	34135
1054	34300
1055	34461
1056	34635
1057	34786
1058	34907
1059	34970
1060	35040
1061	35149
1062	35267
1063	35409
1064	35542
1065	35657
1066	35730
1067	35784
1068	35894
1069	36005
1070	36149
1071	36271
1072	36398
1073	36464
1074	36527
1075	36648
1076	36765
1077	36882
1078	36999
1079	37097
1080	37149
1081	37205
1082	37313
1083	37421
1084	37522
1085	37641
1086	37720
1087	37764
1088	37815
1089	37928
1090	38049
1091	38160
1092	38262
1093	38353
1094	38396
1095	38444
1096	38544
1097	38657
1098	38770
1099	38878
1100	38990
1101	39031
1102	39082
1103	39179
1104	39280
1105	39380
1106	39474
1107	39561
1108	39621
1109	39667
1110	39752
1111	39869
1112	39970
1113	40073
1114	40136
1115	40200
1116	40246
1117	40339
1118	40436
1119	40541
1120	40617
1121	40710
1122	40782
1123	40829
1124	40903
1125	40989
1126	41072
1127	41159
1128	41235
1129	41276
1130	41318
1131	41406
1132	41487
1133	41576
1134	41661
1135	41737
1136	41792
1137	41836
1138	41916
1139	42005
1140	42096
1141	42193
1142	42256
1143	42298
1144	42330
1145	42420
1146	42515
1147	42594
1148	42674
1149	42742
1150	42774
1151	42814
1152	42889
1153	42975
1154	43048
1155	43113
1156	43177
1157	43214
1158	43244
1159	43303
1160	43372
1161	43441
1162	43510
1163	43573
1164	43603
1165	43645
1166	43705
1167	43778
1168	43837
1169	43903
1170	43965
1171	43992
1172	44040
1173	44099
1174	44194
1175	44266
1176	44339
1177	44408
1178	44460
1179	44502
1180	44557
1181	44621
1182	44670
1183	44733
1184	44785
1185	44824
1186	44858
1187	44920
1188	44980
1189	45054
1190	45116
1191	45180
1192	45213
1193	45255
1194	45317
1195	45370
1196	45429
1197	45501
1198	45568
1199	45602
1200	45646
1201	45707
1202	45772
1203	45834
1204	45918
1205	45980
1206	46021
1207	46062
1208	46127
1209	46203
1210	46268
1211	46313
1212	46357
1213	46389
1214	46415
1215	46470
1216	46542
1217	46607
1218	46674
1219	46739
1220	46780
1221	46812
1222	46951
1223	47294
1224	47579
1225	47845
1226	48048
1227	48167
1228	48295
1229	48511
1230	48713
1231	48900
1232	49087
1233	49226
1234	49319
1235	49397
1236	49562
1237	49719
1238	49863
1239	50005
1240	50117
1241	50176
1242	50233
1243	50328
1244	50437
1245	50547
1246	50666
1247	50761
1248	50805
1249	50846
1250	50941
1251	51080
1252	51216
1253	51332
1254	51454
1255	51529
1256	51625
1257	51723
1258	51861
1259	51991
1260	52121
1261	52245
1262	52305
1263	52378
1264	52495
1265	52600
1266	52737
1267	52864
1268	52980
1269	53048
1270	53134
1271	53226
1272	53352
1273	53447
1274	53559
1275	53668
1276	53723
1277	53797
1278	53902
1279	54013
1280	54134
1281	54271
1282	54367
1283	54433
1284	54496
1285	54592
1286	54701
1287	54795
1288	54903
1289	55043
1290	55112
1291	55182
1292	55303
1293	55419
1294	55549
1295	55672
1296	55785
1297	55834
1298	55906
1299	56040
1300	56142
1301	56257
1302	56376
1303	56490
1304	56569
1305	56635
1306	56741
1307	56845
1308	56971
1309	57088
1310	57182
1311	57245
1312	57297
1313	57394
1314	57515
1315	57614
1316	57715
1317	57816
1318	57871
1319	57923
1320	58042
1321	58145
1322	58268
1323	58384
1324	58492
1325	58549
1326	58601
1327	58709
1328	58811
1329	58911
1330	59017
1331	59120
1332	59182
1333	59232
1334	59321
1335	59404
1336	59507
1337	59609
1338	59694
1339	59751
1340	59794
1341	59881
1342	59981
1343	60087
1344	60186
1345	60256
1346	60315
1347	60377
1348	60454
1349	60552
1350	60655
1351	60770
1352	60852
1353	60912
1354	60972
1355	61064
1356	61149
1357	61255
1358	61367
1359	61472
1360	61530
1361	61581
1362	61655
1363	61753
1364	61869
1365	61963
1366	62046
1367	62104
1368	62160
1369	62236
1370	62313
1371	62387
1372	62468
1373	62559
1374	62608
1375	62649
1376	62818
1377	63216
1378	63567
1379	63905
1380	64154
1381	64290
1382	64419
1383	64664
1384	64911
1385	65157
1386	65373
1387	65553
1388	65675
1389	65766
1390	65937
1391	66160
1392	66355
1393	66538
1394	66709
1395	66847
1396	66942
1397	67099
1398	67253
1399	67410
1400	67605
1401	67768
1402	67839
1403	67926
1404	68074
1405	68196
1406	68360
1407	68503
1408	68649
1409	68707
1410	68786
1411	68930
1412	69078
1413	69239
1414	69377
1415	69514
1416	69588
1417	69653
1418	69793
1419	69914
1420	70065
1421	70227
1422	70336
1423	70377
1424	70423
1425	70537
1426	70679
1427	70819
1428	70967
1429	71093
1430	71157
1431	71228
1432	71352
1433	71491
1434	71604
1435	71740
1436	71871
1437	71935
1438	71989
1439	72105
1440	72250
1441	72375
1442	72486
1443	72596
1444	72650
1445	72714
1446	72841
1447	72973
1448	73104
1449	73230
1450	73332
1451	73382
1452	73440
1453	73539
1454	73656
1455	73778
1456	73893
1457	74001
1458	74053
1459	74103
1460	74217
1461	74329
1462	74422
1463	74530
1464	74632
1465	74689
1466	74747
1467	74840
1468	74935
1469	75031
1470	75136
1471	75208
1472	75262
1473	75321
1474	75412
1475	75503
1476	75590
1477	75686
1478	75759
1479	75817
1480	75856
1481	75928
1482	75997
1483	76094
1484	76193
1485	76288
1486	76328
1487	76381
1488	76475
1489	76550
1490	76654
1491	76749
1492	76833
1493	76878
1494	76927
1495	77004
1496	77109
1497	77207
1498	77287
1499	77353
1500	77401
1501	77445
1502	77550
1503	77653
1504	77749
1505	77834
1506	77920
1507	77952
1508	77988
1509	78080
1510	78164
1511	78239
1512	78321
1513	78398
1514	78437
1515	78480
1516	78562
1517	78834
1518	79237
1519	79618
1520	79899
1521	80041
1522	80187
1523	80437
1524	80702
1525	80947
1526	81186
1527	81400
1528	81541
1529	81657
1530	81881
1531	82112
1532	82334
1533	82536
1534	82734
1535	82843
1536	82951
1537	83144
1538	83345
1539	83544
1540	83724
1541	83919
1542	84022
1543	84134
1544	84310
1545	84485
1546	84646
1547	84825
1548	84991
1549	85093
1550	85204
1551	85371
1552	85542
1553	85712
1554	85851
1555	86012
1556	86112
1557	86186
1558	86357
1559	86528
1560	86679
1561	86827
1562	86967
1563	87063
1564	87145
1565	87283
1566	87421
1567	87589
1568	87733
1569	87878
1570	87980
1571	88076
1572	88219
1573	88391
1574	88532
1575	88688
1576	88807
1577	88887
1578	88987
1579	89133
1580	89297
1581	89478
1582	89624
1583	89778
1584	89874
1585	89960
1586	90087
1587	90232
1588	90379
1589	90523
1590	90643
1591	90743
1592	90847
1593	90975
1594	91110
1595	91243
1596	91384
1597	91518
1598	91593
1599	91663
1600	91781
1601	91910
1602	92020
1603	92132
1604	92216
1605	92281
1606	92333
1607	92391
1608	92436
1609	92533
1610	92631
1611	92709
1612	92774
1613	92836
1614	92889
1615	92935
1616	93020
1617	93123
1618	93241
1619	93307
1620	93380
1621	93477
1622	93584
1623	93661
1624	93770
1625	93870
1626	93945
1627	94019
1628	94097
1629	94221
1630	94331
1631	94446
1632	94553
1633	94627
1634	94689
1635	94781
1636	94887
1637	95004
1638	95127
1639	95214
1640	95275
1641	95327
1642	95431
1643	95532
1644	95633
1645	95741
1646	95828
1647	95889
1648	95955
1649	96384
1650	96821
1651	97218
1652	97574
1653	97868
1654	98030
1655	98208
1656	98482
1657	98779
1658	99071
1659	99352
1660	99601
1661	99751
1662	99921
1663	100169
1664	100468
1665	100762
1666	100994
1667	101208
1668	101353
1669	101493
1670	101693
1671	101929
1672	102183
1673	102427
1674	102612
1675	102735
1676	102859
1677	103069
1678	103302
1679	103543
1680	103773
1681	103939
1682	104067
1683	104185
1684	104367
1685	104591
1686	104795
1687	105022
1688	105195
1689	105326
1690	105449
1691	105636
1692	105858
1693	106052
1694	106230
1695	106415
1696	106529
1697	106654
1698	106812
1699	107008
1700	107181
1701	107380
1702	107539
1703	107638
1704	107754
1705	107882
1706	108041
1707	108231
1708	108399
1709	108597
1710	108720
1711	108824
1712	108980
1713	109174
1714	109350
1715	109545
1716	109719
1717	109828
1718	109926
1719	110064
1720	110224
1721	110362
1722	110542
1723	110680
1724	110790
1725	110876
1726	111025
1727	111199
1728	111359
1729	111501
1730	111624
1731	111726
1732	111822
1733	111954
1734	112084
1735	112199
1736	112336
1737	112469
1738	112564
1739	112650
1740	112782
1741	112919
1742	113034
1743	113152
1744	113264
1745	113343
1746	113403
1747	113529
1748	113652
1749	113793
1750	113948
1751	114062
1752	114127
1753	114203
1754	114315
1755	114451
1756	114582
1757	114710
1758	114815
1759	114897
1760	114948
1761	115139
1762	115618
1763	116058
1764	116448
1765	116802
1766	116990
1767	117161
1768	117433
1769	117753
1770	118050
1771	118342
1772	118590
1773	118734
1774	118888
1775	119101
1776	119335
1777	119615
1778	119864
1779	120088
1780	120217
1781	120345
1782	120546
1783	120780
1784	121007
1785	121262
1786	121451
1787	121569
1788	121672
1789	121867
1790	122092
1791	122322
1792	122527
1793	122715
1794	122818
1795	122923
1796	123100
1797	123291
1798	123493
1799	123673
1800	123840
1801	123935
1802	124027
1803	124205
1804	124389
1805	124577
1806	124744
1807	124909
1808	124989
1809	125082
1810	125236
1811	125419
1812	125604
1813	125764
1814	125918
1815	126010
1816	126085
1817	126225
1818	126413
1819	126594
1820	126744
1821	126859
1822	126931
1823	127011
1824	127152
1825	127288
1826	127440
1827	127596
1828	127738
1829	127822
1830	127893
1831	128016
1832	128174
1833	128324
1834	128468
1835	128594
1836	128678
1837	128755
1838	128894
1839	129063
1840	129206
1841	129321
1842	129442
1843	129511
1844	129594
1845	129727
1846	129859
1847	129973
1848	130124
1849	130264
1850	130360
1851	130446
1852	130594
1853	130724
1854	130867
1855	130994
1856	131124
1857	131186
1858	131238
1859	131355
1860	131501
1861	131649
1862	131757
1863	131882
1864	131955
1865	132032
1866	132144
1867	132275
1868	132395
1869	132520
1870	132626
1871	132700
1872	132776
1873	132914
1874	133025
1875	133351
1876	133891
1877	134277
1878	134516
1879	134781
1880	135167
1881	135578
1882	135960
1883	136317
1884	136620
1885	136816
1886	137017
1887	137300
1888	137591
1889	137855
1890	138153
1891	138403
1892	138598
1893	138792
1894	139056
1895	139352
1896	139659
1897	139960
1898	140200
1899	140359
1900	140482
1901	140712
1902	140970
1903	141204
1904	141446
1905	141682
1906	141839
1907	141985
1908	142263
1909	142530
1910	142807
1911	143070
1912	143286
1913	143430
1914	143593
1915	143850
1916	144109
1917	144336
1918	144528
1919	144699
1920	144817
1921	144952
1922	145158
1923	145403
1924	145620
1925	145809
1926	146003
1927	146159
1928	146294
1929	146502
1930	146756
1931	146954
1932	147154
1933	147332
1934	147486
1935	147617
1936	147845
1937	148055
1938	148276
1939	148487
1940	148691
1941	148825
1942	148951
1943	149131
1944	149345
1945	149555
1946	149763
1947	149928
1948	150030
1949	150141
1950	150305
1951	150520
1952	150702
1953	150918
1954	151089
1955	151233
1956	151342
1957	151534
1958	151727
1959	151915
1960	152101
1961	152253
1962	152343
1963	152465
1964	152608
1965	152771
1966	152916
1967	153065
1968	153203
1969	153269
1970	153362
1971	153477
1972	153584
1973	153666
1974	153759
1975	153878
1976	153965
1977	154038
1978	154163
1979	154260
1980	154325
1981	154449
1982	154565
1983	154637
1984	154719
1985	154841
1986	155230
1987	155835
1988	156317
1989	156774
1990	157056
1991	157326
1992	157687
1993	158023
1994	158433
1995	158809
1996	159160
1997	159367
1998	159592
1999	159947
2000	160266
2001	160633
2002	160954
2003	161223
2004	161417
2005	161608
2006	161908
2007	162233
2008	162536
2009	162811
2010	163073
2011	163223
2012	163382
2013	163632
2014	163919
2015	164195
2016	164478
2017	164749
2018	164916
2019	165099
2020	165345
2021	165637
2022	165887
2023	166134
2024	166355
2025	166524
2026	166686
2027	166931
2028	167197
2029	167464
2030	167740
2031	167992
2032	168161
2033	168320
2034	168576
2035	168823
2036	169082
2037	169328
2038	169577
2039	169720
2040	169858
2041	170089
2042	170359
2043	170610
2044	170859
2045	171102
2046	171234
2047	171382
2048	171593
2049	171825
2050	172052
2051	172297
2052	172493
2053	172656
2054	172804
2055	173008
2056	173215
2057	173419
2058	173622
2059	173813
2060	173934
2061	174075
2062	174278
2063	174492
2064	174695
2065	174879
2066	175066
2067	175192
2068	175315
2069	175483
2070	175690
2071	175894
2072	176082
2073	176247
2074	176363
2075	176488
2076	176677
2077	176842
2078	177011
2079	177195
2080	177370
2081	177478
2082	177578
2083	177831
2084	178534
2085	179136
2086	179616
2087	179992
2088	180315
2089	180592
2090	181001
2091	181482
2092	181926
2093	182365
2094	182778
2095	182984
2096	183212
2097	183579
2098	183957
2099	184282
2100	184564
2101	184882
2102	185093
2103	185275
2104	185583
2105	185905
2106	186223
2107	186554
2108	186834
2109	187024
2110	187185
2111	187468
2112	187761
2113	188027
2114	188330
2115	188504
2116	188641
2117	188782
2118	189007
2119	189295
2120	189546
2121	189779
2122	190014
2123	190170
2124	190292
2125	190514
2126	190723
2127	190961
2128	191161
2129	191390
2130	191490
2131	191626
2132	191810
2133	192016
2134	192237
2135	192466
2136	192657
2137	192761
2138	192879
2139	193054
2140	193288
2141	193520
2142	193728
2143	193911
2144	194024
2145	194143
2146	194309
2147	194508
2148	194727
2149	194919
2150	195104
2151	195198
2152	195291
2153	195463
2154	195633
2155	195833
2156	196040
2157	196240
2158	196325
2159	196423
2160	196609
2161	196795
2162	196992
2163	197199
2164	197330
2165	197423
2166	197512
2167	197692
2168	197896
2169	198086
2170	198275
2171	198445
2172	198549
2173	198652
2174	198841
2175	199020
2176	199184
2177	199386
2178	199525
2179	199628
2180	199710
2181	199839
2182	200002
2183	200181
2184	200352
2185	200507
2186	200615
2187	200688
2188	200817
2189	200967
2190	201112
2191	201266
2192	201399
2193	201478
2194	201546
2195	201695
2196	201829
2197	202089
2198	202691
2199	203164
2200	203407
2201	203640
2202	204054
2203	204478
2204	204859
2205	205213
2206	205462
2207	205644
2208	205787
2209	206101
2210	206399
2211	206712
2212	207022
2213	207293
2214	207435
2215	207604
2216	207879
2217	208201
2218	208498
2219	208800
2220	209024
2221	209155
2222	209298
2223	209546
2224	209782
2225	210058
2226	210325
2227	210567
2228	210718
2229	210856
2230	211118
2231	211359
2232	211636
2233	211903
2234	212144
2235	212274
2236	212418
2237	212636
2238	212877
2239	213132
2240	213395
2241	213633
2242	213755
2243	213895
2244	214103
2245	214338
2246	214575
2247	214830
2248	215045
2249	215183
2250	215322
2251	215549
2252	215758
2253	216001
2254	216188
2255	216363
2256	216502
2257	216627
2258	216810
2259	217025
2260	217255
2261	217484
2262	217685
2263	217811
2264	217956
2265	218152
2266	218360
2267	218598
2268	218803
2269	218997
2270	219148
2271	219309
2272	219510
2273	219719
2274	219928
2275	220146
2276	220357
2277	220478
2278	220612
2279	220775
2280	220989
2281	221205
2282	221429
2283	221586
2284	221682
2285	221814
2286	222003
2287	222208
2288	222402
2289	222588
2290	222776
2291	222899
2292	223034
2293	223207
2294	223409
2295	223608
2296	223798
2297	223967
2298	224089
2299	224203
2300	224375
2301	224582
2302	224778
2303	224973
2304	225142
2305	225264
2306	225389
2307	225556
2308	225736
2309	225919
2310	226069
2311	226183
2312	226290
2313	226403
2314	226552
2315	226705
2316	227375
2317	227967
2318	228468
2319	228772
2320	229119
2321	229570
2322	230071
2323	230509
2324	230887
2325	231231
2326	231465
2327	231689
2328	231972
2329	232320
2330	232618
2331	232951
2332	233224
2333	233394
2334	233549
2335	233783
2336	234041
2337	234239
2338	234367
2339	234543
2340	234682
2341	234822
2342	235026
2343	235258
2344	235419
2345	235537
2346	235713
2347	235858
2348	236020
2349	236242
2350	236507
2351	236765
2352	237050
2353	237294
2354	237454
2355	237607
2356	237867
2357	238126
2358	238392
2359	238651
2360	238887
2361	239026
2362	239172
2363	239409
2364	239674
2365	239922
2366	240139
2367	240376
2368	240510
2369	240654
2370	240834
2371	241059
2372	241303
2373	241550
2374	241753
2375	241891
2376	242037
2377	242255
2378	242533
2379	242761
2380	243015
2381	243238
2382	243385
2383	243537
2384	243727
2385	243966
2386	244201
2387	244432
2388	244645
2389	244758
2390	244908
2391	245099
2392	245314
2393	245543
2394	245790
2395	246002
2396	246166
2397	246300
2398	246507
2399	246720
2400	246902
2401	247111
2402	247289
2403	247419
2404	247569
2405	247783
2406	248000
2407	248201
2408	248381
2409	248611
2410	248758
2411	248908
2412	249161
2413	249374
2414	249614
2415	249843
2416	250070
2417	250238
2418	250381
2419	250606
2420	250831
2421	251064
2422	251280
2423	251456
2424	251583
2425	251735
2426	251930
2427	252160
2428	252397
2429	252619
2430	252796
2431	252905
2432	253024
2433	253200
2434	253889
2435	254574
2436	255155
2437	255654
2438	255978
2439	256308
2440	256735
2441	257232
2442	257715
2443	258211
2444	258638
2445	258923
2446	259148
2447	259556
2448	260009
2449	260433
2450	260879
2451	261255
2452	261505
2453	261746
2454	262149
2455	262525
2456	262985
2457	263380
2458	263749
2459	263968
2460	264221
2461	264565
2462	264915
2463	265266
2464	265603
2465	265861
2466	266058
2467	266300
2468	266606
2469	266893
2470	267228
2471	267535
2472	267807
2473	267981
2474	268153
2475	268458
2476	268769
2477	269042
2478	269320
2479	269603
2480	269732
2481	269919
2482	270200
2483	270484
2484	270785
2485	271078
2486	271311
2487	271454
2488	271610
2489	271837
2490	272073
2491	272350
2492	272635
2493	272869
2494	273014
2495	273157
2496	273386
2497	273663
2498	273943
2499	274187
2500	274420
2501	274547
2502	274699
2503	274931
2504	275193
2505	275450
2506	275699
2507	275914
2508	276035
2509	276179
2510	276383
2511	276624
2512	276856
2513	277105
2514	277307
2515	277441
2516	277572
2517	277770
2518	278004
2519	278236
2520	278461
2521	278652
2522	278784
2523	278906
2524	279111
2525	279328
2526	279548
2527	279769
2528	279967
2529	280075
2530	280183
2531	280386
2532	280605
2533	280821
2534	281045
2535	281229
2536	281327
2537	281431
2538	281638
2539	281856
2540	282045
2541	282417
2542	282927
2543	283217
2544	283498
2545	284044
2546	284593
2547	285140
2548	285683
2549	286117
2550	286346
2551	286579
2552	287023
2553	287460
2554	287929
2555	288335
2556	288675
2557	288872
2558	289056
2559	289401
2560	289765
2561	290169
2562	290517
2563	290804
2564	290977
2565	291135
2566	291448
2567	291825
2568	292164
2569	292503
2570	292799
2571	292938
2572	293113
2573	293427
2574	293723
2575	294035
2576	294350
2577	294610
2578	294772
2579	294925
2580	295185
2581	295468
2582	295731
2583	296020
2584	296280
2585	296433
2586	296591
2587	296825
2588	297108
2589	297379
2590	297626
2591	297840
2592	297971
2593	298111
2594	298323
2595	298584
2596	298864
2597	299169
2598	299452
2599	299607
2600	299741
2601	299988
2602	300267
2603	300562
2604	300784
2605	301053
2606	301206
2607	301362
2608	301586
2609	301876
2610	302124
2611	302361
2612	302577
2613	302734
2614	302905
2615	303124
2616	303363
2617	303604
2618	303848
2619	304075
2620	304247
2621	304418
2622	304660
2623	304887
2624	305181
2625	305444
2626	305701
2627	305853
2628	306015
2629	306238
2630	306465
2631	306720
2632	306956
2633	307174
2634	307323
2635	307459
2636	307668
2637	307935
2638	308169
2639	308399
2640	308625
2641	308759
2642	308900
2643	309134
2644	309374
2645	309585
2646	309807
2647	309994
2648	310114
2649	310234
2650	310422
2651	310636
2652	310844
2653	311119
2654	311735
2655	312118
2656	312514
2657	313107
2658	313605
2659	314056
2660	314598
2661	315059
2662	315332
2663	315616
2664	316076
2665	316563
2666	317039
2667	317519
2668	317921
2669	318172
2670	318433
2671	318848
2672	319279
2673	319679
2674	320061
2675	320355
2676	320568
2677	320814
2678	321194
2679	321587
2680	321980
2681	322368
2682	322724
2683	322942
2684	323194
2685	323512
2686	323896
2687	324243
2688	324606
2689	324937
2690	325176
2691	325390
2692	325687
2693	326045
2694	326339
2695	326632
2696	326908
2697	327051
2698	327221
2699	327493
2700	327743
2701	328011
2702	328222
2703	328352
2704	328481
2705	328627
2706	328833
2707	329091
2708	329328
2709	329499
2710	329608
2711	329746
2712	329903
2713	330131
2714	330399
2715	330682
2716	330987
2717	331257
2718	331442
2719	331633
2720	331924
2721	332205
2722	332509
2723	332802
2724	333029
2725	333201
2726	333342
2727	333628
2728	333934
2729	334236
2730	334517
2731	334789
2732	334951
2733	335115
2734	335380
2735	335619
2736	335943
2737	336259
2738	336517
2739	336673
2740	336874
2741	337127
2742	337395
2743	337654
2744	337968
2745	338240
2746	338420
2747	338600
2748	338860
2749	339122
2750	339414
2751	339688
2752	339992
2753	340170
2754	340356
2755	340621
2756	340933
2757	341267
2758	341607
2759	341871
2760	342082
2761	342267
2762	342558
2763	342901
2764	343199
2765	343533
2766	344107
2767	344629
2768	345086
2769	345777
2770	346540
2771	347294
2772	347949
2773	348586
2774	348969
2775	349036
