1	2
2	2
3	2
4	4
5	7
6	7
7	9
8	10
9	11
10	14
11	16
12	16
13	17
14	19
15	19
16	20
17	22
18	25
19	26
20	27
21	28
22	32
23	33
24	38
25	41
26	46
27	48
28	52
29	58
30	59
31	60
32	63
33	68
34	73
35	75
36	76
37	77
38	78
39	84
40	88
41	91
42	92
43	94
44	95
45	97
46	113
47	134
48	146
49	155
50	172
51	177
52	180
53	189
54	199
55	207
56	214
57	222
58	228
59	234
60	245
61	249
62	254
63	261
64	265
65	265
66	268
67	273
68	276
69	281
70	285
71	289
72	292
73	294
74	299
75	306
76	311
77	316
78	320
79	326
80	328
81	331
82	338
83	345
84	353
85	356
86	358
87	358
88	360
89	364
90	369
91	370
92	373
93	374
94	376
95	380
96	385
97	388
98	393
99	397
100	398
101	401
102	408
103	413
104	417
105	421
106	424
107	424
108	426
109	431
110	434
111	437
112	441
113	443
114	443
115	444
116	445
117	446
118	447
119	449
120	450
121	453
122	455
123	460
124	461
125	463
126	466
127	467
128	469
129	469
130	473
131	476
132	477
133	480
134	482
135	483
136	485
137	486
138	487
139	488
140	489
141	489
142	491
143	494
144	496
145	497
146	498
147	499
148	500
149	501
150	502
151	506
152	511
153	513
154	517
155	518
156	519
157	522
158	523
159	529
160	536
161	542
162	548
163	549
164	551
165	557
166	561
167	564
168	567
169	570
170	571
171	571
172	575
173	581
174	582
175	582
176	586
177	589
178	589
179	593
180	596
181	598
182	604
183	605
184	606
185	610
186	613
187	617
188	619
189	619
190	624
191	629
192	639
193	649
194	654
195	664
196	680
197	690
198	697
199	704
200	707
201	716
202	723
203	731
204	737
205	741
206	747
207	757
208	765
209	774
210	781
211	787
212	791
213	797
214	803
215	809
216	813
217	816
218	817
219	819
220	821
221	826
222	833
223	837
224	846
225	851
226	857
227	862
228	870
229	879
230	884
231	893
232	902
233	905
234	909
235	915
236	920
237	927
238	930
239	935
240	938
241	943
242	947
243	952
244	958
245	962
246	964
247	967
248	972
249	974
250	979
251	984
252	991
253	994
254	996
255	998
256	1004
257	1007
258	1013
259	1021
260	1025
261	1031
262	1034
263	1040
264	1043
265	1051
266	1059
267	1060
268	1063
269	1066
270	1070
271	1076
272	1080
273	1083
274	1087
275	1089
276	1093
277	1097
278	1101
279	1109
280	1114
281	1120
282	1126
283	1130
284	1133
285	1136
286	1141
287	1144
288	1149
289	1153
290	1155
291	1157
292	1165
293	1173
294	1180
295	1185
296	1189
297	1192
298	1195
299	1201
300	1205
301	1209
302	1218
303	1218
304	1221
305	1224
306	1231
307	1239
308	1245
309	1248
310	1251
311	1254
312	1258
313	1259
314	1263
315	1270
316	1272
317	1275
318	1276
319	1282
320	1286
321	1290
322	1297
323	1301
324	1305
325	1309
326	1318
327	1320
328	1324
329	1329
330	1341
331	1347
332	1352
333	1361
334	1372
335	1383
336	1396
337	1402
338	1406
339	1408
340	1413
341	1424
342	1434
343	1443
344	1448
345	1456
346	1461
347	1469
348	1477
349	1481
350	1490
351	1498
352	1501
353	1507
354	1513
355	1523
356	1528
357	1536
358	1538
359	1543
360	1544
361	1549
362	1555
363	1563
364	1572
365	1582
366	1591
367	1596
368	1602
369	1607
370	1615
371	1620
372	1623
373	1628
374	1632
375	1637
376	1642
377	1649
378	1658
379	1666
380	1667
381	1671
382	1678
383	1686
384	1694
385	1698
386	1709
387	1710
388	1713
389	1716
390	1721
391	1726
392	1733
393	1740
394	1748
395	1749
396	1750
397	1757
398	1762
399	1769
400	1772
401	1774
402	1776
403	1779
404	1782
405	1784
406	1790
407	1803
408	1808
409	1817
410	1823
411	1826
412	1829
413	1834
414	1838
415	1841
416	1847
417	1853
418	1859
419	1865
420	1875
421	1879
422	1879
423	1879
424	1883
425	1894
426	1900
427	1904
428	1907
429	1911
430	1914
431	1919
432	1924
433	1931
434	1935
435	1940
436	1941
437	1947
438	1954
439	1961
440	1968
441	1980
442	2001
443	2013
444	2025
445	2050
446	2074
447	2093
448	2107
449	2119
450	2129
451	2137
452	2151
453	2175
454	2195
455	2211
456	2219
457	2228
458	2241
459	2257
460	2273
461	2282
462	2296
463	2308
464	2318
465	2334
466	2349
467	2363
468	2377
469	2393
470	2412
471	2426
472	2437
473	2447
474	2465
475	2473
476	2488
477	2501
478	2514
479	2521
480	2532
481	2545
482	2554
483	2567
484	2578
485	2586
486	2596
487	2608
488	2618
489	2634
490	2643
491	2654
492	2663
493	2671
494	2683
495	2701
496	2716
497	2725
498	2735
499	2747
500	2756
501	2759
502	2769
503	2787
504	2793
505	2799
506	2806
507	2813
508	2823
509	2835
510	2849
511	2853
512	2857
513	2860
514	2867
515	2875
516	2881
517	2889
518	2893
519	2897
520	2906
521	2914
522	2922
523	2931
524	2941
525	2951
526	2962
527	2966
528	2974
529	2983
530	2988
531	2999
532	3008
533	3016
534	3020
535	3025
536	3042
537	3050
538	3078
539	3109
540	3135
541	3149
542	3164
543	3181
544	3197
545	3215
546	3241
547	3258
548	3267
549	3281
550	3298
551	3316
552	3336
553	3356
554	3372
555	3380
556	3400
557	3420
558	3441
559	3454
560	3467
561	3495
562	3507
563	3517
564	3524
565	3533
566	3546
567	3561
568	3569
569	3585
570	3593
571	3606
572	3616
573	3627
574	3642
575	3652
576	3665
577	3673
578	3686
579	3701
580	3718
581	3727
582	3739
583	3745
584	3759
585	3773
586	3784
587	3798
588	3814
589	3827
590	3832
591	3842
592	3853
593	3865
594	3877
595	3883
596	3894
597	3906
598	3915
599	3931
600	3943
601	3963
602	3974
603	3986
604	3994
605	3999
606	4013
607	4020
608	4034
609	4044
610	4055
611	4066
612	4074
613	4087
614	4101
615	4115
616	4128
617	4137
618	4146
619	4155
620	4176
621	4213
622	4242
623	4268
624	4291
625	4310
626	4335
627	4362
628	4379
629	4402
630	4425
631	4445
632	4460
633	4474
634	4482
635	4499
636	4522
637	4542
638	4562
639	4571
640	4583
641	4597
642	4610
643	4628
644	4640
645	4653
646	4668
647	4675
648	4683
649	4694
650	4704
651	4717
652	4734
653	4742
654	4754
655	4774
656	4789
657	4803
658	4816
659	4833
660	4841
661	4855
662	4875
663	4889
664	4911
665	4929
666	4940
667	4952
668	4957
669	4972
670	4990
671	5007
672	5023
673	5044
674	5051
675	5059
676	5072
677	5086
678	5100
679	5109
680	5117
681	5120
682	5125
683	5136
684	5148
685	5161
686	5171
687	5179
688	5188
689	5197
690	5212
691	5223
692	5236
693	5248
694	5254
695	5260
696	5264
697	5277
698	5289
699	5322
700	5354
701	5382
702	5391
703	5402
704	5425
705	5454
706	5478
707	5513
708	5535
709	5554
710	5564
711	5580
712	5599
713	5627
714	5650
715	5668
716	5686
717	5705
718	5723
719	5753
720	5769
721	5781
722	5808
723	5827
724	5838
725	5855
726	5872
727	5892
728	5903
729	5916
730	5922
731	5932
732	5946
733	5965
734	5979
735	5995
736	6015
737	6025
738	6032
739	6045
740	6068
741	6084
742	6104
743	6120
744	6137
745	6145
746	6166
747	6178
748	6190
749	6207
750	6229
751	6237
752	6247
753	6263
754	6283
755	6293
756	6305
757	6314
758	6320
759	6322
760	6339
761	6353
762	6367
763	6374
764	6389
765	6397
766	6406
767	6413
768	6430
769	6449
770	6498
771	6524
772	6543
773	6560
774	6584
775	6616
776	6649
777	6677
778	6713
779	6727
780	6744
781	6770
782	6788
783	6820
784	6848
785	6870
786	6884
787	6897
788	6918
789	6941
790	6963
791	6984
792	7005
793	7017
794	7038
795	7062
796	7078
797	7101
798	7124
799	7132
800	7137
801	7145
802	7158
803	7185
804	7206
805	7235
806	7251
807	7261
808	7276
809	7300
810	7317
811	7334
812	7347
813	7363
814	7374
815	7383
816	7405
817	7422
818	7443
819	7457
820	7470
821	7488
822	7502
823	7519
824	7538
825	7558
826	7569
827	7584
828	7596
829	7602
830	7623
831	7649
832	7666
833	7685
834	7709
835	7719
836	7733
837	7755
838	7791
839	7828
840	7873
841	7913
842	7940
843	7976
844	8011
845	8049
846	8079
847	8106
848	8126
849	8148
850	8169
851	8192
852	8224
853	8262
854	8291
855	8325
856	8351
857	8373
858	8395
859	8413
860	8439
861	8455
862	8475
863	8491
864	8501
865	8521
866	8543
867	8555
868	8570
869	8584
870	8596
871	8610
872	8631
873	8645
874	8658
875	8671
876	8687
877	8702
878	8713
879	8728
880	8750
881	8760
882	8764
883	8777
884	8785
885	8795
886	8809
887	8823
888	8845
889	8864
890	8871
891	8881
892	8893
893	8909
894	8919
895	8941
896	8953
897	8961
898	8967
899	8982
900	9007
901	9046
902	9085
903	9133
904	9164
905	9192
906	9215
907	9245
908	9278
909	9306
910	9330
911	9353
912	9363
913	9384
914	9414
915	9445
916	9465
917	9499
918	9518
919	9533
920	9550
921	9567
922	9596
923	9614
924	9634
925	9653
926	9670
927	9685
928	9705
929	9737
930	9765
931	9791
932	9819
933	9829
934	9851
935	9877
936	9897
937	9916
938	9935
939	9954
940	9962
941	9975
942	10001
943	10023
944	10054
945	10076
946	10096
947	10114
948	10135
949	10162
950	10178
951	10236
952	10282
953	10332
954	10365
955	10399
956	10438
957	10477
958	10518
959	10556
960	10582
961	10601
962	10618
963	10656
964	10692
965	10727
966	10759
967	10789
968	10814
969	10832
970	10852
971	10879
972	10909
973	10938
974	10960
975	10979
976	10999
977	11022
978	11056
979	11076
980	11107
981	11127
982	11145
983	11162
984	11181
985	11202
986	11227
987	11252
988	11269
989	11288
990	11310
991	11328
992	11349
993	11372
994	11393
995	11412
996	11430
997	11468
998	11519
999	11570
1000	11615
1001	11675
1002	11709
1003	11743
1004	11770
1005	11804
1006	11839
1007	11870
1008	11901
1009	11937
1010	11954
1011	11983
1012	12009
1013	12031
1014	12061
1015	12098
1016	12127
1017	12149
1018	12170
1019	12188
1020	12200
1021	12225
1022	12248
1023	12277
1024	12291
1025	12311
1026	12334
1027	12369
1028	12395
1029	12416
1030	12433
1031	12443
1032	12457
1033	12472
1034	12495
1035	12517
1036	12542
1037	12559
1038	12572
1039	12579
1040	12600
1041	12616
1042	12632
1043	12671
1044	12700
1045	12731
1046	12752
1047	12786
1048	12817
1049	12852
1050	12884
1051	12925
1052	12941
1053	12958
1054	12993
1055	13020
1056	13050
1057	13071
1058	13094
1059	13109
1060	13127
1061	13154
1062	13182
1063	13213
1064	13246
1065	13268
1066	13275
1067	13286
1068	13301
1069	13325
1070	13347
1071	13378
1072	13397
1073	13407
1074	13417
1075	13437
1076	13467
1077	13493
1078	13516
1079	13537
1080	13547
1081	13558
1082	13576
1083	13596
1084	13616
1085	13623
1086	13642
1087	13657
1088	13674
1089	13725
1090	13767
1091	13807
1092	13844
1093	13872
1094	13895
1095	13915
1096	13939
1097	13968
1098	13999
1099	14025
1100	14063
1101	14078
1102	14099
1103	14116
1104	14144
1105	14173
1106	14201
1107	14225
1108	14240
1109	14258
1110	14288
1111	14307
1112	14330
1113	14357
1114	14376
1115	14391
1116	14408
1117	14432
1118	14468
1119	14499
1120	14520
1121	14538
1122	14552
1123	14563
1124	14582
1125	14601
1126	14626
1127	14647
1128	14659
1129	14668
1130	14676
1131	14692
1132	14705
1133	14727
1134	14779
1135	14823
1136	14849
1137	14873
1138	14912
1139	14946
1140	14987
1141	15029
1142	15057
1143	15081
1144	15110
1145	15139
1146	15180
1147	15213
1148	15246
1149	15270
1150	15281
1151	15298
1152	15311
1153	15339
1154	15363
1155	15386
1156	15408
1157	15433
1158	15451
1159	15468
1160	15482
1161	15505
1162	15522
1163	15542
1164	15566
1165	15577
1166	15597
1167	15622
1168	15645
1169	15667
1170	15684
1171	15699
1172	15708
1173	15732
1174	15751
1175	15773
1176	15798
1177	15818
1178	15833
1179	15882
1180	15939
1181	15984
1182	16040
1183	16073
1184	16110
1185	16134
1186	16153
1187	16197
1188	16222
1189	16253
1190	16288
1191	16314
1192	16342
1193	16361
1194	16389
1195	16415
1196	16459
1197	16480
1198	16517
1199	16536
1200	16556
1201	16585
1202	16613
1203	16650
1204	16686
1205	16708
1206	16719
1207	16742
1208	16769
1209	16788
1210	16815
1211	16835
1212	16848
1213	16864
1214	16875
1215	16895
1216	16921
1217	16936
1218	16963
1219	16985
1220	17001
1221	17026
1222	17053
1223	17118
1224	17177
1225	17232
1226	17274
1227	17305
1228	17336
1229	17373
1230	17405
1231	17438
1232	17472
1233	17498
1234	17521
1235	17546
1236	17575
1237	17603
1238	17625
1239	17644
1240	17674
1241	17690
1242	17706
1243	17724
1244	17741
1245	17763
1246	17782
1247	17802
1248	17814
1249	17822
1250	17840
1251	17864
1252	17886
1253	17912
1254	17934
1255	17949
1256	17969
1257	17987
1258	18007
1259	18031
1260	18045
1261	18068
1262	18088
1263	18102
1264	18132
1265	18149
1266	18192
1267	18259
1268	18327
1269	18354
1270	18395
1271	18428
1272	18472
1273	18507
1274	18549
1275	18594
1276	18614
1277	18632
1278	18661
1279	18701
1280	18732
1281	18757
1282	18786
1283	18803
1284	18818
1285	18848
1286	18884
1287	18918
1288	18946
1289	18969
1290	18989
1291	19008
1292	19026
1293	19052
1294	19080
1295	19110
1296	19131
1297	19154
1298	19176
1299	19202
1300	19232
1301	19256
1302	19288
1303	19325
1304	19376
1305	19429
1306	19472
1307	19522
1308	19569
1309	19618
1310	19666
1311	19693
1312	19720
1313	19769
1314	19800
1315	19846
1316	19874
1317	19911
1318	19935
1319	19957
1320	19992
1321	20036
1322	20064
1323	20092
1324	20119
1325	20134
1326	20153
1327	20188
1328	20220
1329	20249
1330	20285
1331	20304
1332	20329
1333	20355
1334	20387
1335	20408
1336	20440
1337	20466
1338	20489
1339	20502
1340	20547
1341	20628
1342	20687
1343	20749
1344	20808
1345	20852
1346	20884
1347	20916
1348	20967
1349	21018
1350	21052
1351	21102
1352	21139
1353	21169
1354	21206
1355	21239
1356	21268
1357	21301
1358	21332
1359	21368
1360	21386
1361	21403
1362	21437
1363	21463
1364	21507
1365	21539
1366	21561
1367	21581
1368	21603
1369	21628
1370	21648
1371	21675
1372	21699
1373	21728
1374	21749
1375	21761
1376	21805
1377	21881
1378	21944
1379	22002
1380	22050
1381	22076
1382	22101
1383	22132
1384	22166
1385	22208
1386	22239
1387	22286
1388	22300
1389	22328
1390	22371
1391	22399
1392	22432
1393	22466
1394	22497
1395	22518
1396	22528
1397	22555
1398	22584
1399	22616
1400	22641
1401	22666
1402	22693
1403	22709
1404	22737
1405	22756
1406	22786
1407	22808
1408	22828
1409	22840
1410	22859
1411	22886
1412	22902
1413	22973
1414	23027
1415	23097
1416	23129
1417	23158
1418	23193
1419	23228
1420	23271
1421	23313
1422	23348
1423	23365
1424	23386
1425	23436
1426	23470
1427	23498
1428	23542
1429	23571
1430	23588
1431	23607
1432	23635
1433	23655
1434	23680
1435	23715
1436	23745
1437	23758
1438	23784
1439	23811
1440	23831
1441	23860
1442	23881
1443	23914
1444	23926
1445	23940
1446	23966
1447	23983
1448	24050
1449	24114
1450	24167
1451	24189
1452	24207
1453	24257
1454	24298
1455	24344
1456	24380
1457	24423
1458	24444
1459	24459
1460	24490
1461	24515
1462	24551
1463	24583
1464	24607
1465	24628
1466	24649
1467	24678
1468	24708
1469	24731
1470	24764
1471	24790
1472	24802
1473	24818
1474	24846
1475	24871
1476	24891
1477	24912
1478	24941
1479	24949
1480	24967
1481	24984
1482	25026
1483	25090
1484	25141
1485	25209
1486	25235
1487	25275
1488	25316
1489	25350
1490	25386
1491	25418
1492	25453
1493	25470
1494	25486
1495	25527
1496	25563
1497	25598
1498	25633
1499	25661
1500	25681
1501	25712
1502	25748
1503	25781
1504	25803
1505	25851
1506	25890
1507	25914
1508	25940
1509	25965
1510	25987
1511	26009
1512	26039
1513	26074
1514	26090
1515	26109
1516	26133
1517	26197
1518	26283
1519	26366
1520	26426
1521	26461
1522	26501
1523	26551
1524	26599
1525	26649
1526	26694
1527	26731
1528	26757
1529	26786
1530	26830
1531	26871
1532	26926
1533	26973
1534	27019
1535	27047
1536	27074
1537	27107
1538	27142
1539	27172
1540	27214
1541	27241
1542	27265
1543	27293
1544	27325
1545	27356
1546	27385
1547	27415
1548	27446
1549	27471
1550	27536
1551	27617
1552	27681
1553	27740
1554	27800
1555	27849
1556	27906
1557	27951
1558	28003
1559	28062
1560	28120
1561	28170
1562	28219
1563	28261
1564	28286
1565	28337
1566	28374
1567	28416
1568	28462
1569	28492
1570	28518
1571	28556
1572	28586
1573	28628
1574	28659
1575	28699
1576	28734
1577	28754
1578	28791
1579	28817
1580	28850
1581	28892
1582	28944
1583	29032
1584	29084
1585	29158
1586	29229
1587	29299
1588	29356
1589	29407
1590	29463
1591	29511
1592	29541
1593	29579
1594	29615
1595	29648
1596	29685
1597	29716
1598	29738
1599	29770
1600	29802
1601	29843
1602	29867
1603	29899
1604	29928
1605	29950
1606	29970
1607	29983
1608	29996
1609	30015
1610	30038
1611	30068
1612	30080
1613	30097
1614	30115
1615	30128
1616	30155
1617	30178
1618	30230
1619	30290
1620	30341
1621	30405
1622	30472
1623	30533
1624	30591
1625	30627
1626	30662
1627	30687
1628	30732
1629	30793
1630	30848
1631	30877
1632	30922
1633	30952
1634	30978
1635	31015
1636	31058
1637	31098
1638	31136
1639	31170
1640	31193
1641	31220
1642	31269
1643	31301
1644	31336
1645	31363
1646	31386
1647	31403
1648	31429
1649	31518
1650	31589
1651	31674
1652	31749
1653	31799
1654	31839
1655	31889
1656	31933
1657	31992
1658	32047
1659	32108
1660	32140
1661	32175
1662	32199
1663	32245
1664	32297
1665	32336
1666	32373
1667	32422
1668	32461
1669	32491
1670	32529
1671	32568
1672	32621
1673	32662
1674	32692
1675	32728
1676	32751
1677	32821
1678	32907
1679	32991
1680	33074
1681	33133
1682	33174
1683	33224
1684	33291
1685	33338
1686	33404
1687	33465
1688	33515
1689	33555
1690	33592
1691	33640
1692	33685
1693	33734
1694	33783
1695	33820
1696	33849
1697	33881
1698	33917
1699	33961
1700	34017
1701	34063
1702	34091
1703	34119
1704	34177
1705	34261
1706	34347
1707	34440
1708	34508
1709	34574
1710	34615
1711	34668
1712	34734
1713	34788
1714	34846
1715	34898
1716	34951
1717	35004
1718	35041
1719	35089
1720	35135
1721	35178
1722	35226
1723	35266
1724	35301
1725	35338
1726	35389
1727	35425
1728	35461
1729	35517
1730	35549
1731	35603
1732	35670
1733	35738
1734	35812
1735	35862
1736	35936
1737	35992
1738	36045
1739	36089
1740	36139
1741	36200
1742	36258
1743	36308
1744	36357
1745	36380
1746	36413
1747	36452
1748	36498
1749	36537
1750	36582
1751	36615
1752	36644
1753	36678
1754	36715
1755	36760
1756	36798
1757	36844
1758	36877
1759	36900
1760	36922
1761	36978
1762	37069
1763	37138
1764	37199
1765	37250
1766	37293
1767	37332
1768	37369
1769	37423
1770	37469
1771	37516
1772	37571
1773	37602
1774	37631
1775	37671
1776	37703
1777	37746
1778	37778
1779	37810
1780	37832
1781	37858
1782	37897
1783	37929
1784	37973
1785	38017
1786	38057
1787	38086
1788	38112
1789	38141
1790	38203
1791	38292
1792	38385
1793	38456
1794	38503
1795	38547
1796	38604
1797	38658
1798	38709
1799	38752
1800	38796
1801	38822
1802	38847
1803	38882
1804	38923
1805	38960
1806	38997
1807	39039
1808	39060
1809	39080
1810	39112
1811	39145
1812	39184
1813	39224
1814	39252
1815	39275
1816	39292
1817	39331
1818	39367
1819	39449
1820	39533
1821	39591
1822	39630
1823	39678
1824	39748
1825	39787
1826	39840
1827	39886
1828	39929
1829	39964
1830	39998
1831	40042
1832	40106
1833	40158
1834	40196
1835	40232
1836	40261
1837	40281
1838	40314
1839	40359
1840	40401
1841	40437
1842	40465
1843	40490
1844	40515
1845	40543
1846	40573
1847	40665
1848	40751
1849	40820
1850	40858
1851	40894
1852	40948
1853	41010
1854	41074
1855	41125
1856	41180
1857	41223
1858	41266
1859	41310
1860	41357
1861	41404
1862	41446
1863	41483
1864	41517
1865	41554
1866	41595
1867	41629
1868	41662
1869	41705
1870	41736
1871	41769
1872	41787
1873	41826
1874	41865
1875	41950
1876	42046
1877	42116
1878	42180
1879	42243
1880	42326
1881	42401
1882	42469
1883	42534
1884	42594
1885	42651
1886	42691
1887	42755
1888	42808
1889	42860
1890	42914
1891	42963
1892	43013
1893	43065
1894	43116
1895	43175
1896	43234
1897	43274
1898	43313
1899	43345
1900	43381
1901	43426
1902	43476
1903	43572
1904	43674
1905	43785
1906	43867
1907	43944
1908	44018
1909	44088
1910	44168
1911	44247
1912	44323
1913	44369
1914	44424
1915	44496
1916	44557
1917	44612
1918	44668
1919	44713
1920	44759
1921	44793
1922	44846
1923	44895
1924	44945
1925	44990
1926	45043
1927	45085
1928	45122
1929	45164
1930	45264
1931	45367
1932	45480
1933	45557
1934	45634
1935	45713
1936	45797
1937	45876
1938	45954
1939	46034
1940	46097
1941	46142
1942	46200
1943	46253
1944	46315
1945	46374
1946	46432
1947	46474
1948	46513
1949	46551
1950	46607
1951	46660
1952	46694
1953	46757
1954	46810
1955	46858
1956	46969
1957	47077
1958	47176
1959	47264
1960	47335
1961	47400
1962	47451
1963	47506
1964	47563
1965	47622
1966	47680
1967	47726
1968	47764
1969	47795
1970	47835
1971	47870
1972	47916
1973	47941
1974	47969
1975	48004
1976	48033
1977	48056
1978	48089
1979	48115
1980	48142
1981	48184
1982	48224
1983	48252
1984	48282
1985	48308
1986	48390
1987	48500
1988	48613
1989	48704
1990	48760
1991	48807
1992	48877
1993	48940
1994	48992
1995	49053
1996	49094
1997	49126
1998	49172
1999	49219
2000	49269
2001	49323
2002	49373
2003	49426
2004	49466
2005	49507
2006	49554
2007	49605
2008	49640
2009	49687
2010	49728
2011	49807
2012	49875
2013	49968
2014	50078
2015	50164
2016	50237
2017	50312
2018	50367
2019	50421
2020	50496
2021	50565
2022	50626
2023	50686
2024	50752
2025	50801
2026	50842
2027	50895
2028	50948
2029	51009
2030	51055
2031	51109
2032	51147
2033	51177
2034	51221
2035	51299
2036	51444
2037	51563
2038	51651
2039	51730
2040	51793
2041	51865
2042	51930
2043	52012
2044	52088
2045	52154
2046	52205
2047	52259
2048	52323
2049	52386
2050	52449
2051	52521
2052	52567
2053	52614
2054	52672
2055	52721
2056	52776
2057	52838
2058	52914
2059	53043
2060	53121
2061	53206
2062	53307
2063	53387
2064	53481
2065	53557
2066	53631
2067	53695
2068	53755
2069	53826
2070	53895
2071	53970
2072	54033
2073	54079
2074	54129
2075	54184
2076	54237
2077	54285
2078	54328
2079	54379
2080	54429
2081	54475
2082	54504
2083	54564
2084	54683
2085	54791
2086	54898
2087	54981
2088	55042
2089	55082
2090	55156
2091	55227
2092	55299
2093	55384
2094	55437
2095	55479
2096	55522
2097	55571
2098	55639
2099	55683
2100	55737
2101	55787
2102	55825
2103	55861
2104	55901
2105	55943
2106	55994
2107	56056
2108	56085
2109	56121
2110	56180
2111	56287
2112	56385
2113	56463
2114	56539
2115	56585
2116	56628
2117	56669
2118	56724
2119	56783
2120	56851
2121	56911
2122	56960
2123	56998
2124	57041
2125	57097
2126	57140
2127	57199
2128	57236
2129	57284
2130	57315
2131	57347
2132	57399
2133	57438
2134	57487
2135	57543
2136	57593
2137	57624
2138	57644
2139	57711
2140	57820
2141	57897
2142	57965
2143	58026
2144	58063
2145	58092
2146	58157
2147	58204
2148	58264
2149	58311
2150	58359
2151	58389
2152	58414
2153	58458
2154	58512
2155	58560
2156	58602
2157	58641
2158	58676
2159	58700
2160	58727
2161	58769
2162	58801
2163	58839
2164	58868
2165	58893
2166	58916
2167	58941
2168	58977
2169	59073
2170	59162
2171	59225
2172	59270
2173	59304
2174	59345
2175	59400
2176	59450
2177	59509
2178	59552
2179	59593
2180	59628
2181	59678
2182	59721
2183	59771
2184	59811
2185	59859
2186	59884
2187	59907
2188	59935
2189	59973
2190	60015
2191	60067
2192	60099
2193	60119
2194	60136
2195	60174
2196	60207
2197	60257
2198	60353
2199	60414
2200	60461
2201	60508
2202	60576
2203	60634
2204	60697
2205	60766
2206	60804
2207	60835
2208	60869
2209	60912
2210	60967
2211	61003
2212	61054
2213	61088
2214	61119
2215	61149
2216	61196
2217	61243
2218	61291
2219	61340
2220	61384
2221	61409
2222	61436
2223	61483
2224	61527
2225	61563
2226	61609
2227	61658
2228	61728
2229	61788
2230	61843
2231	61925
2232	62013
2233	62078
2234	62138
2235	62189
2236	62252
2237	62316
2238	62394
2239	62444
2240	62504
2241	62561
2242	62617
2243	62656
2244	62707
2245	62758
2246	62808
2247	62867
2248	62911
2249	62949
2250	62987
2251	63038
2252	63090
2253	63138
2254	63181
2255	63220
2256	63256
2257	63293
2258	63382
2259	63486
2260	63585
2261	63692
2262	63761
2263	63827
2264	63883
2265	63951
2266	64035
2267	64107
2268	64179
2269	64249
2270	64294
2271	64354
2272	64407
2273	64474
2274	64538
2275	64592
2276	64650
2277	64693
2278	64735
2279	64792
2280	64856
2281	64909
2282	64957
2283	65006
2284	65041
2285	65085
2286	65130
2287	65207
2288	65317
2289	65434
2290	65513
2291	65587
2292	65677
2293	65765
2294	65833
2295	65904
2296	65983
2297	66045
2298	66108
2299	66159
2300	66228
2301	66313
2302	66365
2303	66429
2304	66485
2305	66530
2306	66585
2307	66632
2308	66686
2309	66740
2310	66796
2311	66827
2312	66875
2313	66931
2314	66977
2315	67031
2316	67159
2317	67293
2318	67387
2319	67460
2320	67535
2321	67620
2322	67710
2323	67799
2324	67875
2325	67949
2326	67994
2327	68036
2328	68104
2329	68154
2330	68194
2331	68251
2332	68288
2333	68337
2334	68370
2335	68418
2336	68464
2337	68485
2338	68514
2339	68552
2340	68584
2341	68610
2342	68639
2343	68675
2344	68703
2345	68721
2346	68743
2347	68777
2348	68808
2349	68858
2350	68942
2351	69026
2352	69111
2353	69179
2354	69232
2355	69293
2356	69352
2357	69422
2358	69479
2359	69531
2360	69598
2361	69648
2362	69696
2363	69752
2364	69811
2365	69874
2366	69937
2367	69989
2368	70018
2369	70053
2370	70104
2371	70156
2372	70205
2373	70245
2374	70298
2375	70327
2376	70357
2377	70400
2378	70452
2379	70574
2380	70671
2381	70759
2382	70833
2383	70919
2384	70996
2385	71054
2386	71130
2387	71201
2388	71273
2389	71321
2390	71363
2391	71412
2392	71480
2393	71540
2394	71600
2395	71656
2396	71695
2397	71744
2398	71803
2399	71845
2400	71891
2401	71943
2402	71990
2403	72032
2404	72069
2405	72119
2406	72194
2407	72310
2408	72413
2409	72491
2410	72557
2411	72625
2412	72697
2413	72778
2414	72871
2415	72934
2416	73004
2417	73052
2418	73112
2419	73179
2420	73244
2421	73317
2422	73373
2423	73455
2424	73511
2425	73566
2426	73637
2427	73693
2428	73752
2429	73805
2430	73861
2431	73906
2432	73944
2433	73992
2434	74110
2435	74239
2436	74339
2437	74416
2438	74483
2439	74562
2440	74631
2441	74707
2442	74804
2443	74898
2444	74965
2445	75021
2446	75079
2447	75148
2448	75228
2449	75296
2450	75368
2451	75434
2452	75479
2453	75522
2454	75584
2455	75636
2456	75694
2457	75750
2458	75808
2459	75842
2460	75896
2461	76020
2462	76146
2463	76245
2464	76336
2465	76404
2466	76463
2467	76530
2468	76614
2469	76681
2470	76761
2471	76824
2472	76883
2473	76930
2474	76977
2475	77035
2476	77093
2477	77145
2478	77196
2479	77250
2480	77293
2481	77327
2482	77377
2483	77436
2484	77485
2485	77544
2486	77600
2487	77686
2488	77761
2489	77858
2490	77958
2491	78040
2492	78118
2493	78188
2494	78255
2495	78309
2496	78379
2497	78453
2498	78526
2499	78593
2500	78652
2501	78697
2502	78739
2503	78779
2504	78841
2505	78898
2506	78956
2507	79014
2508	79049
2509	79079
2510	79130
2511	79185
2512	79240
2513	79286
2514	79374
2515	79445
2516	79503
2517	79565
2518	79646
2519	79733
2520	79795
2521	79873
2522	79914
2523	79951
2524	80006
2525	80055
2526	80119
2527	80179
2528	80232
2529	80265
2530	80290
2531	80331
2532	80381
2533	80436
2534	80477
2535	80526
2536	80545
2537	80569
2538	80617
2539	80659
2540	80705
2541	80759
2542	80840
2543	80879
2544	80938
2545	80995
2546	81057
2547	81130
2548	81185
2549	81233
2550	81273
2551	81310
2552	81367
2553	81423
2554	81484
2555	81542
2556	81598
2557	81633
2558	81663
2559	81704
2560	81752
2561	81793
2562	81835
2563	81873
2564	81895
2565	81929
2566	81968
2567	81999
2568	82031
2569	82114
2570	82180
2571	82233
2572	82272
2573	82340
2574	82405
2575	82475
2576	82532
2577	82588
2578	82633
2579	82667
2580	82713
2581	82765
2582	82819
2583	82849
2584	82894
2585	82929
2586	82956
2587	82999
2588	83052
2589	83102
2590	83152
2591	83201
2592	83228
2593	83258
2594	83312
2595	83367
2596	83404
2597	83466
2598	83556
2599	83627
2600	83690
2601	83762
2602	83826
2603	83897
2604	83975
2605	84047
2606	84104
2607	84169
2608	84232
2609	84301
2610	84361
2611	84422
2612	84477
2613	84517
2614	84560
2615	84617
2616	84671
2617	84730
2618	84784
2619	84829
2620	84870
2621	84920
2622	84963
2623	85018
2624	85076
2625	85120
2626	85213
2627	85301
2628	85396
2629	85485
2630	85571
2631	85662
2632	85762
2633	85833
2634	85892
2635	85946
2636	86012
2637	86076
2638	86146
2639	86221
2640	86284
2641	86341
2642	86379
2643	86433
2644	86491
2645	86545
2646	86602
2647	86656
2648	86699
2649	86736
2650	86774
2651	86837
2652	86889
2653	86955
2654	87063
2655	87145
2656	87229
2657	87321
2658	87410
2659	87493
2660	87592
2661	87674
2662	87730
2663	87786
2664	87864
2665	87934
2666	88011
2667	88103
2668	88179
2669	88232
2670	88285
2671	88346
2672	88417
2673	88477
2674	88549
2675	88598
2676	88648
2677	88708
2678	88761
2679	88825
2680	88892
2681	88952
2682	89068
2683	89156
2684	89255
2685	89336
2686	89428
2687	89523
2688	89599
2689	89666
2690	89728
2691	89788
2692	89853
2693	89917
2694	89972
2695	90025
2696	90081
2697	90120
2698	90158
2699	90207
2700	90260
2701	90306
2702	90339
2703	90370
2704	90394
2705	90434
2706	90474
2707	90517
2708	90555
2709	90582
2710	90607
2711	90634
2712	90669
2713	90706
2714	90790
2715	90869
2716	90931
2717	91011
2718	91081
2719	91136
2720	91203
2721	91281
2722	91356
2723	91421
2724	91478
2725	91530
2726	91591
2727	91644
2728	91706
2729	91772
2730	91834
2731	91885
2732	91931
2733	91982
2734	92036
2735	92088
2736	92148
2737	92203
2738	92250
2739	92294
2740	92334
2741	92432
2742	92547
2743	92624
2744	92723
2745	92808
2746	92878
2747	92965
2748	93031
2749	93107
2750	93182
2751	93257
2752	93326
2753	93392
2754	93440
2755	93512
2756	93575
2757	93649
2758	93725
2759	93803
2760	93854
2761	93918
2762	93972
2763	94047
2764	94116
2765	94184
2766	94279
2767	94370
2768	94447
2769	94560
2770	94674
2771	94789
2772	94884
2773	94985
2774	95054
2775	95068
