1	1
2	1
3	1
4	1
5	1
6	1
7	1
8	1
9	1
10	1
11	1
12	1
13	1
14	1
15	1
16	1
17	1
18	1
19	1
20	1
21	1
22	1
23	1
24	1
25	1
26	1
27	1
28	1
29	2
30	2
31	2
32	2
33	2
34	2
35	2
36	2
37	2
38	2
39	2
40	2
41	2
42	2
43	2
44	2
45	2
46	2
47	2
48	2
49	2
50	2
51	2
52	2
53	2
54	2
55	2
56	2
57	2
58	2
59	3
60	3
61	3
62	3
63	3
64	3
65	3
66	3
67	4
68	4
69	4
70	4
71	4
72	5
73	5
74	5
75	5
76	5
77	5
78	5
79	5
80	5
81	5
82	5
83	5
84	5
85	6
86	6
87	6
88	6
89	6
90	6
91	6
92	6
93	6
94	6
95	6
96	6
97	6
98	6
99	7
100	7
101	7
102	7
103	7
104	7
105	7
106	7
107	7
108	7
109	7
110	7
111	7
112	7
113	7
114	7
115	7
116	7
117	7
118	7
119	7
120	7
121	7
122	7
123	7
124	7
125	7
126	7
127	7
128	7
129	7
130	7
131	7
132	7
133	7
134	7
135	7
136	7
137	7
138	7
139	7
140	7
141	7
142	7
143	7
144	7
145	7
146	7
147	7
148	7
149	7
150	7
151	7
152	8
153	8
154	8
155	8
156	8
157	8
158	8
159	8
160	8
161	8
162	8
163	8
164	8
165	8
166	8
167	8
168	8
169	8
170	8
171	9
172	9
173	9
174	10
175	10
176	10
177	10
178	10
179	10
180	10
181	10
182	10
183	10
184	10
185	10
186	10
187	10
188	10
189	10
190	11
191	11
192	11
193	11
194	11
195	11
196	11
197	11
198	11
199	11
200	11
201	11
202	11
203	11
204	11
205	11
206	11
207	11
208	11
209	11
210	11
211	11
212	12
213	12
214	12
215	12
216	12
217	12
218	12
219	12
220	12
221	12
222	12
223	12
224	13
225	13
226	13
227	13
228	13
229	13
230	13
231	13
232	13
233	13
234	13
235	13
236	13
237	13
238	13
239	13
240	13
241	13
242	13
243	13
244	13
245	13
246	13
247	13
248	13
249	13
250	13
251	13
252	13
253	13
254	13
255	13
256	13
257	13
258	13
259	13
260	13
261	13
262	13
263	13
264	13
265	13
266	13
267	13
268	13
269	13
270	13
271	13
272	13
273	13
274	13
275	13
276	13
277	13
278	13
279	13
280	13
281	13
282	13
283	13
284	13
285	13
286	13
287	13
288	13
289	13
290	13
291	13
292	13
293	13
294	13
295	13
296	13
297	13
298	13
299	13
300	13
301	13
302	13
303	13
304	13
305	13
306	13
307	13
308	13
309	13
310	13
311	13
312	13
313	13
314	13
315	13
316	13
317	13
318	13
319	13
320	13
321	13
322	13
323	13
324	13
325	13
326	13
327	13
328	13
329	13
330	13
331	13
332	13
333	13
334	13
335	13
336	13
337	13
338	13
339	13
340	13
341	13
342	13
343	13
344	13
345	13
346	13
347	13
348	13
349	13
350	13
351	13
352	13
353	13
354	13
355	13
356	13
357	13
358	13
359	13
360	13
361	13
362	13
363	13
364	13
365	13
366	13
367	13
368	13
369	13
370	13
371	13
372	13
373	13
374	13
375	13
376	13
377	13
378	13
379	13
380	13
381	13
382	13
383	13
384	13
385	13
386	13
387	13
388	13
389	13
390	13
391	13
392	13
393	13
394	13
395	13
396	13
397	13
398	13
399	13
400	13
401	13
402	13
403	13
404	13
405	13
406	13
407	13
408	13
409	13
410	13
411	13
412	13
413	13
414	13
415	13
416	13
417	13
418	13
419	13
420	13
421	13
422	13
423	13
424	13
425	13
426	13
427	13
428	13
429	13
430	13
431	13
432	13
433	13
434	13
435	13
436	13
437	13
438	13
439	13
440	13
441	13
442	13
443	13
444	13
445	13
446	13
447	13
448	13
449	13
450	13
451	13
452	14
453	14
454	14
455	14
456	14
457	14
458	14
459	14
460	14
461	14
462	14
463	14
464	14
465	14
466	14
467	14
468	14
469	14
470	14
471	14
472	15
473	15
474	15
475	15
476	15
477	15
478	15
479	15
480	15
481	15
482	15
483	15
484	15
485	15
486	15
487	15
488	15
489	15
490	15
491	15
492	15
493	15
494	15
495	15
496	15
497	15
498	15
499	15
500	15
501	15
502	15
503	15
504	15
505	15
506	16
507	16
508	16
509	16
510	16
511	16
512	16
513	16
514	16
515	16
516	17
517	17
518	17
519	17
520	17
521	17
522	17
523	17
524	17
525	17
526	17
527	17
528	17
529	17
530	17
531	17
532	17
533	17
534	17
535	17
536	17
537	17
538	17
539	17
540	17
541	17
542	17
543	17
544	17
545	17
546	17
547	17
548	17
549	17
550	17
551	17
552	17
553	17
554	17
555	17
556	17
557	17
558	17
559	17
560	17
561	17
562	17
563	17
564	17
565	17
566	17
567	17
568	17
569	17
570	17
571	17
572	17
573	17
574	17
575	17
576	17
577	17
578	17
579	17
580	17
581	17
582	17
583	17
584	17
585	17
586	17
587	17
588	17
589	17
590	17
591	17
592	17
593	17
594	17
595	17
596	17
597	18
598	18
599	18
600	18
601	18
602	18
603	18
604	18
605	18
606	18
607	18
608	18
609	18
610	18
611	18
612	18
613	18
614	18
615	18
616	18
617	18
618	18
619	18
620	18
621	18
622	18
623	18
624	18
625	18
626	18
627	18
628	18
629	18
630	18
631	18
632	19
633	19
634	19
635	19
636	19
637	19
638	19
639	20
640	20
641	20
642	20
643	20
644	20
645	20
646	20
647	20
648	20
649	20
650	20
651	20
652	20
653	20
654	21
655	21
656	21
657	21
658	21
659	21
660	21
661	21
662	21
663	21
664	21
665	21
666	21
667	21
668	21
669	22
670	22
671	22
672	22
673	22
674	22
675	22
676	22
677	22
678	22
679	22
680	22
681	22
682	22
683	22
684	22
685	22
686	22
687	22
688	22
689	22
690	22
691	22
692	22
693	22
694	22
695	22
696	22
697	22
698	22
699	22
700	22
701	22
702	22
703	22
704	22
705	22
706	22
707	22
708	22
709	22
710	22
711	22
712	22
713	22
714	22
715	22
716	22
717	22
718	22
719	22
720	22
721	22
722	22
723	22
724	22
725	22
726	22
727	22
728	22
729	22
730	22
731	22
732	22
733	22
734	22
735	22
736	22
737	22
738	22
739	22
740	22
741	22
742	22
743	22
744	22
745	22
746	22
747	22
748	22
749	22
750	22
751	22
752	22
753	22
754	22
755	22
756	22
757	22
758	22
759	22
760	22
761	22
762	22
763	22
764	22
765	22
766	22
767	22
768	22
769	22
770	22
771	22
772	22
773	22
774	22
775	22
776	22
777	22
778	22
779	22
780	22
781	22
782	22
783	22
784	22
785	22
786	22
787	22
788	22
789	22
790	22
791	22
792	22
793	22
794	22
795	22
796	22
797	22
798	22
799	23
800	23
801	23
802	23
803	23
804	23
805	24
806	24
807	24
808	24
809	24
810	24
811	24
812	24
813	24
814	24
815	24
816	24
817	24
818	24
819	24
820	25
821	27
822	27
823	27
824	27
825	27
826	28
827	28
828	28
829	28
830	28
831	28
832	28
833	28
834	28
835	28
836	28
837	28
838	28
839	28
840	28
841	29
842	29
843	29
844	29
845	29
846	29
847	29
848	29
849	29
850	29
851	29
852	29
853	29
854	29
855	29
856	29
857	29
858	29
859	29
860	29
861	29
862	29
863	29
864	29
865	29
866	29
867	29
868	29
869	29
870	29
871	30
872	30
873	30
874	30
875	30
876	30
877	30
878	30
879	30
880	30
881	30
882	30
883	30
884	30
885	30
886	30
887	30
888	30
889	30
890	30
891	30
892	30
893	30
894	30
895	30
896	30
897	30
898	30
899	30
900	30
901	31
902	31
903	31
904	31
905	31
906	31
907	32
908	32
909	32
910	32
911	32
912	32
913	32
914	32
915	32
916	32
917	32
918	32
919	32
920	32
921	32
922	32
923	32
924	32
925	33
926	33
927	33
928	33
929	33
930	33
931	33
932	34
933	34
934	34
935	34
936	34
937	34
938	34
939	34
940	34
941	34
942	34
943	34
944	34
945	34
946	34
947	35
948	35
949	35
950	35
951	35
952	35
953	35
954	35
955	35
956	35
957	35
958	35
959	35
960	35
961	35
962	35
963	35
964	35
965	35
966	35
967	35
968	35
969	35
970	35
971	35
972	35
973	35
974	35
975	35
976	35
977	35
978	35
979	35
980	35
981	35
982	35
983	35
984	35
985	35
986	35
987	35
988	35
989	35
990	35
991	35
992	35
993	35
994	35
995	35
996	35
997	35
998	35
999	35
1000	35
1001	35
1002	35
1003	35
1004	35
1005	35
1006	35
1007	35
1008	35
1009	35
1010	35
1011	35
1012	36
1013	36
1014	36
1015	36
1016	36
1017	36
1018	36
1019	36
1020	36
1021	36
1022	36
1023	36
1024	36
1025	36
1026	36
1027	36
1028	36
1029	36
1030	36
1031	36
1032	36
1033	36
1034	36
1035	36
1036	36
1037	36
1038	36
1039	36
1040	36
1041	36
1042	36
1043	37
1044	37
1045	37
1046	37
1047	37
1048	37
1049	37
1050	37
1051	37
1052	37
1053	37
1054	37
1055	37
1056	37
1057	37
1058	37
1059	37
1060	37
1061	37
1062	37
1063	37
1064	37
1065	37
1066	37
1067	37
1068	37
1069	37
1070	37
1071	37
1072	37
1073	37
1074	37
1075	37
1076	37
1077	37
1078	37
1079	37
1080	37
1081	37
1082	38
1083	38
1084	38
1085	39
1086	40
1087	40
1088	40
1089	40
1090	40
1091	40
1092	40
1093	40
1094	40
1095	40
1096	40
1097	40
1098	40
1099	40
1100	40
1101	40
1102	40
1103	40
1104	40
1105	41
1106	41
1107	41
1108	41
1109	41
1110	41
1111	41
1112	41
1113	41
1114	41
1115	41
1116	41
1117	41
1118	41
1119	41
1120	42
1121	42
1122	42
1123	42
1124	42
1125	42
1126	42
1127	42
1128	42
1129	42
1130	42
1131	42
1132	42
1133	43
1134	43
1135	43
1136	43
1137	43
1138	43
1139	43
1140	43
1141	43
1142	43
1143	43
1144	43
1145	43
1146	43
1147	43
1148	43
1149	43
1150	43
1151	43
1152	43
1153	43
1154	43
1155	43
1156	43
1157	43
1158	43
1159	43
1160	43
1161	43
1162	43
1163	43
1164	43
1165	43
1166	43
1167	43
1168	43
1169	43
1170	43
1171	43
1172	43
1173	43
1174	43
1175	43
1176	43
1177	43
1178	43
1179	43
1180	43
1181	43
1182	43
1183	44
1184	44
1185	44
1186	44
1187	44
1188	44
1189	44
1190	44
1191	44
1192	44
1193	44
1194	44
1195	44
1196	44
1197	44
1198	44
1199	44
1200	45
1201	45
1202	45
1203	45
1204	45
1205	45
1206	45
1207	45
1208	45
1209	45
1210	45
1211	45
1212	45
1213	45
1214	46
1215	46
1216	46
1217	46
1218	46
1219	46
1220	46
1221	46
1222	46
1223	46
1224	46
1225	46
1226	46
1227	46
1228	47
1229	47
1230	47
1231	47
1232	47
1233	47
1234	47
1235	48
1236	48
1237	48
1238	48
1239	48
1240	48
1241	48
1242	48
1243	48
1244	48
1245	48
1246	48
1247	49
1248	49
1249	49
1250	49
1251	49
1252	49
1253	49
1254	49
1255	49
1256	49
1257	50
1258	50
1259	50
1260	50
1261	50
1262	50
1263	50
1264	50
1265	50
1266	50
1267	50
1268	50
1269	50
1270	50
1271	50
1272	50
1273	50
1274	51
1275	51
1276	51
1277	51
1278	51
1279	51
1280	51
1281	51
1282	51
1283	51
1284	51
1285	51
1286	51
1287	51
1288	51
1289	51
1290	51
1291	51
1292	51
1293	51
1294	51
1295	51
1296	51
1297	51
1298	51
1299	51
1300	51
1301	51
1302	51
1303	51
1304	51
1305	51
1306	51
1307	51
1308	51
1309	51
1310	51
1311	51
1312	51
1313	51
1314	51
1315	51
1316	51
1317	51
1318	52
1319	52
1320	52
1321	52
1322	52
1323	52
1324	52
1325	52
1326	52
1327	52
1328	52
1329	52
1330	52
1331	52
1332	52
1333	52
1334	52
1335	52
1336	52
1337	52
1338	52
1339	52
1340	52
1341	52
1342	52
1343	52
1344	52
1345	52
1346	52
1347	52
1348	52
1349	52
1350	52
1351	53
1352	53
1353	53
1354	53
1355	53
1356	53
1357	53
1358	53
1359	53
1360	53
1361	53
1362	53
1363	53
1364	53
1365	53
1366	53
1367	53
1368	53
1369	53
1370	53
1371	53
1372	53
1373	53
1374	53
1375	53
1376	53
1377	53
1378	53
1379	53
1380	53
1381	53
1382	53
1383	53
1384	54
1385	54
1386	54
1387	54
1388	54
1389	54
1390	54
1391	54
1392	54
1393	54
1394	54
1395	54
1396	54
1397	54
1398	54
1399	54
1400	54
1401	54
1402	54
1403	54
1404	54
1405	54
1406	54
1407	55
1408	55
1409	55
1410	55
1411	55
1412	55
1413	55
1414	55
1415	55
1416	55
1417	55
1418	55
1419	55
1420	55
1421	55
1422	55
1423	55
1424	55
1425	55
1426	55
1427	55
1428	55
1429	55
1430	55
1431	55
1432	55
1433	55
1434	55
1435	55
1436	55
1437	55
1438	56
1439	56
1440	56
1441	56
1442	56
1443	56
1444	57
1445	57
1446	57
1447	57
1448	57
1449	57
1450	57
1451	57
1452	57
1453	57
1454	57
1455	57
1456	57
1457	58
1458	58
1459	58
1460	58
1461	58
1462	59
1463	59
1464	59
1465	59
1466	59
1467	59
1468	59
1469	59
1470	59
1471	60
1472	60
1473	60
1474	60
1475	60
1476	60
1477	60
1478	60
1479	60
1480	60
1481	60
1482	60
1483	60
1484	60
1485	60
1486	60
1487	60
1488	60
1489	60
1490	60
1491	60
1492	60
1493	60
1494	60
1495	60
1496	60
1497	60
1498	60
1499	60
1500	60
1501	60
1502	60
1503	60
1504	60
1505	60
1506	60
1507	60
1508	60
1509	60
1510	60
1511	60
1512	60
1513	60
1514	60
1515	60
1516	60
1517	60
1518	60
1519	61
1520	61
1521	61
1522	61
1523	61
1524	61
1525	61
1526	61
1527	61
1528	61
1529	61
1530	61
1531	61
1532	61
1533	61
1534	61
1535	61
1536	61
1537	61
1538	61
1539	61
1540	61
1541	61
1542	61
1543	61
1544	61
1545	61
1546	61
1547	61
1548	61
1549	61
1550	61
1551	61
1552	61
1553	61
1554	61
1555	61
1556	61
1557	61
1558	61
1559	61
1560	61
1561	61
1562	61
1563	61
1564	61
1565	61
1566	61
1567	61
1568	61
1569	61
1570	61
1571	61
1572	61
1573	61
1574	61
1575	62
1576	62
1577	62
1578	62
1579	62
1580	62
1581	62
1582	62
1583	62
1584	62
1585	62
1586	62
1587	62
1588	62
1589	62
1590	62
1591	62
1592	62
1593	62
1594	62
1595	62
1596	62
1597	62
1598	62
1599	62
1600	62
1601	62
1602	62
1603	62
1604	62
1605	62
1606	62
1607	62
1608	62
1609	63
1610	63
1611	63
1612	63
1613	63
1614	63
1615	63
1616	63
1617	63
1618	64
1619	64
1620	64
1621	64
1622	64
1623	64
1624	64
1625	64
1626	64
1627	64
1628	64
1629	64
1630	64
1631	64
1632	66
1633	66
1634	66
1635	66
1636	67
1637	67
1638	67
1639	67
1640	68
1641	69
1642	69
1643	69
1644	69
1645	69
1646	69
1647	70
1648	70
1649	70
1650	70
1651	70
1652	70
1653	71
1654	71
1655	71
1656	71
1657	71
1658	71
1659	71
1660	71
1661	71
1662	71
1663	71
1664	71
1665	71
1666	71
1667	71
1668	71
1669	71
1670	71
1671	71
1672	71
1673	71
1674	71
1675	71
1676	71
1677	71
1678	71
1679	71
1680	71
1681	71
1682	71
1683	71
1684	71
1685	71
1686	71
1687	71
1688	71
1689	71
1690	71
1691	71
1692	71
1693	71
1694	71
1695	71
1696	71
1697	71
1698	71
1699	71
1700	71
1701	71
1702	71
1703	71
1704	71
1705	71
1706	71
1707	71
1708	71
1709	71
1710	71
1711	71
1712	71
1713	71
1714	71
1715	71
1716	71
1717	71
1718	71
1719	71
1720	71
1721	71
1722	71
1723	71
1724	71
1725	71
1726	71
1727	71
1728	71
1729	71
1730	71
1731	71
1732	72
1733	73
1734	73
1735	73
1736	73
1737	73
1738	73
1739	73
1740	73
1741	73
1742	73
1743	73
1744	73
1745	73
1746	73
1747	73
1748	73
1749	73
1750	73
1751	73
1752	73
1753	73
1754	73
1755	73
1756	73
1757	73
1758	73
1759	73
1760	73
1761	73
1762	73
1763	73
1764	73
1765	73
1766	74
1767	74
1768	75
1769	75
1770	75
1771	75
1772	75
1773	75
1774	75
1775	75
1776	75
1777	75
1778	75
1779	75
1780	76
1781	76
1782	76
1783	76
1784	76
1785	76
1786	76
1787	76
1788	76
1789	76
1790	76
1791	76
1792	76
1793	76
1794	76
1795	76
1796	76
1797	76
1798	76
1799	76
1800	76
1801	76
1802	76
1803	76
1804	76
1805	76
1806	76
1807	76
1808	76
1809	76
1810	76
1811	76
1812	76
1813	76
1814	77
1815	77
1816	77
1817	77
1818	77
1819	77
1820	77
1821	77
1822	77
1823	77
1824	77
1825	77
1826	77
1827	77
1828	77
1829	77
1830	77
1831	77
1832	77
1833	77
1834	77
1835	77
1836	77
1837	77
1838	77
1839	77
1840	77
1841	77
1842	77
1843	77
1844	77
1845	77
1846	77
1847	77
1848	77
1849	77
1850	77
1851	77
1852	78
1853	78
1854	78
1855	78
1856	78
1857	78
1858	78
1859	78
1860	78
1861	78
1862	78
1863	78
1864	78
1865	78
1866	78
1867	78
1868	78
1869	78
1870	78
1871	78
1872	78
1873	78
1874	78
1875	78
1876	78
1877	78
1878	78
1879	78
1880	78
1881	78
1882	78
1883	96
1884	201
1885	303
1886	367
1887	424
1888	454
1889	501
1890	579
1891	659
1892	697
1893	729
1894	755
1895	773
1896	786
1897	817
1898	858
1899	883
1900	906
1901	936
1902	947
1903	958
1904	973
1905	1013
1906	1043
1907	1063
1908	1080
1909	1096
1910	1105
1911	1120
1912	1145
1913	1176
1914	1200
1915	1216
1916	1221
1917	1237
1918	1246
1919	1263
1920	1292
1921	1318
1922	1342
1923	1352
1924	1360
1925	1372
1926	1391
1927	1418
1928	1449
1929	1470
1930	1486
1931	1490
1932	1500
1933	1513
1934	1538
1935	1567
1936	1587
1937	1594
1938	1603
1939	1613
1940	1637
1941	1656
1942	1686
1943	1700
1944	1713
1945	1728
1946	1741
1947	1747
1948	1776
1949	1799
1950	1819
1951	1831
1952	1842
1953	1856
1954	1869
1955	1887
1956	1929
1957	1944
1958	1957
1959	1970
1960	1977
1961	1988
1962	2005
1963	2031
1964	2055
1965	2076
1966	2090
1967	2106
1968	2120
1969	2134
1970	2145
1971	2181
1972	2197
1973	2212
1974	2231
1975	2246
1976	2260
1977	2269
1978	2291
1979	2313
1980	2338
1981	2359
1982	2370
1983	2387
1984	2398
1985	2409
1986	2443
1987	2471
1988	2492
1989	2511
1990	2533
1991	2546
1992	2562
1993	2582
1994	2620
1995	2664
1996	2702
1997	2723
1998	2743
1999	2753
2000	2763
2001	2803
2002	2834
2003	2869
2004	2897
2005	2914
2006	2927
2007	2950
2008	2963
2009	3000
2010	3048
2011	3077
2012	3105
2013	3121
2014	3134
2015	3147
2016	3188
2017	3233
2018	3268
2019	3292
2020	3306
2021	3314
2022	3334
2023	3365
2024	3419
2025	3457
2026	3479
2027	3503
2028	3521
2029	3540
2030	3557
2031	3612
2032	3647
2033	3682
2034	3707
2035	3717
2036	3735
2037	3755
2038	3798
2039	3851
2040	3888
2041	3911
2042	3933
2043	3949
2044	3967
2045	4014
2046	4066
2047	4100
2048	4115
2049	4132
2050	4155
2051	4175
2052	4215
2053	4276
2054	4325
2055	4356
2056	4381
2057	4396
2058	4410
2059	4449
2060	4506
2061	4541
2062	4560
2063	4582
2064	4600
2065	4624
2066	4643
2067	4695
2068	4733
2069	4757
2070	4778
2071	4797
2072	4820
2073	4845
2074	4910
2075	4949
2076	4967
2077	4989
2078	5003
2079	5028
2080	5048
2081	5098
2082	5140
2083	5171
2084	5188
2085	5209
2086	5232
2087	5253
2088	5262
2089	5270
2090	5311
2091	5350
2092	5385
2093	5418
2094	5452
2095	5476
2096	5496
2097	5513
2098	5537
2099	5550
2100	5589
2101	5642
2102	5685
2103	5716
2104	5737
2105	5754
2106	5767
2107	5784
2108	5849
2109	5902
2110	5945
2111	5972
2112	5991
2113	6009
2114	6031
2115	6083
2116	6137
2117	6177
2118	6205
2119	6224
2120	6246
2121	6270
2122	6300
2123	6371
2124	6407
2125	6443
2126	6471
2127	6500
2128	6523
2129	6543
2130	6642
2131	6673
2132	6701
2133	6720
2134	6734
2135	6761
2136	6794
2137	6864
2138	6911
2139	6944
2140	6960
2141	6974
2142	6989
2143	7022
2144	7099
2145	7152
2146	7180
2147	7203
2148	7218
2149	7245
2150	7283
2151	7348
2152	7391
2153	7417
2154	7439
2155	7456
2156	7481
2157	7541
2158	7601
2159	7651
2160	7683
2161	7700
2162	7726
2163	7747
2164	7798
2165	7861
2166	7902
2167	7937
2168	7964
2169	7998
2170	8016
2171	8079
2172	8141
2173	8181
2174	8211
2175	8226
2176	8246
2177	8274
2178	8339
2179	8404
2180	8447
2181	8486
2182	8502
2183	8521
2184	8547
2185	8644
2186	8691
2187	8726
2188	8756
2189	8780
2190	8805
2191	8832
2192	8902
2193	8962
2194	9019
2195	9059
2196	9089
2197	9116
2198	9146
2199	9217
2200	9268
2201	9318
2202	9360
2203	9382
2204	9410
2205	9479
2206	9561
2207	9610
2208	9644
2209	9679
2210	9692
2211	9724
2212	9818
2213	9882
2214	9920
2215	9943
2216	9967
2217	9987
2218	10036
2219	10118
2220	10160
2221	10192
2222	10217
2223	10246
2224	10264
2225	10328
2226	10393
2227	10449
2228	10501
2229	10531
2230	10560
2231	10608
2232	10662
2233	10714
2234	10764
2235	10804
2236	10829
2237	10847
2238	10907
2239	10948
2240	10991
2241	11017
2242	11044
2243	11062
2244	11098
2245	11161
2246	11212
2247	11259
2248	11305
2249	11343
2250	11379
2251	11424
2252	11476
2253	11515
2254	11563
2255	11614
2256	11649
2257	11682
2258	11762
2259	11829
2260	11873
2261	11928
2262	11977
2263	12017
2264	12063
2265	12143
2266	12199
2267	12243
2268	12299
2269	12344
2270	12381
2271	12416
2272	12508
2273	12549
2274	12580
2275	12638
2276	12683
2277	12721
2278	12756
2279	12861
2280	12911
2281	12940
2282	13002
2283	13056
2284	13091
2285	13164
2286	13269
2287	13322
2288	13356
2289	13403
2290	13451
2291	13484
2292	13574
2293	13658
2294	13699
2295	13735
2296	13776
2297	13808
2298	13845
2299	13943
2300	14016
2301	14053
2302	14090
2303	14142
2304	14175
2305	14214
2306	14309
2307	14382
2308	14427
2309	14463
2310	14502
2311	14553
2312	14591
2313	14703
2314	14788
2315	14839
2316	14866
2317	14911
2318	14952
2319	14993
2320	15113
2321	15172
2322	15201
2323	15229
2324	15272
2325	15322
2326	15354
2327	15456
2328	15538
2329	15569
2330	15599
2331	15639
2332	15672
2333	15707
2334	15796
2335	15850
2336	15875
2337	15912
2338	15950
2339	15986
2340	16024
2341	16104
2342	16194
2343	16229
2344	16247
2345	16289
2346	16321
2347	16352
2348	16446
2349	16522
2350	16568
2351	16597
2352	16641
2353	16680
2354	16717
2355	16791
2356	16907
2357	16954
2358	16984
2359	17049
2360	17088
2361	17127
2362	17197
2363	17291
2364	17331
2365	17371
2366	17418
2367	17479
2368	17521
2369	17557
2370	17659
2371	17705
2372	17749
2373	17807
2374	17855
2375	17901
2376	17948
2377	18048
2378	18105
2379	18143
2380	18189
2381	18231
2382	18270
2383	18309
2384	18416
2385	18472
2386	18512
2387	18555
2388	18599
2389	18639
2390	18676
2391	18763
2392	18805
2393	18848
2394	18900
2395	18962
2396	19005
2397	19082
2398	19188
2399	19233
2400	19270
2401	19333
2402	19372
2403	19410
2404	19469
2405	19565
2406	19614
2407	19655
2408	19699
2409	19732
2410	19770
2411	19807
2412	19911
2413	19966
2414	20009
2415	20072
2416	20129
2417	20183
2418	20214
2419	20319
2420	20370
2421	20417
2422	20478
2423	20519
2424	20562
2425	20605
2426	20696
2427	20750
2428	20801
2429	20856
2430	20920
2431	20970
2432	21022
2433	21133
2434	21195
2435	21238
2436	21292
2437	21349
2438	21391
2439	21447
2440	21541
2441	21586
2442	21616
2443	21676
2444	21720
2445	21754
2446	21830
2447	21921
2448	21976
2449	22007
2450	22057
2451	22106
2452	22151
2453	22177
2454	22194
2455	22250
2456	22320
2457	22398
2458	22459
2459	22514
2460	22545
2461	22570
2462	22601
2463	22633
2464	22661
2465	22775
2466	22861
2467	22928
2468	22975
2469	23017
2470	23044
2471	23079
2472	23228
2473	23328
2474	23399
2475	23441
2476	23473
2477	23500
2478	23554
2479	23670
2480	23753
2481	23811
2482	23865
2483	23899
2484	23934
2485	24021
2486	24124
2487	24201
2488	24270
2489	24330
2490	24363
2491	24393
2492	24499
2493	24586
2494	24644
2495	24699
2496	24743
2497	24767
2498	24821
2499	24934
2500	25018
2501	25083
2502	25137
2503	25174
2504	25209
2505	25308
2506	25416
2507	25508
2508	25590
2509	25674
2510	25722
2511	25834
2512	25917
2513	26003
2514	26080
2515	26146
2516	26210
2517	26336
2518	26417
2519	26485
2520	26556
2521	26636
2522	26714
2523	26804
2524	26933
2525	27015
2526	27026
