1	5
2	5
3	9
4	11
5	15
6	17
7	23
8	23
9	25
10	27
11	30
12	31
13	31
14	34
15	39
16	41
17	43
18	43
19	46
20	51
21	60
22	65
23	67
24	71
25	73
26	80
27	82
28	82
29	92
30	95
31	99
32	106
33	115
34	117
35	119
36	124
37	125
38	129
39	132
40	135
41	142
42	146
43	147
44	149
45	152
46	171
47	193
48	211
49	229
50	246
51	253
52	256
53	270
54	287
55	302
56	313
57	325
58	327
59	330
60	335
61	348
62	359
63	365
64	377
65	382
66	386
67	396
68	404
69	412
70	429
71	437
72	445
73	448
74	460
75	469
76	473
77	478
78	482
79	482
80	486
81	495
82	505
83	512
84	521
85	526
86	529
87	530
88	534
89	546
90	552
91	561
92	567
93	572
94	573
95	579
96	584
97	590
98	594
99	602
100	604
101	607
102	613
103	618
104	625
105	632
106	636
107	637
108	639
109	644
110	648
111	657
112	665
113	672
114	676
115	682
116	688
117	696
118	705
119	711
120	721
121	725
122	728
123	735
124	739
125	742
126	748
127	754
128	760
129	761
130	769
131	771
132	774
133	779
134	786
135	786
136	787
137	792
138	798
139	804
140	813
141	816
142	819
143	822
144	826
145	832
146	835
147	835
148	838
149	840
150	842
151	847
152	849
153	855
154	857
155	860
156	866
157	867
158	872
159	886
160	891
161	895
162	903
163	907
164	913
165	918
166	923
167	926
168	935
169	940
170	943
171	946
172	954
173	959
174	965
175	975
176	979
177	983
178	984
179	993
180	998
181	1006
182	1014
183	1016
184	1020
185	1023
186	1029
187	1040
188	1044
189	1049
190	1056
191	1059
192	1064
193	1065
194	1073
195	1079
196	1086
197	1092
198	1097
199	1104
200	1109
201	1123
202	1132
203	1135
204	1146
205	1151
206	1155
207	1164
208	1167
209	1180
210	1190
211	1195
212	1198
213	1201
214	1209
215	1211
216	1219
217	1231
218	1243
219	1246
220	1249
221	1258
222	1267
223	1280
224	1284
225	1286
226	1287
227	1288
228	1294
229	1304
230	1314
231	1321
232	1329
233	1331
234	1332
235	1339
236	1349
237	1353
238	1360
239	1373
240	1379
241	1384
242	1390
243	1395
244	1401
245	1412
246	1419
247	1425
248	1428
249	1436
250	1444
251	1456
252	1466
253	1469
254	1472
255	1477
256	1482
257	1491
258	1498
259	1503
260	1508
261	1509
262	1510
263	1514
264	1523
265	1526
266	1537
267	1540
268	1544
269	1549
270	1552
271	1561
272	1565
273	1576
274	1586
275	1591
276	1595
277	1603
278	1615
279	1622
280	1626
281	1635
282	1640
283	1644
284	1656
285	1665
286	1676
287	1681
288	1689
289	1695
290	1696
291	1699
292	1709
293	1716
294	1728
295	1734
296	1740
297	1744
298	1751
299	1761
300	1770
301	1781
302	1788
303	1795
304	1796
305	1802
306	1811
307	1825
308	1843
309	1853
310	1858
311	1862
312	1871
313	1878
314	1892
315	1902
316	1908
317	1912
318	1914
319	1929
320	1946
321	1956
322	1964
323	1976
324	1982
325	1994
326	2006
327	2018
328	2031
329	2042
330	2054
331	2058
332	2061
333	2070
334	2078
335	2096
336	2112
337	2120
338	2128
339	2132
340	2137
341	2153
342	2165
343	2172
344	2184
345	2187
346	2192
347	2202
348	2212
349	2224
350	2232
351	2247
352	2252
353	2257
354	2264
355	2274
356	2287
357	2298
358	2308
359	2314
360	2320
361	2333
362	2349
363	2358
364	2374
365	2384
366	2389
367	2398
368	2415
369	2426
370	2437
371	2446
372	2458
373	2464
374	2471
375	2479
376	2490
377	2506
378	2514
379	2522
380	2524
381	2530
382	2533
383	2551
384	2571
385	2588
386	2594
387	2598
388	2602
389	2614
390	2622
391	2633
392	2644
393	2652
394	2657
395	2664
396	2670
397	2682
398	2691
399	2703
400	2713
401	2720
402	2730
403	2735
404	2745
405	2757
406	2764
407	2775
408	2780
409	2784
410	2796
411	2801
412	2812
413	2819
414	2826
415	2829
416	2834
417	2841
418	2853
419	2871
420	2884
421	2891
422	2901
423	2904
424	2914
425	2920
426	2930
427	2942
428	2956
429	2964
430	2971
431	2981
432	2994
433	3004
434	3011
435	3022
436	3031
437	3039
438	3061
439	3081
440	3100
441	3113
442	3129
443	3142
444	3155
445	3172
446	3192
447	3215
448	3232
449	3243
450	3257
451	3271
452	3294
453	3310
454	3328
455	3344
456	3362
457	3374
458	3385
459	3405
460	3425
461	3442
462	3473
463	3492
464	3504
465	3514
466	3535
467	3552
468	3576
469	3599
470	3622
471	3633
472	3643
473	3665
474	3688
475	3701
476	3723
477	3750
478	3763
479	3767
480	3793
481	3814
482	3827
483	3845
484	3858
485	3875
486	3886
487	3902
488	3920
489	3948
490	3970
491	3986
492	4005
493	4015
494	4045
495	4064
496	4083
497	4107
498	4130
499	4139
500	4153
501	4175
502	4187
503	4207
504	4225
505	4239
506	4248
507	4261
508	4282
509	4302
510	4313
511	4326
512	4336
513	4345
514	4355
515	4369
516	4384
517	4395
518	4404
519	4416
520	4428
521	4439
522	4461
523	4481
524	4506
525	4529
526	4549
527	4562
528	4582
529	4606
530	4630
531	4653
532	4678
533	4696
534	4708
535	4718
536	4735
537	4765
538	4840
539	4934
540	5018
541	5073
542	5121
543	5189
544	5265
545	5341
546	5398
547	5457
548	5497
549	5542
550	5603
551	5656
552	5711
553	5770
554	5816
555	5856
556	5883
557	5936
558	5992
559	6046
560	6090
561	6147
562	6172
563	6199
564	6243
565	6289
566	6346
567	6401
568	6453
569	6481
570	6511
571	6555
572	6610
573	6649
574	6699
575	6733
576	6754
577	6788
578	6825
579	6872
580	6920
581	6959
582	7010
583	7033
584	7058
585	7100
586	7143
587	7184
588	7231
589	7278
590	7305
591	7328
592	7370
593	7417
594	7454
595	7493
596	7537
597	7562
598	7592
599	7626
600	7681
601	7738
602	7772
603	7814
604	7839
605	7878
606	7922
607	7972
608	8007
609	8037
610	8060
611	8077
612	8093
613	8122
614	8164
615	8201
616	8239
617	8270
618	8287
619	8304
620	8338
621	8381
622	8425
623	8480
624	8512
625	8529
626	8554
627	8596
628	8641
629	8677
630	8722
631	8762
632	8789
633	8808
634	8848
635	8892
636	8944
637	8984
638	9018
639	9033
640	9054
641	9101
642	9138
643	9178
644	9209
645	9238
646	9261
647	9280
648	9330
649	9369
650	9418
651	9448
652	9491
653	9511
654	9535
655	9567
656	9603
657	9653
658	9698
659	9729
660	9754
661	9774
662	9819
663	9849
664	9892
665	9940
666	9976
667	9997
668	10020
669	10042
670	10082
671	10123
672	10157
673	10194
674	10222
675	10243
676	10269
677	10315
678	10350
679	10384
680	10411
681	10435
682	10452
683	10494
684	10526
685	10568
686	10603
687	10638
688	10663
689	10687
690	10716
691	10751
692	10791
693	10843
694	10880
695	10905
696	10932
697	10966
698	11004
699	11042
700	11083
701	11114
702	11140
703	11164
704	11198
705	11224
706	11255
707	11292
708	11330
709	11356
710	11382
711	11407
712	11449
713	11486
714	11537
715	11582
716	11608
717	11628
718	11659
719	11705
720	11763
721	11803
722	11843
723	11864
724	11886
725	11925
726	11962
727	12020
728	12065
729	12109
730	12141
731	12162
732	12197
733	12229
734	12264
735	12312
736	12348
737	12368
738	12400
739	12440
740	12478
741	12508
742	12569
743	12611
744	12645
745	12674
746	12710
747	12755
748	12797
749	12840
750	12883
751	12897
752	12924
753	12968
754	13007
755	13046
756	13076
757	13114
758	13136
759	13162
760	13201
761	13239
762	13277
763	13312
764	13339
765	13367
766	13393
767	13419
768	13462
769	13499
770	13536
771	13565
772	13588
773	13607
774	13635
775	13674
776	13708
777	13745
778	13771
779	13797
780	13818
781	13854
782	13900
783	13923
784	13954
785	13991
786	14015
787	14044
788	14079
789	14124
790	14169
791	14207
792	14244
793	14262
794	14287
795	14318
796	14342
797	14376
798	14406
799	14438
800	14460
801	14474
802	14513
803	14545
804	14579
805	14620
806	14643
807	14657
808	14684
809	14718
810	14759
811	14796
812	14832
813	14852
814	14875
815	14887
816	14918
817	14943
818	14983
819	15018
820	15049
821	15068
822	15096
823	15121
824	15143
825	15171
826	15204
827	15235
828	15249
829	15271
830	15302
831	15335
832	15369
833	15405
834	15440
835	15468
836	15495
837	15536
838	15643
839	15786
840	15942
841	16067
842	16143
843	16212
844	16326
845	16461
846	16578
847	16666
848	16733
849	16782
850	16839
851	16930
852	17027
853	17120
854	17212
855	17296
856	17354
857	17410
858	17492
859	17564
860	17635
861	17722
862	17793
863	17843
864	17896
865	17968
866	18047
867	18130
868	18216
869	18279
870	18321
871	18363
872	18426
873	18505
874	18572
875	18646
876	18697
877	18724
878	18755
879	18804
880	18872
881	18935
882	18985
883	19030
884	19064
885	19103
886	19157
887	19220
888	19272
889	19350
890	19411
891	19455
892	19503
893	19575
894	19637
895	19714
896	19786
897	19860
898	19903
899	19945
900	20016
901	20082
902	20154
903	20211
904	20304
905	20348
906	20392
907	20455
908	20538
909	20622
910	20691
911	20742
912	20804
913	20846
914	20913
915	20984
916	21070
917	21135
918	21212
919	21270
920	21316
921	21407
922	21492
923	21566
924	21634
925	21713
926	21752
927	21806
928	21876
929	21935
930	22013
931	22092
932	22144
933	22181
934	22239
935	22301
936	22381
937	22448
938	22519
939	22579
940	22615
941	22651
942	22713
943	22778
944	22841
945	22916
946	22996
947	23043
948	23081
949	23160
950	23230
951	23300
952	23369
953	23441
954	23488
955	23529
956	23596
957	23664
958	23729
959	23806
960	23883
961	23934
962	23979
963	24044
964	24121
965	24188
966	24261
967	24325
968	24363
969	24413
970	24471
971	24549
972	24626
973	24701
974	24770
975	24821
976	24876
977	24948
978	25014
979	25096
980	25162
981	25234
982	25279
983	25332
984	25390
985	25457
986	25523
987	25584
988	25645
989	25685
990	25726
991	25794
992	25848
993	25897
994	25958
995	26026
996	26060
997	26099
998	26153
999	26200
1000	26285
1001	26350
1002	26406
1003	26452
1004	26489
1005	26554
1006	26626
1007	26676
1008	26740
1009	26795
1010	26842
1011	26874
1012	26938
1013	27003
1014	27072
1015	27132
1016	27185
1017	27225
1018	27261
1019	27308
1020	27368
1021	27432
1022	27505
1023	27570
1024	27610
1025	27653
1026	27701
1027	27756
1028	27811
1029	27878
1030	27923
1031	27965
1032	27991
1033	28035
1034	28080
1035	28137
1036	28190
1037	28242
1038	28288
1039	28321
1040	28365
1041	28426
1042	28479
1043	28669
1044	28891
1045	29005
1046	29112
1047	29299
1048	29477
1049	29622
1050	29798
1051	29932
1052	30024
1053	30088
1054	30227
1055	30369
1056	30497
1057	30623
1058	30742
1059	30817
1060	30875
1061	30996
1062	31119
1063	31258
1064	31382
1065	31490
1066	31554
1067	31601
1068	31705
1069	31818
1070	31930
1071	32053
1072	32175
1073	32236
1074	32304
1075	32420
1076	32527
1077	32643
1078	32775
1079	32885
1080	32948
1081	33019
1082	33132
1083	33247
1084	33364
1085	33473
1086	33571
1087	33631
1088	33706
1089	33825
1090	33940
1091	34055
1092	34169
1093	34245
1094	34301
1095	34357
1096	34454
1097	34579
1098	34678
1099	34791
1100	34885
1101	34937
1102	34994
1103	35093
1104	35199
1105	35299
1106	35395
1107	35480
1108	35534
1109	35583
1110	35660
1111	35759
1112	35864
1113	35960
1114	36047
1115	36097
1116	36137
1117	36229
1118	36327
1119	36433
1120	36528
1121	36611
1122	36663
1123	36723
1124	36796
1125	36885
1126	36972
1127	37059
1128	37124
1129	37183
1130	37227
1131	37314
1132	37398
1133	37481
1134	37561
1135	37624
1136	37666
1137	37710
1138	37784
1139	37855
1140	37932
1141	38005
1142	38077
1143	38131
1144	38173
1145	38244
1146	38326
1147	38400
1148	38494
1149	38561
1150	38597
1151	38633
1152	38697
1153	38755
1154	38817
1155	38884
1156	38929
1157	38963
1158	39003
1159	39070
1160	39138
1161	39202
1162	39259
1163	39315
1164	39351
1165	39386
1166	39434
1167	39491
1168	39549
1169	39598
1170	39659
1171	39694
1172	39730
1173	39779
1174	39836
1175	39893
1176	39957
1177	40022
1178	40071
1179	40106
1180	40164
1181	40216
1182	40264
1183	40312
1184	40347
1185	40383
1186	40414
1187	40461
1188	40509
1189	40561
1190	40623
1191	40674
1192	40717
1193	40759
1194	40809
1195	40871
1196	40924
1197	40988
1198	41036
1199	41065
1200	41093
1201	41144
1202	41194
1203	41245
1204	41301
1205	41355
1206	41385
1207	41427
1208	41485
1209	41543
1210	41591
1211	41641
1212	41688
1213	41720
1214	41756
1215	41818
1216	41865
1217	41916
1218	41975
1219	42021
1220	42051
1221	42082
1222	42205
1223	42493
1224	42764
1225	43000
1226	43186
1227	43302
1228	43400
1229	43567
1230	43738
1231	43892
1232	44048
1233	44159
1234	44242
1235	44317
1236	44460
1237	44597
1238	44717
1239	44833
1240	44928
1241	45001
1242	45044
1243	45109
1244	45189
1245	45284
1246	45391
1247	45493
1248	45545
1249	45588
1250	45668
1251	45765
1252	45891
1253	46011
1254	46111
1255	46183
1256	46258
1257	46356
1258	46471
1259	46578
1260	46692
1261	46784
1262	46846
1263	46914
1264	47016
1265	47138
1266	47243
1267	47354
1268	47453
1269	47536
1270	47591
1271	47675
1272	47795
1273	47883
1274	47975
1275	48056
1276	48132
1277	48180
1278	48285
1279	48385
1280	48497
1281	48592
1282	48691
1283	48739
1284	48788
1285	48877
1286	48973
1287	49073
1288	49170
1289	49248
1290	49322
1291	49384
1292	49471
1293	49543
1294	49629
1295	49717
1296	49791
1297	49844
1298	49913
1299	50011
1300	50095
1301	50196
1302	50286
1303	50378
1304	50440
1305	50490
1306	50573
1307	50661
1308	50735
1309	50822
1310	50904
1311	50959
1312	51003
1313	51088
1314	51172
1315	51250
1316	51345
1317	51425
1318	51465
1319	51532
1320	51610
1321	51686
1322	51776
1323	51850
1324	51920
1325	51973
1326	52016
1327	52103
1328	52187
1329	52259
1330	52349
1331	52417
1332	52478
1333	52528
1334	52613
1335	52714
1336	52798
1337	52885
1338	52949
1339	52991
1340	53029
1341	53095
1342	53173
1343	53258
1344	53357
1345	53408
1346	53457
1347	53506
1348	53567
1349	53638
1350	53714
1351	53800
1352	53862
1353	53909
1354	53956
1355	54016
1356	54083
1357	54152
1358	54232
1359	54313
1360	54355
1361	54404
1362	54472
1363	54540
1364	54624
1365	54699
1366	54766
1367	54806
1368	54839
1369	54906
1370	54968
1371	55028
1372	55103
1373	55154
1374	55206
1375	55250
1376	55386
1377	55753
1378	56046
1379	56336
1380	56557
1381	56682
1382	56799
1383	57022
1384	57251
1385	57486
1386	57665
1387	57836
1388	57947
1389	58050
1390	58228
1391	58407
1392	58590
1393	58728
1394	58883
1395	58968
1396	59059
1397	59169
1398	59312
1399	59445
1400	59595
1401	59741
1402	59805
1403	59883
1404	59997
1405	60131
1406	60294
1407	60429
1408	60562
1409	60639
1410	60697
1411	60823
1412	60964
1413	61109
1414	61241
1415	61364
1416	61446
1417	61528
1418	61660
1419	61757
1420	61878
1421	61989
1422	62091
1423	62170
1424	62234
1425	62353
1426	62494
1427	62635
1428	62769
1429	62888
1430	62946
1431	63004
1432	63115
1433	63242
1434	63355
1435	63468
1436	63585
1437	63657
1438	63730
1439	63841
1440	63981
1441	64100
1442	64216
1443	64305
1444	64375
1445	64436
1446	64556
1447	64660
1448	64798
1449	64902
1450	64995
1451	65062
1452	65120
1453	65203
1454	65306
1455	65415
1456	65526
1457	65609
1458	65676
1459	65730
1460	65838
1461	65934
1462	66042
1463	66163
1464	66259
1465	66319
1466	66375
1467	66470
1468	66572
1469	66667
1470	66774
1471	66874
1472	66931
1473	66997
1474	67087
1475	67186
1476	67275
1477	67381
1478	67473
1479	67536
1480	67585
1481	67661
1482	67732
1483	67819
1484	67929
1485	67993
1486	68044
1487	68107
1488	68197
1489	68271
1490	68373
1491	68456
1492	68542
1493	68591
1494	68635
1495	68711
1496	68779
1497	68864
1498	68966
1499	69041
1500	69083
1501	69134
1502	69215
1503	69290
1504	69353
1505	69439
1506	69514
1507	69570
1508	69626
1509	69710
1510	69781
1511	69867
1512	69944
1513	70019
1514	70058
1515	70094
1516	70149
1517	70405
1518	70739
1519	71058
1520	71304
1521	71449
1522	71579
1523	71808
1524	72063
1525	72292
1526	72510
1527	72692
1528	72790
1529	72904
1530	73078
1531	73282
1532	73489
1533	73679
1534	73859
1535	73956
1536	74042
1537	74207
1538	74400
1539	74572
1540	74754
1541	74917
1542	75018
1543	75122
1544	75269
1545	75431
1546	75574
1547	75739
1548	75876
1549	75964
1550	76040
1551	76170
1552	76293
1553	76428
1554	76579
1555	76700
1556	76779
1557	76867
1558	77009
1559	77130
1560	77276
1561	77420
1562	77561
1563	77645
1564	77721
1565	77843
1566	77968
1567	78125
1568	78260
1569	78388
1570	78475
1571	78549
1572	78685
1573	78819
1574	78954
1575	79070
1576	79176
1577	79260
1578	79332
1579	79449
1580	79595
1581	79716
1582	79864
1583	80004
1584	80081
1585	80160
1586	80270
1587	80392
1588	80503
1589	80619
1590	80740
1591	80824
1592	80902
1593	80998
1594	81104
1595	81224
1596	81338
1597	81432
1598	81496
1599	81573
1600	81667
1601	81778
1602	81882
1603	81982
1604	82050
1605	82108
1606	82165
1607	82225
1608	82271
1609	82340
1610	82429
1611	82509
1612	82567
1613	82631
1614	82690
1615	82735
1616	82837
1617	82938
1618	83021
1619	83098
1620	83165
1621	83248
1622	83366
1623	83465
1624	83567
1625	83656
1626	83724
1627	83786
1628	83877
1629	83976
1630	84060
1631	84143
1632	84244
1633	84314
1634	84369
1635	84458
1636	84565
1637	84657
1638	84774
1639	84854
1640	84921
1641	84985
1642	85082
1643	85183
1644	85296
1645	85399
1646	85486
1647	85552
1648	85604
1649	86024
1650	86400
1651	86744
1652	87088
1653	87383
1654	87540
1655	87702
1656	87962
1657	88221
1658	88506
1659	88726
1660	88931
1661	89060
1662	89217
1663	89450
1664	89701
1665	89934
1666	90174
1667	90382
1668	90518
1669	90626
1670	90824
1671	91022
1672	91229
1673	91455
1674	91628
1675	91734
1676	91857
1677	92040
1678	92237
1679	92430
1680	92627
1681	92810
1682	92934
1683	93039
1684	93209
1685	93393
1686	93561
1687	93767
1688	93923
1689	94046
1690	94145
1691	94304
1692	94495
1693	94654
1694	94804
1695	94952
1696	95053
1697	95147
1698	95311
1699	95487
1700	95655
1701	95807
1702	95947
1703	96050
1704	96152
1705	96276
1706	96440
1707	96575
1708	96712
1709	96840
1710	96946
1711	97029
1712	97169
1713	97329
1714	97465
1715	97605
1716	97749
1717	97846
1718	97934
1719	98065
1720	98193
1721	98334
1722	98488
1723	98603
1724	98685
1725	98764
1726	98889
1727	99022
1728	99156
1729	99290
1730	99408
1731	99490
1732	99575
1733	99673
1734	99789
1735	99895
1736	100012
1737	100120
1738	100196
1739	100280
1740	100376
1741	100492
1742	100601
1743	100722
1744	100807
1745	100890
1746	100960
1747	101058
1748	101162
1749	101265
1750	101380
1751	101495
1752	101569
1753	101625
1754	101699
1755	101812
1756	101924
1757	102030
1758	102110
1759	102166
1760	102226
1761	102402
1762	102846
1763	103210
1764	103573
1765	103842
1766	104025
1767	104192
1768	104435
1769	104708
1770	104970
1771	105233
1772	105523
1773	105667
1774	105823
1775	106055
1776	106302
1777	106525
1778	106762
1779	106957
1780	107091
1781	107237
1782	107425
1783	107633
1784	107863
1785	108078
1786	108255
1787	108360
1788	108472
1789	108641
1790	108827
1791	108993
1792	109193
1793	109392
1794	109495
1795	109608
1796	109788
1797	109995
1798	110187
1799	110359
1800	110512
1801	110608
1802	110711
1803	110867
1804	111020
1805	111195
1806	111379
1807	111543
1808	111655
1809	111732
1810	111886
1811	112049
1812	112234
1813	112380
1814	112552
1815	112658
1816	112748
1817	112893
1818	113032
1819	113214
1820	113370
1821	113546
1822	113634
1823	113716
1824	113867
1825	114009
1826	114161
1827	114327
1828	114453
1829	114527
1830	114605
1831	114774
1832	114918
1833	115068
1834	115214
1835	115336
1836	115403
1837	115484
1838	115617
1839	115741
1840	115864
1841	115964
1842	116088
1843	116158
1844	116239
1845	116349
1846	116477
1847	116597
1848	116720
1849	116849
1850	116933
1851	117008
1852	117135
1853	117274
1854	117406
1855	117538
1856	117655
1857	117759
1858	117828
1859	117947
1860	118034
1861	118163
1862	118290
1863	118433
1864	118512
1865	118594
1866	118691
1867	118820
1868	118945
1869	119073
1870	119164
1871	119221
1872	119303
1873	119400
1874	119487
1875	119779
1876	120275
1877	120641
1878	120883
1879	121087
1880	121431
1881	121776
1882	122076
1883	122390
1884	122659
1885	122836
1886	123016
1887	123272
1888	123546
1889	123786
1890	124054
1891	124304
1892	124489
1893	124616
1894	124835
1895	125067
1896	125348
1897	125610
1898	125805
1899	125941
1900	126073
1901	126265
1902	126442
1903	126645
1904	126864
1905	127066
1906	127184
1907	127324
1908	127510
1909	127707
1910	127932
1911	128140
1912	128329
1913	128438
1914	128546
1915	128735
1916	128933
1917	129123
1918	129291
1919	129479
1920	129581
1921	129681
1922	129827
1923	130004
1924	130186
1925	130366
1926	130543
1927	130669
1928	130752
1929	130916
1930	131092
1931	131257
1932	131438
1933	131625
1934	131731
1935	131838
1936	132018
1937	132176
1938	132323
1939	132492
1940	132624
1941	132731
1942	132838
1943	132987
1944	133183
1945	133330
1946	133489
1947	133616
1948	133727
1949	133822
1950	133974
1951	134139
1952	134318
1953	134474
1954	134601
1955	134701
1956	134804
1957	134961
1958	135111
1959	135270
1960	135405
1961	135523
1962	135626
1963	135710
1964	135837
1965	135992
1966	136143
1967	136255
1968	136366
1969	136444
1970	136523
1971	136615
1972	136707
1973	136768
1974	136841
1975	136937
1976	137019
1977	137097
1978	137195
1979	137281
1980	137346
1981	137460
1982	137554
1983	137642
1984	137723
1985	137835
1986	138204
1987	138724
1988	139189
1989	139588
1990	139842
1991	140065
1992	140428
1993	140771
1994	141130
1995	141470
1996	141781
1997	141974
1998	142170
1999	142463
2000	142769
2001	143058
2002	143348
2003	143591
2004	143750
2005	143912
2006	144159
2007	144432
2008	144721
2009	144955
2010	145166
2011	145314
2012	145486
2013	145747
2014	146016
2015	146251
2016	146486
2017	146701
2018	146840
2019	147023
2020	147233
2021	147420
2022	147678
2023	147902
2024	148101
2025	148230
2026	148355
2027	148536
2028	148758
2029	148976
2030	149195
2031	149380
2032	149515
2033	149658
2034	149858
2035	150051
2036	150267
2037	150461
2038	150645
2039	150790
2040	150906
2041	151085
2042	151284
2043	151472
2044	151660
2045	151825
2046	151950
2047	152064
2048	152226
2049	152417
2050	152618
2051	152811
2052	152977
2053	153095
2054	153212
2055	153370
2056	153565
2057	153768
2058	153955
2059	154143
2060	154252
2061	154360
2062	154521
2063	154687
2064	154869
2065	155043
2066	155187
2067	155297
2068	155391
2069	155532
2070	155676
2071	155828
2072	155997
2073	156140
2074	156239
2075	156327
2076	156481
2077	156621
2078	156784
2079	156926
2080	157055
2081	157140
2082	157230
2083	157429
2084	157990
2085	158503
2086	158936
2087	159282
2088	159522
2089	159758
2090	160070
2091	160441
2092	160782
2093	161117
2094	161472
2095	161686
2096	161882
2097	162179
2098	162462
2099	162734
2100	162936
2101	163158
2102	163337
2103	163491
2104	163747
2105	163967
2106	164242
2107	164501
2108	164747
2109	164879
2110	165006
2111	165216
2112	165436
2113	165644
2114	165893
2115	166021
2116	166154
2117	166283
2118	166491
2119	166698
2120	166895
2121	167112
2122	167279
2123	167385
2124	167479
2125	167651
2126	167842
2127	168056
2128	168259
2129	168430
2130	168544
2131	168645
2132	168807
2133	168990
2134	169170
2135	169329
2136	169499
2137	169587
2138	169690
2139	169831
2140	169991
2141	170159
2142	170328
2143	170465
2144	170561
2145	170659
2146	170791
2147	170965
2148	171160
2149	171296
2150	171430
2151	171533
2152	171617
2153	171764
2154	171915
2155	172072
2156	172243
2157	172390
2158	172464
2159	172545
2160	172674
2161	172814
2162	172960
2163	173120
2164	173257
2165	173341
2166	173431
2167	173587
2168	173748
2169	173902
2170	174057
2171	174191
2172	174272
2173	174359
2174	174500
2175	174647
2176	174767
2177	174929
2178	175047
2179	175145
2180	175238
2181	175381
2182	175502
2183	175643
2184	175763
2185	175893
2186	175963
2187	176048
2188	176164
2189	176296
2190	176413
2191	176542
2192	176641
2193	176706
2194	176765
2195	176873
2196	176982
2197	177228
2198	177700
2199	178069
2200	178300
2201	178489
2202	178836
2203	179170
2204	179516
2205	179837
2206	180053
2207	180222
2208	180377
2209	180633
2210	180906
2211	181197
2212	181450
2213	181705
2214	181856
2215	182020
2216	182235
2217	182480
2218	182724
2219	182953
2220	183148
2221	183283
2222	183403
2223	183578
2224	183783
2225	184007
2226	184230
2227	184424
2228	184565
2229	184689
2230	184894
2231	185093
2232	185298
2233	185520
2234	185694
2235	185807
2236	185904
2237	186069
2238	186249
2239	186438
2240	186625
2241	186788
2242	186896
2243	186997
2244	187142
2245	187349
2246	187567
2247	187722
2248	187916
2249	188009
2250	188100
2251	188253
2252	188448
2253	188627
2254	188775
2255	188920
2256	189038
2257	189144
2258	189295
2259	189459
2260	189634
2261	189796
2262	189932
2263	190034
2264	190151
2265	190301
2266	190442
2267	190593
2268	190745
2269	190888
2270	190983
2271	191100
2272	191241
2273	191414
2274	191539
2275	191672
2276	191799
2277	191892
2278	191986
2279	192125
2280	192265
2281	192439
2282	192585
2283	192727
2284	192792
2285	192895
2286	193019
2287	193162
2288	193301
2289	193441
2290	193569
2291	193652
2292	193738
2293	193891
2294	194039
2295	194181
2296	194317
2297	194453
2298	194541
2299	194635
2300	194781
2301	194924
2302	195058
2303	195193
2304	195316
2305	195400
2306	195491
2307	195590
2308	195708
2309	195828
2310	195919
2311	196024
2312	196116
2313	196180
2314	196284
2315	196403
2316	196894
2317	197334
2318	197687
2319	197893
2320	198099
2321	198427
2322	198745
2323	199075
2324	199423
2325	199675
2326	199861
2327	200033
2328	200297
2329	200564
2330	200813
2331	201038
2332	201253
2333	201382
2334	201496
2335	201689
2336	201882
2337	202053
2338	202140
2339	202278
2340	202388
2341	202517
2342	202716
2343	202905
2344	203066
2345	203161
2346	203335
2347	203465
2348	203608
2349	203822
2350	204023
2351	204219
2352	204422
2353	204606
2354	204735
2355	204875
2356	205064
2357	205288
2358	205478
2359	205669
2360	205843
2361	205965
2362	206075
2363	206277
2364	206483
2365	206704
2366	206883
2367	207058
2368	207182
2369	207281
2370	207446
2371	207620
2372	207826
2373	207999
2374	208162
2375	208276
2376	208398
2377	208582
2378	208771
2379	208948
2380	209122
2381	209291
2382	209413
2383	209520
2384	209695
2385	209861
2386	210032
2387	210231
2388	210363
2389	210464
2390	210559
2391	210705
2392	210882
2393	211060
2394	211240
2395	211409
2396	211520
2397	211598
2398	211773
2399	211939
2400	212096
2401	212268
2402	212432
2403	212536
2404	212646
2405	212792
2406	212970
2407	213128
2408	213254
2409	213398
2410	213506
2411	213606
2412	213766
2413	213945
2414	214134
2415	214315
2416	214472
2417	214585
2418	214711
2419	214890
2420	215047
2421	215192
2422	215359
2423	215509
2424	215595
2425	215676
2426	215801
2427	215963
2428	216116
2429	216260
2430	216416
2431	216508
2432	216599
2433	216755
2434	217302
2435	217803
2436	218273
2437	218611
2438	218855
2439	219054
2440	219377
2441	219758
2442	220158
2443	220548
2444	220875
2445	221081
2446	221255
2447	221559
2448	221880
2449	222223
2450	222524
2451	222802
2452	222985
2453	223153
2454	223418
2455	223688
2456	224029
2457	224343
2458	224577
2459	224737
2460	224917
2461	225211
2462	225487
2463	225799
2464	226060
2465	226237
2466	226403
2467	226551
2468	226734
2469	226985
2470	227207
2471	227462
2472	227682
2473	227823
2474	227971
2475	228199
2476	228454
2477	228701
2478	228902
2479	229111
2480	229239
2481	229348
2482	229543
2483	229748
2484	229947
2485	230177
2486	230370
2487	230472
2488	230581
2489	230760
2490	230971
2491	231182
2492	231396
2493	231582
2494	231690
2495	231812
2496	232022
2497	232200
2498	232415
2499	232621
2500	232787
2501	232896
2502	233013
2503	233195
2504	233398
2505	233606
2506	233762
2507	233918
2508	234027
2509	234120
2510	234277
2511	234471
2512	234650
2513	234813
2514	234981
2515	235079
2516	235195
2517	235367
2518	235538
2519	235739
2520	235917
2521	236086
2522	236178
2523	236267
2524	236429
2525	236586
2526	236762
2527	236930
2528	237055
2529	237148
2530	237227
2531	237362
2532	237519
2533	237686
2534	237857
2535	238010
2536	238084
2537	238173
2538	238318
2539	238478
2540	238631
2541	238909
2542	239356
2543	239610
2544	239828
2545	240256
2546	240755
2547	241172
2548	241598
2549	241943
2550	242142
2551	242356
2552	242702
2553	243070
2554	243404
2555	243708
2556	243999
2557	244171
2558	244347
2559	244642
2560	244941
2561	245217
2562	245496
2563	245755
2564	245924
2565	246053
2566	246321
2567	246583
2568	246843
2569	247091
2570	247339
2571	247505
2572	247622
2573	247838
2574	248086
2575	248348
2576	248595
2577	248836
2578	248985
2579	249134
2580	249354
2581	249581
2582	249851
2583	250070
2584	250246
2585	250394
2586	250512
2587	250710
2588	250949
2589	251171
2590	251389
2591	251598
2592	251740
2593	251858
2594	252054
2595	252238
2596	252427
2597	252637
2598	252822
2599	252932
2600	253044
2601	253234
2602	253418
2603	253622
2604	253806
2605	253964
2606	254096
2607	254199
2608	254382
2609	254592
2610	254759
2611	254927
2612	255085
2613	255187
2614	255283
2615	255449
2616	255638
2617	255814
2618	255972
2619	256130
2620	256234
2621	256330
2622	256481
2623	256673
2624	256843
2625	257026
2626	257215
2627	257319
2628	257428
2629	257575
2630	257757
2631	257944
2632	258126
2633	258271
2634	258374
2635	258485
2636	258641
2637	258817
2638	258988
2639	259137
2640	259277
2641	259386
2642	259481
2643	259649
2644	259818
2645	260006
2646	260152
2647	260288
2648	260389
2649	260460
2650	260579
2651	260717
2652	260849
2653	261042
2654	261530
2655	261820
2656	262058
2657	262424
2658	262803
2659	263155
2660	263517
2661	263823
2662	264025
2663	264211
2664	264535
2665	264857
2666	265162
2667	265499
2668	265804
2669	266031
2670	266207
2671	266483
2672	266769
2673	267083
2674	267364
2675	267612
2676	267806
2677	267969
2678	268192
2679	268483
2680	268765
2681	269042
2682	269286
2683	269453
2684	269634
2685	269903
2686	270163
2687	270437
2688	270688
2689	270922
2690	271092
2691	271236
2692	271468
2693	271706
2694	271955
2695	272196
2696	272427
2697	272570
2698	272694
2699	272872
2700	273081
2701	273267
2702	273440
2703	273553
2704	273679
2705	273804
2706	273988
2707	274185
2708	274375
2709	274516
2710	274632
2711	274757
2712	274892
2713	275088
2714	275327
2715	275554
2716	275770
2717	276002
2718	276168
2719	276305
2720	276513
2721	276731
2722	276970
2723	277201
2724	277394
2725	277547
2726	277709
2727	277923
2728	278170
2729	278401
2730	278635
2731	278825
2732	278966
2733	279110
2734	279326
2735	279534
2736	279768
2737	279981
2738	280178
2739	280321
2740	280440
2741	280642
2742	280875
2743	281089
2744	281328
2745	281553
2746	281702
2747	281850
2748	282056
2749	282258
2750	282508
2751	282730
2752	282932
2753	283091
2754	283232
2755	283442
2756	283689
2757	283954
2758	284187
2759	284386
2760	284508
2761	284621
2762	284816
2763	285029
2764	285238
2765	285460
2766	285924
2767	286336
2768	286698
2769	287295
2770	287859
2771	288385
2772	288926
2773	289326
2774	289615
2775	289637
