1	1
2	3
3	3
4	5
5	5
6	10
7	13
8	14
9	14
10	14
11	15
12	15
13	16
14	19
15	21
16	22
17	23
18	24
19	26
20	26
21	27
22	28
23	32
24	32
25	33
26	35
27	38
28	40
29	43
30	47
31	48
32	50
33	53
34	56
35	58
36	59
37	60
38	60
39	61
40	65
41	66
42	69
43	72
44	73
45	74
46	83
47	95
48	116
49	126
50	134
51	138
52	141
53	145
54	151
55	158
56	165
57	170
58	174
59	176
60	184
61	189
62	192
63	200
64	201
65	204
66	206
67	210
68	213
69	218
70	220
71	225
72	225
73	228
74	231
75	235
76	237
77	239
78	243
79	244
80	248
81	250
82	255
83	257
84	260
85	260
86	262
87	264
88	265
89	269
90	270
91	275
92	278
93	279
94	282
95	284
96	287
97	290
98	290
99	292
100	292
101	294
102	296
103	300
104	304
105	307
106	309
107	310
108	311
109	311
110	313
111	318
112	320
113	324
114	325
115	327
116	328
117	330
118	333
119	335
120	336
121	337
122	337
123	339
124	342
125	345
126	350
127	352
128	352
129	352
130	356
131	357
132	360
133	362
134	364
135	365
136	365
137	366
138	369
139	370
140	372
141	373
142	373
143	373
144	375
145	375
146	379
147	380
148	380
149	382
150	384
151	385
152	388
153	391
154	392
155	393
156	395
157	400
158	401
159	404
160	407
161	409
162	412
163	412
164	412
165	412
166	416
167	417
168	419
169	421
170	424
171	424
172	426
173	429
174	431
175	432
176	434
177	435
178	435
179	435
180	438
181	440
182	444
183	445
184	446
185	447
186	450
187	453
188	456
189	458
190	460
191	463
192	474
193	488
194	498
195	506
196	516
197	524
198	532
199	540
200	545
201	553
202	559
203	568
204	572
205	573
206	576
207	586
208	592
209	600
210	605
211	612
212	615
213	620
214	624
215	628
216	634
217	638
218	646
219	647
220	651
221	653
222	658
223	664
224	664
225	668
226	672
227	678
228	680
229	683
230	690
231	696
232	703
233	707
234	710
235	713
236	720
237	724
238	734
239	740
240	742
241	748
242	750
243	757
244	761
245	768
246	773
247	777
248	782
249	783
250	788
251	792
252	798
253	799
254	800
255	802
256	804
257	809
258	813
259	816
260	818
261	821
262	823
263	827
264	830
265	834
266	834
267	839
268	842
269	843
270	845
271	848
272	851
273	857
274	861
275	863
276	865
277	872
278	877
279	880
280	884
281	895
282	896
283	901
284	904
285	909
286	913
287	915
288	920
289	923
290	926
291	931
292	934
293	937
294	946
295	949
296	953
297	955
298	957
299	961
300	969
301	971
302	971
303	972
304	973
305	978
306	981
307	983
308	985
309	985
310	986
311	989
312	993
313	997
314	999
315	1005
316	1009
317	1010
318	1013
319	1019
320	1025
321	1027
322	1033
323	1036
324	1039
325	1040
326	1043
327	1050
328	1056
329	1058
330	1074
331	1081
332	1090
333	1109
334	1130
335	1139
336	1150
337	1163
338	1169
339	1173
340	1183
341	1197
342	1211
343	1218
344	1227
345	1231
346	1237
347	1244
348	1253
349	1266
350	1268
351	1277
352	1284
353	1286
354	1293
355	1302
356	1310
357	1321
358	1334
359	1338
360	1342
361	1352
362	1364
363	1374
364	1386
365	1394
366	1397
367	1400
368	1405
369	1407
370	1410
371	1416
372	1423
373	1425
374	1427
375	1430
376	1434
377	1441
378	1449
379	1456
380	1459
381	1461
382	1466
383	1474
384	1483
385	1488
386	1493
387	1498
388	1503
389	1510
390	1515
391	1522
392	1526
393	1528
394	1532
395	1533
396	1537
397	1543
398	1547
399	1550
400	1560
401	1561
402	1563
403	1567
404	1577
405	1582
406	1587
407	1590
408	1593
409	1596
410	1602
411	1603
412	1605
413	1610
414	1614
415	1619
416	1621
417	1625
418	1631
419	1634
420	1641
421	1647
422	1650
423	1654
424	1663
425	1671
426	1675
427	1678
428	1682
429	1682
430	1684
431	1690
432	1694
433	1699
434	1706
435	1709
436	1713
437	1716
438	1723
439	1724
440	1729
441	1748
442	1771
443	1795
444	1808
445	1826
446	1841
447	1865
448	1880
449	1896
450	1902
451	1913
452	1928
453	1945
454	1958
455	1969
456	1985
457	1990
458	1996
459	2006
460	2017
461	2025
462	2043
463	2049
464	2055
465	2064
466	2077
467	2080
468	2095
469	2104
470	2120
471	2127
472	2137
473	2148
474	2159
475	2169
476	2181
477	2186
478	2193
479	2199
480	2213
481	2218
482	2227
483	2233
484	2241
485	2247
486	2252
487	2258
488	2268
489	2277
490	2284
491	2292
492	2294
493	2298
494	2305
495	2309
496	2320
497	2324
498	2336
499	2339
500	2347
501	2362
502	2371
503	2381
504	2390
505	2395
506	2403
507	2408
508	2416
509	2423
510	2428
511	2433
512	2436
513	2440
514	2442
515	2447
516	2451
517	2460
518	2464
519	2465
520	2471
521	2476
522	2479
523	2486
524	2496
525	2504
526	2512
527	2512
528	2514
529	2523
530	2530
531	2538
532	2546
533	2550
534	2553
535	2559
536	2565
537	2574
538	2615
539	2657
540	2674
541	2688
542	2714
543	2734
544	2760
545	2778
546	2807
547	2827
548	2840
549	2854
550	2870
551	2884
552	2901
553	2924
554	2936
555	2946
556	2955
557	2974
558	2990
559	3007
560	3024
561	3041
562	3049
563	3055
564	3062
565	3074
566	3089
567	3097
568	3109
569	3120
570	3129
571	3144
572	3149
573	3157
574	3166
575	3177
576	3181
577	3188
578	3198
579	3208
580	3218
581	3233
582	3242
583	3249
584	3254
585	3265
586	3270
587	3282
588	3291
589	3295
590	3297
591	3304
592	3312
593	3320
594	3330
595	3342
596	3350
597	3359
598	3366
599	3378
600	3391
601	3404
602	3415
603	3421
604	3430
605	3437
606	3444
607	3460
608	3468
609	3475
610	3485
611	3494
612	3500
613	3503
614	3515
615	3522
616	3530
617	3539
618	3545
619	3548
620	3592
621	3631
622	3668
623	3694
624	3718
625	3730
626	3745
627	3769
628	3793
629	3820
630	3839
631	3850
632	3863
633	3872
634	3890
635	3901
636	3913
637	3927
638	3949
639	3959
640	3968
641	3980
642	3998
643	4013
644	4028
645	4044
646	4050
647	4058
648	4073
649	4084
650	4096
651	4108
652	4126
653	4130
654	4135
655	4139
656	4158
657	4171
658	4184
659	4199
660	4203
661	4210
662	4217
663	4230
664	4250
665	4263
666	4278
667	4282
668	4285
669	4300
670	4314
671	4323
672	4335
673	4343
674	4351
675	4366
676	4378
677	4387
678	4401
679	4406
680	4417
681	4423
682	4426
683	4439
684	4448
685	4458
686	4478
687	4487
688	4492
689	4499
690	4514
691	4522
692	4530
693	4540
694	4547
695	4548
696	4553
697	4559
698	4565
699	4625
700	4661
701	4699
702	4713
703	4728
704	4751
705	4778
706	4803
707	4828
708	4856
709	4868
710	4879
711	4895
712	4911
713	4929
714	4948
715	4965
716	4976
717	4982
718	5006
719	5020
720	5040
721	5055
722	5071
723	5082
724	5088
725	5104
726	5125
727	5139
728	5149
729	5167
730	5176
731	5184
732	5201
733	5214
734	5230
735	5239
736	5253
737	5261
738	5269
739	5283
740	5303
741	5316
742	5332
743	5350
744	5358
745	5366
746	5375
747	5388
748	5398
749	5408
750	5418
751	5421
752	5426
753	5443
754	5461
755	5470
756	5490
757	5500
758	5504
759	5512
760	5520
761	5534
762	5547
763	5562
764	5567
765	5569
766	5574
767	5580
768	5594
769	5627
770	5692
771	5739
772	5761
773	5781
774	5816
775	5848
776	5883
777	5902
778	5925
779	5941
780	5952
781	5982
782	6004
783	6022
784	6039
785	6059
786	6071
787	6085
788	6097
789	6119
790	6143
791	6153
792	6167
793	6179
794	6188
795	6209
796	6221
797	6238
798	6254
799	6267
800	6273
801	6281
802	6289
803	6302
804	6319
805	6338
806	6346
807	6352
808	6368
809	6378
810	6401
811	6414
812	6424
813	6442
814	6452
815	6467
816	6479
817	6492
818	6517
819	6531
820	6544
821	6562
822	6574
823	6581
824	6587
825	6594
826	6601
827	6616
828	6623
829	6630
830	6638
831	6655
832	6663
833	6684
834	6693
835	6700
836	6707
837	6716
838	6759
839	6826
840	6869
841	6906
842	6927
843	6956
844	6985
845	7026
846	7058
847	7088
848	7098
849	7112
850	7123
851	7148
852	7166
853	7189
854	7209
855	7236
856	7255
857	7276
858	7294
859	7312
860	7333
861	7360
862	7372
863	7385
864	7392
865	7420
866	7442
867	7463
868	7479
869	7496
870	7508
871	7519
872	7544
873	7561
874	7589
875	7605
876	7622
877	7629
878	7633
879	7651
880	7665
881	7678
882	7694
883	7706
884	7720
885	7727
886	7738
887	7749
888	7757
889	7772
890	7791
891	7801
892	7809
893	7822
894	7838
895	7849
896	7864
897	7871
898	7879
899	7888
900	7912
901	7987
902	8055
903	8134
904	8184
905	8207
906	8244
907	8281
908	8325
909	8359
910	8389
911	8414
912	8427
913	8449
914	8483
915	8510
916	8534
917	8565
918	8592
919	8606
920	8631
921	8658
922	8677
923	8696
924	8723
925	8742
926	8752
927	8764
928	8781
929	8804
930	8820
931	8832
932	8850
933	8857
934	8867
935	8883
936	8901
937	8920
938	8941
939	8957
940	8965
941	8980
942	8991
943	9012
944	9029
945	9051
946	9062
947	9074
948	9087
949	9101
950	9119
951	9210
952	9293
953	9347
954	9387
955	9419
956	9461
957	9501
958	9540
959	9567
960	9602
961	9625
962	9641
963	9676
964	9708
965	9734
966	9775
967	9791
968	9803
969	9821
970	9848
971	9873
972	9907
973	9927
974	9950
975	9964
976	9980
977	10007
978	10027
979	10052
980	10075
981	10094
982	10107
983	10119
984	10144
985	10165
986	10185
987	10205
988	10228
989	10247
990	10254
991	10270
992	10291
993	10308
994	10318
995	10331
996	10348
997	10396
998	10476
999	10542
1000	10608
1001	10652
1002	10695
1003	10719
1004	10734
1005	10778
1006	10813
1007	10851
1008	10893
1009	10924
1010	10944
1011	10959
1012	10980
1013	11011
1014	11035
1015	11067
1016	11091
1017	11109
1018	11129
1019	11148
1020	11180
1021	11205
1022	11232
1023	11245
1024	11257
1025	11269
1026	11296
1027	11314
1028	11330
1029	11349
1030	11360
1031	11370
1032	11381
1033	11404
1034	11418
1035	11438
1036	11456
1037	11473
1038	11482
1039	11495
1040	11509
1041	11523
1042	11542
1043	11614
1044	11684
1045	11719
1046	11752
1047	11803
1048	11847
1049	11883
1050	11930
1051	11956
1052	11990
1053	12009
1054	12043
1055	12090
1056	12126
1057	12154
1058	12191
1059	12203
1060	12216
1061	12252
1062	12284
1063	12310
1064	12338
1065	12359
1066	12373
1067	12393
1068	12419
1069	12449
1070	12474
1071	12508
1072	12530
1073	12547
1074	12556
1075	12578
1076	12602
1077	12623
1078	12642
1079	12666
1080	12682
1081	12692
1082	12715
1083	12741
1084	12773
1085	12793
1086	12811
1087	12823
1088	12840
1089	12920
1090	13016
1091	13098
1092	13149
1093	13188
1094	13208
1095	13237
1096	13285
1097	13322
1098	13361
1099	13393
1100	13419
1101	13435
1102	13450
1103	13479
1104	13511
1105	13538
1106	13564
1107	13595
1108	13614
1109	13629
1110	13654
1111	13672
1112	13701
1113	13725
1114	13751
1115	13768
1116	13787
1117	13799
1118	13823
1119	13846
1120	13867
1121	13885
1122	13894
1123	13908
1124	13926
1125	13947
1126	13971
1127	13986
1128	14002
1129	14015
1130	14023
1131	14035
1132	14051
1133	14092
1134	14187
1135	14255
1136	14295
1137	14325
1138	14380
1139	14430
1140	14486
1141	14535
1142	14561
1143	14579
1144	14603
1145	14630
1146	14679
1147	14718
1148	14744
1149	14771
1150	14792
1151	14807
1152	14842
1153	14867
1154	14886
1155	14919
1156	14949
1157	14959
1158	14968
1159	14988
1160	15008
1161	15023
1162	15042
1163	15061
1164	15069
1165	15075
1166	15084
1167	15099
1168	15119
1169	15141
1170	15156
1171	15165
1172	15176
1173	15185
1174	15207
1175	15223
1176	15240
1177	15252
1178	15262
1179	15319
1180	15407
1181	15483
1182	15548
1183	15589
1184	15619
1185	15641
1186	15664
1187	15708
1188	15751
1189	15780
1190	15820
1191	15863
1192	15887
1193	15899
1194	15925
1195	15950
1196	15982
1197	16008
1198	16030
1199	16040
1200	16052
1201	16074
1202	16106
1203	16133
1204	16151
1205	16170
1206	16178
1207	16189
1208	16208
1209	16227
1210	16250
1211	16263
1212	16272
1213	16280
1214	16284
1215	16300
1216	16311
1217	16329
1218	16349
1219	16364
1220	16374
1221	16387
1222	16447
1223	16559
1224	16641
1225	16693
1226	16732
1227	16756
1228	16785
1229	16838
1230	16876
1231	16913
1232	16937
1233	16977
1234	16988
1235	17001
1236	17033
1237	17055
1238	17072
1239	17093
1240	17109
1241	17118
1242	17126
1243	17137
1244	17154
1245	17177
1246	17192
1247	17209
1248	17221
1249	17231
1250	17246
1251	17270
1252	17294
1253	17313
1254	17329
1255	17345
1256	17357
1257	17379
1258	17394
1259	17420
1260	17440
1261	17460
1262	17476
1263	17489
1264	17509
1265	17526
1266	17599
1267	17688
1268	17757
1269	17809
1270	17842
1271	17889
1272	17933
1273	17981
1274	18012
1275	18050
1276	18068
1277	18090
1278	18125
1279	18158
1280	18188
1281	18221
1282	18257
1283	18272
1284	18290
1285	18310
1286	18336
1287	18364
1288	18390
1289	18418
1290	18434
1291	18453
1292	18472
1293	18501
1294	18516
1295	18541
1296	18583
1297	18602
1298	18617
1299	18633
1300	18656
1301	18673
1302	18692
1303	18733
1304	18824
1305	18887
1306	18964
1307	19048
1308	19111
1309	19158
1310	19207
1311	19232
1312	19265
1313	19309
1314	19354
1315	19383
1316	19422
1317	19455
1318	19481
1319	19509
1320	19540
1321	19577
1322	19600
1323	19624
1324	19656
1325	19671
1326	19687
1327	19715
1328	19744
1329	19771
1330	19805
1331	19829
1332	19842
1333	19856
1334	19876
1335	19895
1336	19911
1337	19936
1338	19946
1339	19954
1340	20045
1341	20142
1342	20225
1343	20291
1344	20349
1345	20390
1346	20421
1347	20450
1348	20486
1349	20528
1350	20563
1351	20605
1352	20633
1353	20644
1354	20659
1355	20696
1356	20726
1357	20746
1358	20781
1359	20809
1360	20826
1361	20845
1362	20860
1363	20880
1364	20901
1365	20925
1366	20948
1367	20962
1368	20979
1369	21000
1370	21016
1371	21043
1372	21064
1373	21081
1374	21094
1375	21107
1376	21158
1377	21273
1378	21367
1379	21417
1380	21479
1381	21510
1382	21538
1383	21594
1384	21641
1385	21673
1386	21703
1387	21736
1388	21753
1389	21771
1390	21809
1391	21840
1392	21878
1393	21906
1394	21935
1395	21948
1396	21964
1397	21984
1398	22005
1399	22030
1400	22057
1401	22071
1402	22089
1403	22106
1404	22128
1405	22139
1406	22160
1407	22184
1408	22203
1409	22216
1410	22229
1411	22248
1412	22269
1413	22376
1414	22474
1415	22531
1416	22566
1417	22593
1418	22650
1419	22698
1420	22753
1421	22793
1422	22829
1423	22856
1424	22881
1425	22903
1426	22939
1427	22974
1428	23000
1429	23025
1430	23045
1431	23058
1432	23078
1433	23116
1434	23142
1435	23162
1436	23174
1437	23190
1438	23209
1439	23243
1440	23279
1441	23298
1442	23325
1443	23346
1444	23357
1445	23366
1446	23377
1447	23400
1448	23513
1449	23617
1450	23693
1451	23725
1452	23754
1453	23811
1454	23861
1455	23902
1456	23953
1457	23977
1458	24013
1459	24038
1460	24064
1461	24095
1462	24124
1463	24153
1464	24184
1465	24199
1466	24217
1467	24249
1468	24274
1469	24296
1470	24314
1471	24339
1472	24351
1473	24372
1474	24405
1475	24435
1476	24457
1477	24474
1478	24493
1479	24500
1480	24506
1481	24528
1482	24609
1483	24727
1484	24821
1485	24879
1486	24920
1487	24954
1488	25008
1489	25055
1490	25110
1491	25134
1492	25164
1493	25189
1494	25209
1495	25237
1496	25271
1497	25309
1498	25343
1499	25370
1500	25386
1501	25398
1502	25433
1503	25455
1504	25476
1505	25499
1506	25514
1507	25524
1508	25533
1509	25557
1510	25579
1511	25608
1512	25627
1513	25646
1514	25664
1515	25669
1516	25685
1517	25774
1518	25867
1519	25955
1520	26016
1521	26058
1522	26088
1523	26133
1524	26177
1525	26221
1526	26267
1527	26300
1528	26325
1529	26349
1530	26372
1531	26405
1532	26428
1533	26456
1534	26484
1535	26507
1536	26533
1537	26575
1538	26596
1539	26617
1540	26642
1541	26657
1542	26669
1543	26679
1544	26711
1545	26738
1546	26756
1547	26778
1548	26805
1549	26817
1550	26890
1551	26999
1552	27081
1553	27158
1554	27208
1555	27250
1556	27280
1557	27316
1558	27356
1559	27403
1560	27446
1561	27497
1562	27531
1563	27547
1564	27564
1565	27589
1566	27630
1567	27659
1568	27700
1569	27725
1570	27742
1571	27760
1572	27785
1573	27812
1574	27841
1575	27867
1576	27889
1577	27904
1578	27921
1579	27943
1580	27970
1581	27994
1582	28049
1583	28159
1584	28204
1585	28260
1586	28330
1587	28389
1588	28457
1589	28503
1590	28528
1591	28559
1592	28585
1593	28630
1594	28667
1595	28704
1596	28737
1597	28760
1598	28776
1599	28791
1600	28823
1601	28848
1602	28877
1603	28897
1604	28909
1605	28921
1606	28933
1607	28942
1608	28949
1609	28965
1610	28978
1611	28996
1612	29010
1613	29023
1614	29037
1615	29043
1616	29059
1617	29074
1618	29159
1619	29230
1620	29280
1621	29353
1622	29419
1623	29471
1624	29527
1625	29580
1626	29609
1627	29635
1628	29670
1629	29716
1630	29754
1631	29795
1632	29829
1633	29849
1634	29866
1635	29895
1636	29930
1637	29968
1638	30000
1639	30034
1640	30052
1641	30067
1642	30084
1643	30104
1644	30126
1645	30147
1646	30180
1647	30195
1648	30213
1649	30338
1650	30450
1651	30541
1652	30610
1653	30665
1654	30694
1655	30726
1656	30770
1657	30827
1658	30870
1659	30913
1660	30956
1661	30973
1662	30993
1663	31023
1664	31053
1665	31084
1666	31115
1667	31146
1668	31160
1669	31180
1670	31207
1671	31231
1672	31259
1673	31281
1674	31303
1675	31318
1676	31335
1677	31435
1678	31547
1679	31634
1680	31715
1681	31791
1682	31825
1683	31868
1684	31910
1685	31968
1686	32025
1687	32071
1688	32104
1689	32127
1690	32144
1691	32190
1692	32241
1693	32282
1694	32309
1695	32346
1696	32365
1697	32382
1698	32414
1699	32436
1700	32455
1701	32485
1702	32508
1703	32519
1704	32592
1705	32701
1706	32785
1707	32868
1708	32947
1709	32996
1710	33023
1711	33065
1712	33109
1713	33159
1714	33207
1715	33248
1716	33288
1717	33306
1718	33328
1719	33354
1720	33380
1721	33405
1722	33437
1723	33469
1724	33492
1725	33513
1726	33544
1727	33568
1728	33599
1729	33626
1730	33645
1731	33694
1732	33780
1733	33876
1734	33957
1735	34004
1736	34060
1737	34102
1738	34131
1739	34162
1740	34208
1741	34260
1742	34306
1743	34336
1744	34369
1745	34397
1746	34422
1747	34454
1748	34483
1749	34512
1750	34535
1751	34565
1752	34578
1753	34589
1754	34608
1755	34636
1756	34666
1757	34701
1758	34716
1759	34734
1760	34750
1761	34810
1762	34916
1763	35001
1764	35079
1765	35142
1766	35173
1767	35206
1768	35255
1769	35299
1770	35352
1771	35403
1772	35439
1773	35465
1774	35495
1775	35522
1776	35548
1777	35586
1778	35617
1779	35638
1780	35657
1781	35680
1782	35715
1783	35743
1784	35771
1785	35791
1786	35815
1787	35826
1788	35840
1789	35865
1790	35946
1791	36078
1792	36176
1793	36241
1794	36267
1795	36301
1796	36352
1797	36403
1798	36455
1799	36500
1800	36536
1801	36565
1802	36583
1803	36627
1804	36667
1805	36718
1806	36761
1807	36792
1808	36812
1809	36829
1810	36858
1811	36895
1812	36926
1813	36963
1814	36990
1815	37003
1816	37017
1817	37043
1818	37068
1819	37205
1820	37297
1821	37392
1822	37434
1823	37470
1824	37529
1825	37591
1826	37652
1827	37718
1828	37762
1829	37780
1830	37808
1831	37834
1832	37865
1833	37905
1834	37936
1835	37964
1836	37988
1837	38009
1838	38028
1839	38054
1840	38088
1841	38109
1842	38129
1843	38149
1844	38164
1845	38188
1846	38214
1847	38360
1848	38453
1849	38536
1850	38576
1851	38616
1852	38674
1853	38736
1854	38791
1855	38839
1856	38867
1857	38883
1858	38911
1859	38935
1860	38966
1861	39001
1862	39040
1863	39071
1864	39090
1865	39105
1866	39131
1867	39162
1868	39198
1869	39238
1870	39269
1871	39279
1872	39295
1873	39316
1874	39338
1875	39423
1876	39547
1877	39625
1878	39658
1879	39690
1880	39744
1881	39814
1882	39869
1883	39909
1884	39958
1885	39980
1886	40004
1887	40032
1888	40064
1889	40095
1890	40131
1891	40160
1892	40169
1893	40189
1894	40213
1895	40242
1896	40272
1897	40307
1898	40331
1899	40346
1900	40366
1901	40387
1902	40415
1903	40535
1904	40632
1905	40698
1906	40735
1907	40775
1908	40829
1909	40902
1910	40960
1911	41010
1912	41042
1913	41075
1914	41098
1915	41130
1916	41169
1917	41203
1918	41249
1919	41278
1920	41302
1921	41320
1922	41355
1923	41385
1924	41411
1925	41445
1926	41470
1927	41482
1928	41497
1929	41513
1930	41650
1931	41757
1932	41839
1933	41905
1934	41932
1935	41966
1936	42014
1937	42060
1938	42106
1939	42146
1940	42185
1941	42206
1942	42228
1943	42268
1944	42306
1945	42342
1946	42368
1947	42386
1948	42402
1949	42420
1950	42444
1951	42471
1952	42498
1953	42527
1954	42546
1955	42569
1956	42653
1957	42744
1958	42832
1959	42897
1960	42955
1961	43002
1962	43021
1963	43044
1964	43082
1965	43130
1966	43172
1967	43214
1968	43248
1969	43268
1970	43289
1971	43321
1972	43339
1973	43348
1974	43372
1975	43396
1976	43410
1977	43428
1978	43442
1979	43461
1980	43476
1981	43494
1982	43513
1983	43536
1984	43554
1985	43581
1986	43684
1987	43791
1988	43874
1989	43931
1990	43966
1991	44008
1992	44052
1993	44100
1994	44152
1995	44185
1996	44222
1997	44254
1998	44281
1999	44310
2000	44349
2001	44389
2002	44423
2003	44458
2004	44478
2005	44497
2006	44521
2007	44546
2008	44574
2009	44608
2010	44636
2011	44714
2012	44781
2013	44879
2014	44962
2015	45038
2016	45092
2017	45140
2018	45167
2019	45199
2020	45250
2021	45304
2022	45348
2023	45393
2024	45427
2025	45443
2026	45460
2027	45492
2028	45524
2029	45569
2030	45594
2031	45614
2032	45633
2033	45656
2034	45677
2035	45757
2036	45876
2037	45969
2038	46031
2039	46067
2040	46101
2041	46143
2042	46187
2043	46239
2044	46285
2045	46329
2046	46354
2047	46388
2048	46422
2049	46466
2050	46502
2051	46547
2052	46588
2053	46606
2054	46627
2055	46663
2056	46691
2057	46732
2058	46787
2059	46912
2060	46970
2061	47042
2062	47115
2063	47177
2064	47244
2065	47301
2066	47344
2067	47365
2068	47387
2069	47425
2070	47461
2071	47510
2072	47546
2073	47574
2074	47593
2075	47609
2076	47633
2077	47667
2078	47688
2079	47724
2080	47743
2081	47759
2082	47776
2083	47823
2084	47943
2085	48028
2086	48105
2087	48163
2088	48199
2089	48234
2090	48275
2091	48319
2092	48361
2093	48403
2094	48433
2095	48455
2096	48475
2097	48511
2098	48546
2099	48579
2100	48610
2101	48652
2102	48674
2103	48688
2104	48710
2105	48741
2106	48772
2107	48804
2108	48832
2109	48843
2110	48888
2111	49010
2112	49106
2113	49190
2114	49252
2115	49281
2116	49316
2117	49338
2118	49381
2119	49429
2120	49488
2121	49528
2122	49559
2123	49583
2124	49609
2125	49641
2126	49667
2127	49702
2128	49733
2129	49769
2130	49786
2131	49802
2132	49819
2133	49847
2134	49884
2135	49909
2136	49950
2137	49960
2138	49974
2139	50065
2140	50163
2141	50223
2142	50294
2143	50363
2144	50386
2145	50411
2146	50453
2147	50502
2148	50553
2149	50588
2150	50630
2151	50663
2152	50682
2153	50716
2154	50747
2155	50785
2156	50815
2157	50846
2158	50859
2159	50871
2160	50898
2161	50926
2162	50955
2163	50987
2164	51010
2165	51019
2166	51032
2167	51064
2168	51109
2169	51227
2170	51324
2171	51397
2172	51431
2173	51455
2174	51513
2175	51572
2176	51641
2177	51691
2178	51725
2179	51743
2180	51773
2181	51818
2182	51861
2183	51906
2184	51950
2185	51986
2186	52012
2187	52037
2188	52061
2189	52097
2190	52125
2191	52156
2192	52184
2193	52194
2194	52209
2195	52233
2196	52259
2197	52324
2198	52434
2199	52522
2200	52564
2201	52613
2202	52682
2203	52744
2204	52815
2205	52864
2206	52891
2207	52915
2208	52944
2209	52984
2210	53026
2211	53062
2212	53108
2213	53137
2214	53152
2215	53173
2216	53201
2217	53228
2218	53266
2219	53291
2220	53320
2221	53332
2222	53353
2223	53379
2224	53407
2225	53430
2226	53456
2227	53515
2228	53572
2229	53628
2230	53708
2231	53773
2232	53835
2233	53902
2234	53941
2235	53965
2236	53991
2237	54034
2238	54070
2239	54106
2240	54142
2241	54173
2242	54189
2243	54212
2244	54241
2245	54271
2246	54297
2247	54315
2248	54338
2249	54353
2250	54371
2251	54404
2252	54429
2253	54442
2254	54460
2255	54474
2256	54483
2257	54497
2258	54597
2259	54686
2260	54787
2261	54853
2262	54912
2263	54949
2264	54984
2265	55034
2266	55084
2267	55142
2268	55187
2269	55217
2270	55240
2271	55259
2272	55298
2273	55328
2274	55375
2275	55405
2276	55432
2277	55454
2278	55471
2279	55503
2280	55536
2281	55562
2282	55597
2283	55619
2284	55629
2285	55635
2286	55658
2287	55741
2288	55868
2289	55945
2290	56014
2291	56050
2292	56077
2293	56127
2294	56165
2295	56214
2296	56264
2297	56300
2298	56321
2299	56346
2300	56379
2301	56415
2302	56439
2303	56478
2304	56508
2305	56523
2306	56543
2307	56567
2308	56599
2309	56625
2310	56653
2311	56672
2312	56685
2313	56705
2314	56719
2315	56748
2316	56860
2317	56963
2318	57039
2319	57067
2320	57105
2321	57175
2322	57224
2323	57267
2324	57304
2325	57344
2326	57373
2327	57390
2328	57426
2329	57458
2330	57497
2331	57523
2332	57548
2333	57565
2334	57586
2335	57616
2336	57648
2337	57677
2338	57682
2339	57698
2340	57721
2341	57748
2342	57778
2343	57798
2344	57820
2345	57829
2346	57847
2347	57861
2348	57878
2349	57919
2350	58044
2351	58139
2352	58222
2353	58280
2354	58309
2355	58346
2356	58399
2357	58448
2358	58503
2359	58547
2360	58581
2361	58610
2362	58633
2363	58662
2364	58696
2365	58742
2366	58765
2367	58799
2368	58817
2369	58832
2370	58866
2371	58898
2372	58924
2373	58957
2374	58982
2375	58996
2376	59013
2377	59035
2378	59057
2379	59170
2380	59280
2381	59361
2382	59403
2383	59439
2384	59492
2385	59545
2386	59599
2387	59651
2388	59692
2389	59716
2390	59739
2391	59780
2392	59823
2393	59870
2394	59904
2395	59947
2396	59973
2397	59991
2398	60021
2399	60056
2400	60094
2401	60128
2402	60153
2403	60173
2404	60192
2405	60230
2406	60318
2407	60426
2408	60520
2409	60607
2410	60646
2411	60681
2412	60739
2413	60802
2414	60859
2415	60903
2416	60952
2417	60985
2418	61004
2419	61054
2420	61095
2421	61142
2422	61186
2423	61218
2424	61239
2425	61260
2426	61299
2427	61335
2428	61374
2429	61405
2430	61439
2431	61470
2432	61493
2433	61530
2434	61664
2435	61765
2436	61841
2437	61898
2438	61940
2439	61980
2440	62032
2441	62096
2442	62153
2443	62203
2444	62253
2445	62285
2446	62307
2447	62345
2448	62399
2449	62437
2450	62477
2451	62519
2452	62538
2453	62559
2454	62587
2455	62615
2456	62655
2457	62688
2458	62724
2459	62744
2460	62768
2461	62906
2462	63011
2463	63120
2464	63178
2465	63223
2466	63255
2467	63291
2468	63337
2469	63393
2470	63457
2471	63489
2472	63533
2473	63561
2474	63590
2475	63612
2476	63652
2477	63689
2478	63737
2479	63777
2480	63802
2481	63821
2482	63845
2483	63876
2484	63923
2485	63965
2486	63992
2487	64093
2488	64159
2489	64245
2490	64346
2491	64432
2492	64496
2493	64544
2494	64579
2495	64615
2496	64646
2497	64704
2498	64772
2499	64815
2500	64868
2501	64891
2502	64909
2503	64960
2504	64994
2505	65033
2506	65062
2507	65086
2508	65112
2509	65140
2510	65170
2511	65201
2512	65231
2513	65260
2514	65394
2515	65465
2516	65518
2517	65608
2518	65706
2519	65785
2520	65866
2521	65922
2522	65948
2523	65979
2524	66036
2525	66080
2526	66124
2527	66164
2528	66199
2529	66221
2530	66240
2531	66274
2532	66314
2533	66348
2534	66384
2535	66421
2536	66444
2537	66464
2538	66493
2539	66537
2540	66575
2541	66679
2542	66793
2543	66846
2544	66905
2545	66963
2546	67056
2547	67140
2548	67203
2549	67260
2550	67291
2551	67318
2552	67383
2553	67431
2554	67482
2555	67531
2556	67564
2557	67584
2558	67602
2559	67629
2560	67665
2561	67697
2562	67737
2563	67775
2564	67798
2565	67817
2566	67844
2567	67874
2568	67915
2569	68044
2570	68144
2571	68196
2572	68245
2573	68313
2574	68386
2575	68453
2576	68512
2577	68567
2578	68592
2579	68627
2580	68676
2581	68734
2582	68775
2583	68832
2584	68864
2585	68888
2586	68908
2587	68938
2588	68984
2589	69019
2590	69058
2591	69080
2592	69093
2593	69119
2594	69153
2595	69182
2596	69201
2597	69298
2598	69423
2599	69472
2600	69519
2601	69614
2602	69684
2603	69745
2604	69815
2605	69859
2606	69891
2607	69923
2608	69972
2609	70020
2610	70062
2611	70098
2612	70130
2613	70155
2614	70174
2615	70209
2616	70254
2617	70287
2618	70322
2619	70348
2620	70368
2621	70389
2622	70421
2623	70462
2624	70501
2625	70531
2626	70650
2627	70716
2628	70775
2629	70869
2630	70958
2631	71024
2632	71067
2633	71116
2634	71138
2635	71179
2636	71230
2637	71288
2638	71326
2639	71372
2640	71406
2641	71428
2642	71452
2643	71484
2644	71515
2645	71546
2646	71574
2647	71614
2648	71636
2649	71651
2650	71678
2651	71711
2652	71749
2653	71801
2654	71917
2655	71980
2656	72039
2657	72106
2658	72168
2659	72229
2660	72286
2661	72329
2662	72352
2663	72383
2664	72436
2665	72476
2666	72514
2667	72573
2668	72611
2669	72629
2670	72648
2671	72681
2672	72724
2673	72764
2674	72812
2675	72847
2676	72872
2677	72890
2678	72913
2679	72937
2680	72981
2681	73020
2682	73149
2683	73205
2684	73265
2685	73346
2686	73414
2687	73468
2688	73512
2689	73565
2690	73592
2691	73614
2692	73672
2693	73713
2694	73763
2695	73801
2696	73841
2697	73870
2698	73904
2699	73933
2700	73971
2701	73996
2702	74030
2703	74051
2704	74064
2705	74089
2706	74114
2707	74146
2708	74178
2709	74202
2710	74217
2711	74232
2712	74240
2713	74264
2714	74380
2715	74484
2716	74575
2717	74645
2718	74683
2719	74728
2720	74793
2721	74853
2722	74912
2723	74964
2724	75009
2725	75045
2726	75072
2727	75125
2728	75178
2729	75241
2730	75276
2731	75317
2732	75342
2733	75368
2734	75408
2735	75448
2736	75484
2737	75521
2738	75556
2739	75575
2740	75598
2741	75699
2742	75806
2743	75913
2744	76002
2745	76076
2746	76126
2747	76163
2748	76227
2749	76299
2750	76355
2751	76420
2752	76483
2753	76525
2754	76561
2755	76622
2756	76667
2757	76729
2758	76772
2759	76824
2760	76853
2761	76877
2762	76914
2763	76966
2764	77010
2765	77052
2766	77169
2767	77258
2768	77328
2769	77446
2770	77544
2771	77629
2772	77709
2773	77790
2774	77838
2775	77845
