1	9
2	12
3	20
4	22
5	26
6	30
7	30
8	32
9	33
10	36
11	37
12	37
13	37
14	37
15	38
16	38
17	39
18	39
19	40
20	40
21	42
22	42
23	43
24	43
25	45
26	45
27	46
28	46
29	46
30	46
31	47
32	47
33	47
34	47
35	47
36	47
37	47
38	47
39	47
40	47
41	47
42	47
43	47
44	47
45	47
46	47
47	47
48	47
49	47
50	48
51	48
52	48
53	48
54	49
55	50
56	51
57	51
58	51
59	51
60	51
61	51
62	51
63	51
64	51
65	51
66	51
67	51
68	51
69	51
70	51
71	52
72	53
73	53
74	53
75	53
76	53
77	54
78	55
79	55
80	56
81	56
82	56
83	56
84	56
85	57
86	58
87	58
88	58
89	58
90	58
91	58
92	58
93	58
94	59
95	61
96	61
97	61
98	61
99	61
100	61
101	61
102	61
103	61
104	62
105	62
106	62
107	62
108	62
109	62
110	62
111	62
112	62
113	62
114	63
115	64
116	64
117	64
118	64
119	64
120	64
121	64
122	64
123	65
124	65
125	65
126	65
127	65
128	66
129	66
130	66
131	66
132	67
133	67
134	67
135	67
136	67
137	67
138	67
139	67
140	67
141	67
142	67
143	67
144	67
145	67
146	67
147	67
148	67
149	67
150	67
151	67
152	67
153	67
154	67
155	67
156	67
157	67
158	67
159	67
160	67
161	67
162	67
163	67
164	67
165	68
166	68
167	68
168	68
169	68
170	69
171	69
172	69
173	69
174	69
175	69
176	69
177	69
178	70
179	70
180	70
181	70
182	70
183	72
184	72
185	72
186	72
187	72
188	72
189	72
190	72
191	73
192	74
193	75
194	76
195	77
196	77
197	77
198	77
199	77
200	77
201	77
202	77
203	78
204	78
205	78
206	79
207	80
208	80
209	80
210	80
211	80
212	80
213	81
214	81
215	81
216	82
217	82
218	82
219	83
220	83
221	83
222	83
223	83
224	83
225	83
226	84
227	84
228	85
229	85
230	85
231	85
232	85
233	85
234	86
235	87
236	87
237	87
238	87
239	87
240	87
241	87
242	87
243	87
244	87
245	87
246	87
247	87
248	87
249	87
250	88
251	88
252	88
253	88
254	88
255	88
256	88
257	89
258	89
259	90
260	91
261	91
262	91
263	91
264	92
265	92
266	93
267	93
268	94
269	94
270	94
271	94
272	94
273	94
274	94
275	94
276	94
277	94
278	94
279	94
280	94
281	95
282	95
283	95
284	95
285	95
286	95
287	96
288	98
289	98
290	98
291	98
292	98
293	98
294	98
295	98
296	98
297	99
298	99
299	99
300	99
301	99
302	99
303	99
304	99
305	99
306	99
307	99
308	99
309	100
310	100
311	101
312	101
313	101
314	102
315	103
316	103
317	103
318	103
319	103
320	103
321	104
322	104
323	104
324	104
325	104
326	104
327	104
328	104
329	105
330	105
331	105
332	105
333	105
334	106
335	106
336	107
337	108
338	109
339	109
340	109
341	110
342	111
343	111
344	111
345	111
346	111
347	111
348	111
349	111
350	111
351	111
352	112
353	112
354	112
355	112
356	112
357	112
358	112
359	112
360	113
361	113
362	113
363	113
364	114
365	114
366	114
367	114
368	114
369	114
370	114
371	114
372	114
373	115
374	116
375	116
376	116
377	116
378	117
379	117
380	117
381	117
382	117
383	117
384	118
385	118
386	118
387	119
388	119
389	119
390	119
391	119
392	119
393	119
394	119
395	119
396	119
397	120
398	122
399	122
400	124
401	125
402	125
403	125
404	126
405	126
406	128
407	128
408	129
409	130
410	130
411	130
412	130
413	131
414	131
415	131
416	131
417	131
418	131
419	132
420	132
421	132
422	132
423	132
424	134
425	135
426	135
427	135
428	135
429	135
430	135
431	135
432	135
433	135
434	135
435	136
436	136
437	136
438	136
439	136
440	136
441	136
442	136
443	136
444	136
445	137
446	137
447	138
448	138
449	138
450	139
451	139
452	140
453	140
454	140
455	141
456	142
457	142
458	142
459	143
460	143
461	143
462	143
463	144
464	144
465	144
466	144
467	144
468	144
469	144
470	144
471	144
472	145
473	145
474	145
475	145
476	145
477	145
478	145
479	146
480	146
481	146
482	146
483	146
484	146
485	146
486	146
487	146
488	146
489	146
490	146
491	146
492	146
493	146
494	146
495	147
496	147
497	147
498	147
499	147
500	147
501	147
502	147
503	147
504	147
505	147
506	148
507	148
508	148
509	148
510	148
511	148
512	149
513	149
514	149
515	150
516	150
517	150
518	150
519	150
520	151
521	151
522	151
523	151
524	151
525	151
526	151
527	151
528	152
529	152
530	152
531	152
532	153
533	154
534	154
535	154
536	154
537	156
538	156
539	156
540	156
541	156
542	157
543	157
544	158
545	158
546	158
547	158
548	158
549	159
550	161
551	162
552	162
553	162
554	164
555	164
556	164
557	165
558	165
559	165
560	165
561	167
562	168
563	168
564	171
565	173
566	175
567	176
568	176
569	176
570	176
571	178
572	179
573	180
574	180
575	180
576	181
577	181
578	182
579	183
580	184
581	184
582	185
583	185
584	186
585	186
586	186
587	186
588	186
589	188
590	189
591	189
592	191
593	191
594	191
595	191
596	191
597	193
598	194
599	195
600	196
601	197
602	200
603	200
604	201
605	201
606	201
607	201
608	203
609	204
610	204
611	204
612	204
613	205
614	206
615	206
616	206
617	207
618	207
619	207
620	207
621	209
622	209
623	210
624	210
625	210
626	210
627	210
628	210
629	210
630	210
631	211
632	212
633	213
634	213
635	213
636	214
637	214
638	215
639	215
640	218
641	219
642	219
643	220
644	220
645	220
646	220
647	220
648	220
649	220
650	221
651	221
652	222
653	223
654	223
655	223
656	226
657	226
658	227
659	229
660	229
661	229
662	230
663	230
664	231
665	231
666	231
667	232
668	233
669	234
670	235
671	235
672	235
673	235
674	236
675	237
676	238
677	238
678	238
679	239
680	239
681	239
682	239
683	239
684	241
685	241
686	242
687	243
688	243
689	243
690	244
691	244
692	244
693	244
694	244
695	244
696	244
697	244
698	246
699	246
700	247
701	247
702	247
703	248
704	249
705	250
706	252
707	252
708	253
709	253
710	253
711	253
712	254
713	254
714	254
715	254
716	254
717	255
718	257
719	257
720	257
721	258
722	261
723	262
724	262
725	262
726	262
727	265
728	265
729	267
730	267
731	267
732	267
733	267
734	267
735	267
736	268
737	269
738	270
739	270
740	270
741	270
742	271
743	272
744	276
745	277
746	277
747	277
748	280
749	282
750	283
751	284
752	285
753	285
754	285
755	285
756	286
757	287
758	287
759	288
760	289
761	289
762	290
763	290
764	290
765	291
766	293
767	293
768	293
769	293
770	294
771	296
772	297
773	297
774	297
775	297
776	297
777	298
778	298
779	298
780	298
781	298
782	298
783	299
784	299
785	299
786	299
787	301
788	301
789	301
790	301
791	301
792	302
793	303
794	303
795	303
796	303
797	304
798	304
799	304
800	304
801	304
802	304
803	304
804	305
805	305
806	306
807	306
808	307
809	307
810	307
811	307
812	307
813	308
814	309
815	309
816	309
817	309
818	310
819	310
820	310
821	311
822	312
823	312
824	312
825	312
826	312
827	312
828	313
829	314
830	314
831	315
832	316
833	317
834	317
835	317
836	317
837	318
838	319
839	319
840	319
841	319
842	319
843	323
844	324
845	324
846	324
847	324
848	324
849	325
850	326
851	328
852	328
853	328
854	330
855	332
856	333
857	333
858	333
859	334
860	335
861	335
862	337
863	337
864	337
865	337
866	338
867	339
868	339
869	339
870	339
871	342
872	347
873	349
874	349
875	351
876	351
877	354
878	356
879	356
880	358
881	358
882	360
883	360
884	363
885	364
886	367
887	368
888	368
889	369
890	370
891	370
892	370
893	373
894	373
895	373
896	373
897	375
898	375
899	375
900	375
901	376
902	377
903	377
904	378
905	378
906	378
907	378
908	380
909	382
910	382
911	386
912	387
913	387
914	388
915	388
916	389
917	391
918	391
919	392
920	394
921	394
922	394
923	396
924	396
925	399
926	400
927	400
928	400
929	402
930	403
931	403
932	404
933	405
934	407
935	408
936	408
937	409
938	410
939	411
940	412
941	413
942	415
943	416
944	418
945	420
946	422
947	423
948	423
949	423
950	425
951	430
952	430
953	432
954	433
955	433
956	433
957	433
958	434
959	435
960	436
961	436
962	436
963	436
964	438
965	440
966	440
967	442
968	443
969	443
970	445
971	445
972	445
973	447
974	447
975	448
976	451
977	451
978	451
979	451
980	452
981	452
982	452
983	453
984	454
985	454
986	456
987	459
988	459
989	459
990	460
991	461
992	461
993	462
994	463
995	465
996	466
997	467
998	471
999	471
1000	471
1001	472
1002	473
1003	474
1004	474
1005	474
1006	475
1007	476
1008	478
1009	478
1010	479
1011	479
1012	479
1013	479
1014	481
1015	481
1016	482
1017	487
1018	488
1019	488
1020	489
1021	489
1022	491
1023	491
1024	491
1025	491
1026	495
1027	497
1028	497
1029	498
1030	500
1031	501
1032	505
1033	506
1034	506
1035	509
1036	510
1037	513
1038	518
1039	521
1040	523
1041	525
1042	528
1043	532
1044	533
1045	535
1046	537
1047	539
1048	539
1049	540
1050	544
1051	545
1052	549
1053	552
1054	554
1055	556
1056	558
1057	558
1058	559
1059	559
1060	561
1061	562
1062	563
1063	565
1064	565
1065	566
1066	569
1067	570
1068	570
1069	574
1070	576
1071	578
1072	579
1073	580
1074	582
1075	583
1076	584
1077	587
1078	587
1079	589
1080	590
1081	591
1082	591
1083	594
1084	594
1085	595
1086	597
1087	599
1088	601
1089	602
1090	603
1091	603
1092	605
1093	606
1094	610
1095	611
1096	612
1097	614
1098	616
1099	617
1100	618
1101	619
1102	624
1103	625
1104	625
1105	627
1106	627
1107	628
1108	632
1109	637
1110	638
1111	640
1112	641
1113	644
1114	647
1115	648
1116	648
1117	650
1118	654
1119	654
1120	655
1121	655
1122	657
1123	660
1124	661
1125	662
1126	664
1127	666
1128	666
1129	666
1130	668
1131	672
1132	674
1133	675
1134	678
1135	680
1136	681
1137	682
1138	685
1139	685
1140	688
1141	688
1142	688
1143	690
1144	690
1145	693
1146	695
1147	696
1148	698
1149	699
1150	700
1151	700
1152	702
1153	702
1154	705
1155	705
1156	708
1157	711
1158	711
1159	713
1160	713
1161	717
1162	718
1163	718
1164	718
1165	722
1166	725
1167	726
1168	730
1169	732
1170	734
1171	734
1172	734
1173	735
1174	736
1175	738
1176	740
1177	740
1178	741
1179	745
1180	746
1181	746
1182	749
1183	750
1184	751
1185	752
1186	754
1187	757
1188	758
1189	759
1190	761
1191	762
1192	764
1193	765
1194	766
1195	770
1196	775
1197	776
1198	776
1199	776
1200	777
1201	778
1202	778
1203	779
1204	782
1205	783
1206	786
1207	786
1208	788
1209	789
1210	791
1211	792
1212	795
1213	795
1214	796
1215	799
1216	800
1217	803
1218	804
1219	806
1220	809
1221	812
1222	813
1223	814
1224	818
1225	820
1226	822
1227	823
1228	824
1229	825
1230	825
1231	828
1232	830
1233	832
1234	836
1235	840
1236	843
1237	844
1238	844
1239	846
1240	847
1241	851
1242	853
1243	853
1244	855
1245	860
1246	861
1247	863
1248	864
1249	864
1250	866
1251	870
1252	871
1253	872
1254	875
1255	876
1256	877
1257	878
1258	880
1259	883
1260	885
1261	887
1262	888
1263	890
1264	891
1265	893
1266	897
1267	898
1268	901
1269	901
1270	905
1271	907
1272	908
1273	910
1274	913
1275	913
1276	918
1277	918
1278	920
1279	921
1280	925
1281	929
1282	931
1283	931
1284	931
1285	933
1286	936
1287	936
1288	941
1289	944
1290	947
1291	948
1292	950
1293	951
1294	951
1295	955
1296	957
1297	958
1298	961
1299	961
1300	966
1301	969
1302	974
1303	981
1304	983
1305	986
1306	987
1307	989
1308	990
1309	991
1310	993
1311	995
1312	1003
1313	1004
1314	1006
1315	1011
1316	1012
1317	1014
1318	1015
1319	1018
1320	1018
1321	1019
1322	1022
1323	1024
1324	1026
1325	1028
1326	1030
1327	1033
1328	1034
1329	1036
1330	1037
1331	1040
1332	1042
1333	1044
1334	1048
1335	1049
1336	1050
1337	1053
1338	1056
1339	1059
1340	1065
1341	1069
1342	1071
1343	1071
1344	1076
1345	1081
1346	1083
1347	1084
1348	1087
1349	1088
1350	1094
1351	1095
1352	1098
1353	1103
1354	1107
1355	1107
1356	1108
1357	1111
1358	1115
1359	1119
1360	1124
1361	1128
1362	1130
1363	1131
1364	1134
1365	1137
1366	1139
1367	1141
1368	1143
1369	1144
1370	1150
1371	1151
1372	1153
1373	1160
1374	1164
1375	1166
1376	1166
1377	1167
1378	1168
1379	1170
1380	1171
1381	1174
1382	1176
1383	1180
1384	1184
1385	1187
1386	1189
1387	1196
1388	1197
1389	1200
1390	1204
1391	1207
1392	1210
1393	1214
1394	1218
1395	1220
1396	1224
1397	1227
1398	1230
1399	1232
1400	1236
1401	1240
1402	1243
1403	1244
1404	1245
1405	1247
1406	1249
1407	1251
1408	1253
1409	1253
1410	1257
1411	1258
1412	1259
1413	1263
1414	1271
1415	1272
1416	1279
1417	1282
1418	1284
1419	1288
1420	1290
1421	1297
1422	1300
1423	1302
1424	1305
1425	1307
1426	1308
1427	1311
1428	1318
1429	1321
1430	1323
1431	1323
1432	1326
1433	1326
1434	1329
1435	1330
1436	1337
1437	1343
1438	1346
1439	1347
1440	1347
1441	1347
1442	1347
1443	1350
1444	1352
1445	1354
1446	1356
1447	1357
1448	1359
1449	1366
1450	1370
1451	1374
1452	1374
1453	1377
1454	1379
1455	1386
1456	1388
1457	1388
1458	1390
1459	1391
1460	1392
1461	1396
1462	1400
1463	1404
1464	1407
1465	1410
1466	1416
1467	1419
1468	1423
1469	1427
1470	1429
1471	1430
1472	1433
1473	1438
1474	1441
1475	1444
1476	1450
1477	1454
1478	1458
1479	1462
1480	1465
1481	1466
1482	1468
1483	1473
1484	1477
1485	1483
1486	1486
1487	1490
1488	1490
1489	1497
1490	1500
1491	1502
1492	1508
1493	1514
1494	1517
1495	1519
1496	1521
1497	1523
1498	1525
1499	1535
1500	1537
1501	1540
1502	1545
1503	1547
1504	1552
1505	1554
1506	1556
1507	1560
1508	1563
1509	1566
1510	1567
1511	1572
1512	1575
1513	1578
1514	1582
1515	1585
1516	1588
1517	1592
1518	1596
1519	1599
1520	1602
1521	1611
1522	1617
1523	1619
1524	1621
1525	1624
1526	1625
1527	1629
1528	1632
1529	1637
1530	1641
1531	1644
1532	1646
1533	1649
1534	1652
1535	1655
1536	1658
1537	1658
1538	1662
1539	1667
1540	1674
1541	1679
1542	1684
1543	1686
1544	1691
1545	1693
1546	1695
1547	1697
1548	1698
1549	1704
1550	1706
1551	1707
1552	1710
1553	1710
1554	1715
1555	1720
1556	1726
1557	1729
1558	1730
1559	1731
1560	1736
1561	1741
1562	1744
1563	1745
1564	1746
1565	1749
1566	1750
1567	1754
1568	1754
1569	1757
1570	1763
1571	1766
1572	1768
1573	1771
1574	1777
1575	1780
1576	1784
1577	1787
1578	1792
1579	1794
1580	1798
1581	1801
1582	1808
1583	1810
1584	1814
1585	1819
1586	1820
1587	1820
1588	1824
1589	1827
1590	1834
1591	1838
1592	1842
1593	1847
1594	1852
1595	1855
1596	1860
1597	1864
1598	1872
1599	1876
1600	1876
1601	1883
1602	1884
1603	1887
1604	1896
1605	1898
1606	1902
1607	1906
1608	1912
1609	1914
1610	1917
1611	1921
1612	1925
1613	1932
1614	1933
1615	1935
1616	1943
1617	1947
1618	1948
1619	1956
1620	1959
1621	1962
1622	1965
1623	1969
1624	1974
1625	1979
1626	1986
1627	1996
1628	2004
1629	2004
1630	2009
1631	2015
1632	2017
1633	2026
1634	2027
1635	2028
1636	2031
1637	2035
1638	2038
1639	2041
1640	2047
1641	2052
1642	2058
1643	2061
1644	2062
1645	2069
1646	2073
1647	2075
1648	2082
1649	2085
1650	2088
1651	2090
1652	2095
1653	2098
1654	2100
1655	2100
1656	2100
1657	2100
1658	2103
1659	2107
1660	2112
1661	2115
1662	2119
1663	2120
1664	2122
1665	2123
1666	2130
1667	2133
1668	2137
1669	2143
1670	2147
1671	2151
1672	2159
1673	2161
1674	2167
1675	2169
1676	2173
1677	2180
1678	2185
1679	2189
1680	2192
1681	2197
1682	2202
1683	2206
1684	2208
1685	2214
1686	2220
1687	2233
1688	2237
1689	2241
1690	2246
1691	2247
1692	2250
1693	2256
1694	2257
1695	2262
1696	2266
1697	2269
1698	2272
1699	2277
1700	2282
1701	2292
1702	2297
1703	2303
1704	2311
1705	2317
1706	2318
1707	2326
1708	2329
1709	2336
1710	2340
1711	2345
1712	2353
1713	2360
1714	2369
1715	2374
1716	2379
1717	2383
1718	2387
1719	2393
1720	2397
1721	2406
1722	2412
1723	2413
1724	2424
1725	2431
1726	2436
1727	2443
1728	2444
1729	2449
1730	2452
1731	2459
1732	2462
1733	2463
1734	2464
1735	2469
1736	2476
1737	2484
1738	2489
1739	2496
1740	2500
1741	2504
1742	2510
1743	2512
1744	2518
1745	2521
1746	2523
1747	2527
1748	2529
1749	2534
1750	2539
1751	2545
1752	2549
1753	2557
1754	2561
1755	2564
1756	2568
1757	2571
1758	2578
1759	2585
1760	2590
1761	2595
1762	2598
1763	2599
1764	2600
1765	2607
1766	2612
1767	2615
1768	2620
1769	2625
1770	2629
1771	2638
1772	2641
1773	2651
1774	2656
1775	2660
1776	2662
1777	2667
1778	2672
1779	2679
1780	2686
1781	2696
1782	2700
1783	2702
1784	2705
1785	2709
1786	2715
1787	2720
1788	2722
1789	2729
1790	2732
1791	2737
1792	2739
1793	2744
1794	2749
1795	2758
1796	2764
1797	2770
1798	2779
1799	2785
1800	2792
1801	2797
1802	2803
1803	2804
1804	2810
1805	2815
1806	2822
1807	2824
1808	2832
1809	2843
1810	2846
1811	2851
1812	2857
1813	2862
1814	2872
1815	2879
1816	2881
1817	2886
1818	2889
1819	2898
1820	2907
1821	2911
1822	2917
1823	2924
1824	2926
1825	2929
1826	2938
1827	2943
1828	2950
1829	2957
1830	2964
1831	2973
1832	2977
1833	2983
1834	2988
1835	2996
1836	2999
1837	3000
1838	3003
1839	3007
1840	3014
1841	3019
1842	3024
1843	3030
1844	3034
1845	3041
1846	3046
1847	3049
1848	3056
1849	3061
1850	3066
1851	3067
1852	3068
1853	3068
1854	3077
1855	3083
1856	3092
1857	3095
1858	3102
1859	3105
1860	3111
1861	3120
1862	3128
1863	3137
1864	3142
1865	3145
1866	3147
1867	3152
1868	3160
1869	3167
1870	3169
1871	3172
1872	3174
1873	3177
1874	3180
1875	3187
1876	3189
1877	3192
1878	3195
1879	3199
1880	3204
1881	3209
1882	3216
1883	3219
1884	3226
1885	3231
1886	3234
1887	3238
1888	3246
1889	3247
1890	3252
1891	3256
1892	3266
1893	3275
1894	3275
1895	3278
1896	3288
1897	3295
1898	3297
1899	3305
1900	3315
1901	3322
1902	3326
1903	3330
1904	3333
1905	3337
1906	3343
1907	3350
1908	3361
1909	3364
1910	3370
1911	3370
1912	3372
1913	3382
1914	3388
1915	3393
1916	3395
1917	3408
1918	3410
1919	3417
1920	3423
1921	3430
1922	3435
1923	3438
1924	3443
1925	3454
1926	3462
1927	3468
1928	3473
1929	3479
1930	3481
1931	3492
1932	3499
1933	3507
1934	3513
1935	3522
1936	3525
1937	3527
1938	3536
1939	3541
1940	3546
1941	3554
1942	3561
1943	3562
1944	3564
1945	3572
1946	3582
1947	3586
1948	3594
1949	3602
1950	3604
1951	3609
1952	3616
1953	3626
1954	3631
1955	3639
1956	3647
1957	3651
1958	3657
1959	3664
1960	3672
1961	3681
1962	3684
1963	3690
1964	3694
1965	3702
1966	3710
1967	3722
1968	3727
1969	3731
1970	3737
1971	3742
1972	3743
1973	3752
1974	3760
1975	3772
1976	3783
1977	3789
1978	3797
1979	3802
1980	3809
1981	3814
1982	3823
1983	3827
1984	3833
1985	3837
1986	3839
1987	3843
1988	3850
1989	3856
1990	3860
1991	3869
1992	3873
1993	3873
1994	3884
1995	3890
1996	3893
1997	3901
1998	3907
1999	3910
2000	3915
2001	3923
2002	3929
2003	3933
2004	3941
2005	3946
2006	3953
2007	3960
2008	3965
2009	3977
2010	3984
2011	3993
2012	3999
2013	4003
2014	4007
2015	4016
2016	4022
2017	4028
2018	4033
2019	4034
2020	4038
2021	4041
2022	4048
2023	4053
2024	4069
2025	4075
2026	4076
2027	4081
2028	4085
2029	4092
2030	4097
2031	4102
2032	4110
2033	4115
2034	4119
2035	4122
2036	4130
2037	4138
2038	4143
2039	4152
2040	4156
2041	4159
2042	4164
2043	4170
2044	4176
2045	4184
2046	4198
2047	4209
2048	4213
2049	4218
2050	4223
2051	4228
2052	4235
2053	4244
2054	4260
2055	4270
2056	4274
2057	4285
2058	4291
2059	4298
2060	4307
2061	4312
2062	4314
2063	4319
2064	4325
2065	4338
2066	4348
2067	4362
2068	4370
2069	4378
2070	4381
2071	4384
2072	4392
2073	4395
2074	4401
2075	4412
2076	4420
2077	4428
2078	4439
2079	4449
2080	4458
2081	4464
2082	4467
2083	4474
2084	4478
2085	4490
2086	4495
2087	4510
2088	4522
2089	4534
2090	4542
2091	4546
2092	4556
2093	4558
2094	4571
2095	4585
2096	4592
2097	4597
2098	4600
2099	4613
2100	4622
2101	4634
2102	4639
2103	4647
2104	4653
2105	4656
2106	4664
2107	4673
2108	4679
2109	4690
2110	4698
2111	4705
2112	4709
2113	4717
2114	4720
2115	4729
2116	4738
2117	4744
2118	4749
2119	4753
2120	4762
2121	4766
2122	4776
2123	4787
2124	4793
2125	4806
2126	4812
2127	4820
2128	4824
2129	4833
2130	4836
2131	4843
2132	4846
2133	4853
2134	4863
2135	4868
2136	4873
2137	4882
2138	4888
2139	4892
2140	4898
2141	4909
2142	4917
2143	4927
2144	4935
2145	4945
2146	4952
2147	4958
2148	4960
2149	4966
2150	4974
2151	4979
2152	4987
2153	4994
2154	5002
2155	5005
2156	5014
2157	5024
2158	5029
2159	5042
2160	5049
2161	5058
2162	5061
2163	5069
2164	5079
2165	5085
2166	5098
2167	5100
2168	5108
2169	5114
2170	5129
2171	5135
2172	5143
2173	5158
2174	5160
2175	5171
2176	5181
2177	5187
2178	5200
2179	5210
2180	5217
2181	5221
2182	5227
2183	5233
2184	5234
2185	5246
2186	5250
2187	5256
2188	5260
2189	5265
2190	5273
2191	5280
2192	5290
2193	5297
2194	5303
2195	5309
2196	5317
2197	5322
2198	5338
2199	5348
2200	5353
2201	5366
2202	5370
2203	5380
2204	5385
2205	5396
2206	5411
2207	5422
2208	5430
2209	5433
2210	5439
2211	5442
2212	5450
2213	5459
2214	5465
2215	5476
2216	5483
2217	5490
2218	5495
2219	5501
2220	5508
2221	5514
2222	5522
2223	5528
2224	5532
2225	5541
2226	5555
2227	5565
2228	5574
2229	5582
2230	5586
2231	5594
2232	5600
2233	5613
2234	5618
2235	5625
2236	5627
2237	5630
2238	5633
2239	5639
2240	5649
2241	5656
2242	5659
2243	5660
2244	5663
2245	5671
2246	5679
2247	5687
2248	5700
2249	5704
2250	5713
2251	5722
2252	5729
2253	5738
2254	5743
2255	5756
2256	5760
2257	5770
2258	5772
2259	5783
2260	5790
2261	5802
2262	5821
2263	5833
2264	5847
2265	5856
2266	5860
2267	5874
2268	5884
2269	5894
2270	5904
2271	5912
2272	5920
2273	5930
2274	5940
2275	5951
2276	5955
2277	5960
2278	5969
2279	5976
2280	5981
2281	5991
2282	6004
2283	6018
2284	6026
2285	6041
2286	6047
2287	6054
2288	6065
2289	6082
2290	6091
2291	6102
2292	6112
2293	6123
2294	6130
2295	6146
2296	6161
2297	6180
2298	6194
2299	6209
2300	6218
2301	6232
2302	6244
2303	6256
2304	6271
2305	6285
2306	6295
2307	6307
2308	6308
