1	3
2	8
3	11
4	14
5	16
6	18
7	18
8	18
9	19
10	20
11	21
12	22
13	23
14	23
15	24
16	27
17	28
18	29
19	30
20	34
21	39
22	40
23	42
24	46
25	51
26	55
27	58
28	66
29	71
30	76
31	82
32	87
33	93
34	101
35	104
36	106
37	110
38	115
39	121
40	126
41	127
42	128
43	132
44	133
45	152
46	177
47	198
48	213
49	224
50	229
51	236
52	246
53	264
54	281
55	292
56	303
57	307
58	309
59	317
60	321
61	333
62	338
63	342
64	345
65	352
66	360
67	367
68	368
69	375
70	386
71	386
72	389
73	395
74	400
75	404
76	412
77	420
78	425
79	426
80	426
81	436
82	441
83	444
84	448
85	450
86	452
87	461
88	465
89	466
90	474
91	477
92	477
93	480
94	485
95	490
96	493
97	501
98	507
99	508
100	512
101	513
102	517
103	525
104	528
105	531
106	532
107	535
108	543
109	544
110	553
111	560
112	564
113	567
114	572
115	575
116	579
117	580
118	582
119	584
120	589
121	592
122	596
123	600
124	605
125	613
126	616
127	618
128	621
129	622
130	629
131	634
132	637
133	641
134	642
135	647
136	651
137	657
138	662
139	669
140	671
141	672
142	674
143	683
144	685
145	687
146	688
147	689
148	691
149	694
150	699
151	702
152	703
153	707
154	710
155	715
156	717
157	720
158	724
159	734
160	737
161	744
162	744
163	748
164	752
165	759
166	766
167	771
168	777
169	786
170	788
171	795
172	800
173	807
174	812
175	819
176	825
177	828
178	830
179	833
180	837
181	842
182	845
183	848
184	850
185	852
186	857
187	865
188	868
189	873
190	877
191	878
192	881
193	887
194	891
195	899
196	903
197	907
198	911
199	916
200	920
201	922
202	929
203	933
204	935
205	936
206	940
207	944
208	947
209	953
210	956
211	958
212	966
213	973
214	979
215	983
216	989
217	993
218	995
219	995
220	1001
221	1005
222	1008
223	1018
224	1022
225	1023
226	1025
227	1031
228	1034
229	1042
230	1046
231	1052
232	1056
233	1058
234	1061
235	1070
236	1073
237	1079
238	1083
239	1084
240	1087
241	1093
242	1096
243	1101
244	1107
245	1112
246	1114
247	1115
248	1119
249	1120
250	1126
251	1132
252	1134
253	1136
254	1136
255	1139
256	1141
257	1146
258	1152
259	1155
260	1157
261	1160
262	1167
263	1175
264	1181
265	1188
266	1193
267	1198
268	1200
269	1203
270	1205
271	1207
272	1212
273	1215
274	1220
275	1225
276	1230
277	1232
278	1236
279	1243
280	1249
281	1253
282	1259
283	1263
284	1273
285	1277
286	1283
287	1290
288	1294
289	1298
290	1302
291	1308
292	1316
293	1323
294	1324
295	1328
296	1331
297	1334
298	1336
299	1341
300	1350
301	1351
302	1353
303	1357
304	1362
305	1369
306	1373
307	1378
308	1381
309	1384
310	1387
311	1389
312	1395
313	1402
314	1408
315	1415
316	1416
317	1420
318	1424
319	1432
320	1438
321	1448
322	1458
323	1461
324	1468
325	1470
326	1478
327	1482
328	1485
329	1499
330	1517
331	1540
332	1575
333	1601
334	1618
335	1645
336	1663
337	1674
338	1686
339	1704
340	1732
341	1751
342	1770
343	1791
344	1800
345	1814
346	1837
347	1850
348	1869
349	1888
350	1905
351	1911
352	1922
353	1939
354	1959
355	1979
356	2000
357	2011
358	2017
359	2028
360	2047
361	2056
362	2080
363	2091
364	2101
365	2109
366	2114
367	2129
368	2138
369	2151
370	2160
371	2172
372	2177
373	2183
374	2197
375	2207
376	2219
377	2229
378	2236
379	2239
380	2246
381	2267
382	2281
383	2299
384	2317
385	2328
386	2332
387	2341
388	2350
389	2361
390	2371
391	2378
392	2387
393	2389
394	2397
395	2399
396	2406
397	2419
398	2431
399	2439
400	2446
401	2451
402	2460
403	2471
404	2484
405	2492
406	2500
407	2502
408	2506
409	2514
410	2524
411	2532
412	2539
413	2543
414	2551
415	2557
416	2569
417	2576
418	2584
419	2591
420	2598
421	2605
422	2613
423	2623
424	2637
425	2648
426	2653
427	2658
428	2667
429	2678
430	2690
431	2701
432	2714
433	2720
434	2734
435	2741
436	2746
437	2757
438	2767
439	2778
440	2787
441	2802
442	2810
443	2816
444	2826
445	2839
446	2854
447	2870
448	2884
449	2892
450	2900
451	2911
452	2930
453	2949
454	2969
455	2984
456	2994
457	3000
458	3016
459	3030
460	3036
461	3051
462	3061
463	3064
464	3070
465	3081
466	3099
467	3110
468	3123
469	3133
470	3140
471	3144
472	3159
473	3176
474	3186
475	3194
476	3211
477	3220
478	3227
479	3244
480	3261
481	3275
482	3288
483	3298
484	3307
485	3313
486	3324
487	3334
488	3346
489	3364
490	3373
491	3379
492	3392
493	3405
494	3416
495	3432
496	3445
497	3459
498	3467
499	3473
500	3484
501	3502
502	3516
503	3534
504	3543
505	3549
506	3560
507	3572
508	3580
509	3587
510	3596
511	3598
512	3604
513	3609
514	3620
515	3631
516	3638
517	3644
518	3646
519	3654
520	3669
521	3678
522	3684
523	3697
524	3719
525	3729
526	3735
527	3744
528	3752
529	3770
530	3782
531	3792
532	3800
533	3806
534	3809
535	3820
536	3840
537	3911
538	3969
539	4006
540	4042
541	4072
542	4116
543	4155
544	4200
545	4239
546	4274
547	4282
548	4306
549	4336
550	4365
551	4402
552	4433
553	4460
554	4480
555	4500
556	4517
557	4552
558	4582
559	4605
560	4632
561	4650
562	4674
563	4697
564	4717
565	4747
566	4777
567	4804
568	4822
569	4837
570	4867
571	4892
572	4911
573	4934
574	4954
575	4963
576	4979
577	5005
578	5029
579	5054
580	5081
581	5101
582	5115
583	5133
584	5159
585	5183
586	5198
587	5221
588	5237
589	5256
590	5271
591	5283
592	5296
593	5318
594	5344
595	5358
596	5371
597	5382
598	5403
599	5419
600	5447
601	5466
602	5492
603	5505
604	5516
605	5535
606	5554
607	5575
608	5590
609	5602
610	5612
611	5621
612	5639
613	5661
614	5679
615	5701
616	5719
617	5732
618	5743
619	5762
620	5779
621	5804
622	5827
623	5841
624	5858
625	5872
626	5889
627	5910
628	5926
629	5936
630	5953
631	5960
632	5970
633	5982
634	5998
635	6016
636	6036
637	6054
638	6065
639	6076
640	6094
641	6114
642	6132
643	6147
644	6165
645	6177
646	6187
647	6204
648	6222
649	6234
650	6249
651	6275
652	6293
653	6300
654	6323
655	6336
656	6359
657	6378
658	6400
659	6411
660	6429
661	6451
662	6483
663	6502
664	6515
665	6524
666	6533
667	6538
668	6549
669	6563
670	6581
671	6595
672	6604
673	6611
674	6626
675	6640
676	6651
677	6670
678	6687
679	6701
680	6713
681	6725
682	6735
683	6749
684	6764
685	6775
686	6787
687	6800
688	6806
689	6823
690	6839
691	6858
692	6878
693	6892
694	6906
695	6912
696	6924
697	6939
698	7019
699	7098
700	7154
701	7181
702	7205
703	7250
704	7299
705	7358
706	7404
707	7448
708	7467
709	7496
710	7534
711	7577
712	7621
713	7661
714	7698
715	7718
716	7740
717	7792
718	7835
719	7872
720	7899
721	7930
722	7945
723	7963
724	7998
725	8028
726	8059
727	8083
728	8117
729	8136
730	8147
731	8183
732	8205
733	8248
734	8279
735	8305
736	8322
737	8340
738	8369
739	8394
740	8427
741	8461
742	8493
743	8507
744	8529
745	8553
746	8598
747	8628
748	8662
749	8684
750	8689
751	8710
752	8724
753	8750
754	8772
755	8798
756	8815
757	8828
758	8842
759	8860
760	8884
761	8905
762	8924
763	8940
764	8953
765	8961
766	8979
767	8999
768	9020
769	9047
770	9074
771	9088
772	9102
773	9120
774	9136
775	9156
776	9184
777	9206
778	9220
779	9236
780	9256
781	9277
782	9297
783	9315
784	9330
785	9341
786	9351
787	9366
788	9390
789	9412
790	9432
791	9447
792	9465
793	9476
794	9499
795	9520
796	9540
797	9568
798	9584
799	9598
800	9620
801	9630
802	9647
803	9670
804	9683
805	9702
806	9711
807	9728
808	9756
809	9771
810	9787
811	9807
812	9824
813	9837
814	9851
815	9879
816	9897
817	9925
818	9952
819	9967
820	9976
821	9993
822	10011
823	10033
824	10049
825	10068
826	10095
827	10115
828	10124
829	10141
830	10157
831	10178
832	10204
833	10222
834	10235
835	10250
836	10264
837	10315
838	10400
839	10482
840	10543
841	10577
842	10609
843	10656
844	10700
845	10749
846	10790
847	10824
848	10850
849	10878
850	10909
851	10960
852	11000
853	11040
854	11075
855	11097
856	11126
857	11161
858	11201
859	11238
860	11278
861	11316
862	11335
863	11351
864	11391
865	11430
866	11466
867	11499
868	11526
869	11542
870	11563
871	11593
872	11627
873	11653
874	11677
875	11699
876	11715
877	11729
878	11752
879	11776
880	11803
881	11817
882	11836
883	11847
884	11863
885	11892
886	11918
887	11949
888	11978
889	12007
890	12023
891	12049
892	12081
893	12115
894	12148
895	12178
896	12204
897	12225
898	12243
899	12285
900	12311
901	12347
902	12375
903	12398
904	12410
905	12425
906	12449
907	12474
908	12499
909	12520
910	12548
911	12563
912	12583
913	12612
914	12643
915	12676
916	12704
917	12733
918	12751
919	12778
920	12794
921	12818
922	12842
923	12864
924	12890
925	12911
926	12932
927	12959
928	12979
929	13009
930	13047
931	13067
932	13084
933	13106
934	13142
935	13172
936	13199
937	13226
938	13251
939	13260
940	13277
941	13306
942	13341
943	13370
944	13403
945	13426
946	13448
947	13464
948	13495
949	13521
950	13638
951	13723
952	13787
953	13834
954	13881
955	13941
956	14018
957	14091
958	14154
959	14207
960	14256
961	14291
962	14334
963	14391
964	14444
965	14486
966	14540
967	14571
968	14608
969	14652
970	14701
971	14747
972	14792
973	14833
974	14852
975	14894
976	14943
977	14984
978	15033
979	15087
980	15121
981	15158
982	15179
983	15218
984	15268
985	15325
986	15364
987	15392
988	15418
989	15439
990	15474
991	15527
992	15565
993	15606
994	15642
995	15656
996	15680
997	15705
998	15736
999	15775
1000	15810
1001	15839
1002	15861
1003	15890
1004	15924
1005	15972
1006	16019
1007	16052
1008	16082
1009	16105
1010	16121
1011	16148
1012	16187
1013	16226
1014	16252
1015	16284
1016	16302
1017	16330
1018	16360
1019	16399
1020	16437
1021	16467
1022	16497
1023	16512
1024	16534
1025	16556
1026	16586
1027	16616
1028	16655
1029	16683
1030	16708
1031	16726
1032	16749
1033	16779
1034	16807
1035	16829
1036	16853
1037	16863
1038	16870
1039	16908
1040	16931
1041	16963
1042	17041
1043	17141
1044	17198
1045	17242
1046	17313
1047	17388
1048	17473
1049	17551
1050	17601
1051	17637
1052	17666
1053	17734
1054	17805
1055	17850
1056	17898
1057	17943
1058	17981
1059	18014
1060	18066
1061	18126
1062	18170
1063	18222
1064	18263
1065	18288
1066	18314
1067	18366
1068	18410
1069	18467
1070	18523
1071	18570
1072	18596
1073	18619
1074	18669
1075	18724
1076	18775
1077	18822
1078	18868
1079	18884
1080	18903
1081	18938
1082	18992
1083	19035
1084	19066
1085	19116
1086	19134
1087	19157
1088	19190
1089	19230
1090	19273
1091	19316
1092	19358
1093	19379
1094	19400
1095	19434
1096	19484
1097	19519
1098	19560
1099	19587
1100	19598
1101	19621
1102	19653
1103	19686
1104	19735
1105	19779
1106	19821
1107	19837
1108	19851
1109	19878
1110	19911
1111	19951
1112	19988
1113	20011
1114	20030
1115	20054
1116	20092
1117	20131
1118	20161
1119	20199
1120	20222
1121	20243
1122	20263
1123	20292
1124	20318
1125	20357
1126	20388
1127	20408
1128	20417
1129	20431
1130	20460
1131	20480
1132	20518
1133	20624
1134	20711
1135	20762
1136	20817
1137	20882
1138	20961
1139	21035
1140	21101
1141	21147
1142	21187
1143	21213
1144	21268
1145	21338
1146	21386
1147	21438
1148	21492
1149	21520
1150	21548
1151	21602
1152	21645
1153	21686
1154	21743
1155	21787
1156	21814
1157	21840
1158	21877
1159	21918
1160	21962
1161	22005
1162	22034
1163	22052
1164	22078
1165	22110
1166	22158
1167	22193
1168	22258
1169	22301
1170	22325
1171	22342
1172	22377
1173	22412
1174	22452
1175	22490
1176	22519
1177	22544
1178	22566
1179	22598
1180	22628
1181	22666
1182	22705
1183	22739
1184	22760
1185	22787
1186	22817
1187	22851
1188	22888
1189	22920
1190	22950
1191	22966
1192	22989
1193	23020
1194	23050
1195	23082
1196	23116
1197	23135
1198	23155
1199	23182
1200	23211
1201	23240
1202	23274
1203	23302
1204	23331
1205	23350
1206	23373
1207	23399
1208	23433
1209	23461
1210	23485
1211	23504
1212	23525
1213	23536
1214	23563
1215	23598
1216	23616
1217	23647
1218	23671
1219	23693
1220	23705
1221	23786
1222	23906
1223	24005
1224	24090
1225	24159
1226	24209
1227	24259
1228	24328
1229	24413
1230	24469
1231	24521
1232	24565
1233	24603
1234	24641
1235	24689
1236	24739
1237	24790
1238	24828
1239	24871
1240	24896
1241	24923
1242	24948
1243	24991
1244	25036
1245	25065
1246	25107
1247	25122
1248	25139
1249	25170
1250	25208
1251	25257
1252	25291
1253	25327
1254	25358
1255	25386
1256	25423
1257	25464
1258	25499
1259	25548
1260	25582
1261	25607
1262	25621
1263	25655
1264	25689
1265	25725
1266	25768
1267	25803
1268	25833
1269	25856
1270	25885
1271	25922
1272	25960
1273	25996
1274	26028
1275	26057
1276	26082
1277	26114
1278	26159
1279	26197
1280	26237
1281	26275
1282	26296
1283	26313
1284	26337
1285	26376
1286	26412
1287	26453
1288	26493
1289	26513
1290	26534
1291	26566
1292	26601
1293	26633
1294	26666
1295	26702
1296	26718
1297	26734
1298	26761
1299	26792
1300	26823
1301	26853
1302	26898
1303	27003
1304	27105
1305	27212
1306	27333
1307	27444
1308	27546
1309	27637
1310	27690
1311	27735
1312	27807
1313	27883
1314	27958
1315	28016
1316	28075
1317	28110
1318	28151
1319	28218
1320	28285
1321	28364
1322	28434
1323	28485
1324	28526
1325	28570
1326	28626
1327	28673
1328	28748
1329	28818
1330	28870
1331	28897
1332	28938
1333	28987
1334	29052
1335	29105
1336	29155
1337	29191
1338	29222
1339	29255
1340	29298
1341	29355
1342	29414
1343	29463
1344	29502
1345	29537
1346	29567
1347	29610
1348	29653
1349	29697
1350	29749
1351	29787
1352	29818
1353	29846
1354	29880
1355	29908
1356	29966
1357	30022
1358	30056
1359	30078
1360	30107
1361	30144
1362	30190
1363	30232
1364	30270
1365	30313
1366	30335
1367	30358
1368	30378
1369	30411
1370	30447
1371	30477
1372	30494
1373	30527
1374	30540
1375	30607
1376	30745
1377	30879
1378	31005
1379	31096
1380	31168
1381	31225
1382	31309
1383	31397
1384	31479
1385	31562
1386	31633
1387	31691
1388	31731
1389	31792
1390	31867
1391	31927
1392	31993
1393	32053
1394	32086
1395	32120
1396	32176
1397	32226
1398	32281
1399	32343
1400	32405
1401	32437
1402	32476
1403	32527
1404	32596
1405	32653
1406	32706
1407	32739
1408	32766
1409	32787
1410	32826
1411	32870
1412	32920
1413	32973
1414	33013
1415	33039
1416	33072
1417	33115
1418	33171
1419	33228
1420	33283
1421	33333
1422	33355
1423	33378
1424	33420
1425	33468
1426	33512
1427	33564
1428	33604
1429	33625
1430	33654
1431	33693
1432	33733
1433	33775
1434	33823
1435	33867
1436	33894
1437	33912
1438	33951
1439	33986
1440	34029
1441	34081
1442	34122
1443	34145
1444	34161
1445	34203
1446	34238
1447	34407
1448	34552
1449	34670
1450	34739
1451	34808
1452	34930
1453	35029
1454	35135
1455	35234
1456	35314
1457	35358
1458	35400
1459	35477
1460	35564
1461	35650
1462	35726
1463	35803
1464	35834
1465	35881
1466	35944
1467	36035
1468	36106
1469	36173
1470	36235
1471	36262
1472	36296
1473	36354
1474	36411
1475	36464
1476	36515
1477	36561
1478	36594
1479	36634
1480	36689
1481	36740
1482	36798
1483	36857
1484	36898
1485	36924
1486	36948
1487	37009
1488	37072
1489	37124
1490	37171
1491	37219
1492	37248
1493	37279
1494	37317
1495	37358
1496	37400
1497	37438
1498	37467
1499	37492
1500	37514
1501	37556
1502	37604
1503	37667
1504	37710
1505	37748
1506	37768
1507	37791
1508	37824
1509	37863
1510	37901
1511	37945
1512	37974
1513	37992
1514	38019
1515	38060
1516	38202
1517	38374
1518	38519
1519	38626
1520	38686
1521	38758
1522	38842
1523	38942
1524	39052
1525	39145
1526	39234
1527	39300
1528	39363
1529	39428
1530	39497
1531	39576
1532	39659
1533	39737
1534	39790
1535	39842
1536	39923
1537	40004
1538	40079
1539	40156
1540	40217
1541	40265
1542	40328
1543	40393
1544	40458
1545	40507
1546	40585
1547	40645
1548	40685
1549	40723
1550	40788
1551	40839
1552	40904
1553	40960
1554	41005
1555	41044
1556	41072
1557	41135
1558	41192
1559	41257
1560	41314
1561	41364
1562	41395
1563	41427
1564	41464
1565	41517
1566	41576
1567	41651
1568	41701
1569	41739
1570	41774
1571	41825
1572	41884
1573	41935
1574	41979
1575	42015
1576	42045
1577	42072
1578	42108
1579	42159
1580	42209
1581	42327
1582	42540
1583	42658
1584	42753
1585	42896
1586	43029
1587	43167
1588	43292
1589	43393
1590	43467
1591	43537
1592	43649
1593	43744
1594	43844
1595	43933
1596	44014
1597	44070
1598	44108
1599	44186
1600	44268
1601	44334
1602	44405
1603	44464
1604	44506
1605	44540
1606	44582
1607	44627
1608	44665
1609	44717
1610	44770
1611	44809
1612	44849
1613	44886
1614	44918
1615	44963
1616	45026
1617	45081
1618	45127
1619	45161
1620	45207
1621	45268
1622	45332
1623	45386
1624	45450
1625	45473
1626	45513
1627	45562
1628	45619
1629	45691
1630	45748
1631	45806
1632	45849
1633	45896
1634	45944
1635	45995
1636	46044
1637	46106
1638	46157
1639	46194
1640	46230
1641	46281
1642	46329
1643	46376
1644	46425
1645	46462
1646	46495
1647	46528
1648	46730
1649	46932
1650	47113
1651	47284
1652	47433
1653	47514
1654	47585
1655	47700
1656	47792
1657	47918
1658	48026
1659	48112
1660	48170
1661	48238
1662	48314
1663	48405
1664	48507
1665	48609
1666	48704
1667	48755
1668	48829
1669	48930
1670	49028
1671	49120
1672	49205
1673	49291
1674	49347
1675	49390
1676	49468
1677	49548
1678	49630
1679	49719
1680	49789
1681	49834
1682	49890
1683	49973
1684	50044
1685	50127
1686	50199
1687	50258
1688	50298
1689	50332
1690	50397
1691	50459
1692	50532
1693	50611
1694	50678
1695	50719
1696	50760
1697	50830
1698	50889
1699	50947
1700	51009
1701	51057
1702	51084
1703	51207
1704	51411
1705	51627
1706	51831
1707	51997
1708	52142
1709	52229
1710	52319
1711	52471
1712	52622
1713	52744
1714	52851
1715	52959
1716	53034
1717	53119
1718	53228
1719	53334
1720	53445
1721	53550
1722	53635
1723	53698
1724	53756
1725	53852
1726	53955
1727	54042
1728	54142
1729	54217
1730	54269
1731	54334
1732	54414
1733	54492
1734	54569
1735	54647
1736	54715
1737	54760
1738	54796
1739	54858
1740	54921
1741	55001
1742	55075
1743	55135
1744	55182
1745	55227
1746	55292
1747	55367
1748	55444
1749	55528
1750	55601
1751	55642
1752	55684
1753	55749
1754	55807
1755	55870
1756	55941
1757	55998
1758	56039
1759	56073
1760	56175
1761	56398
1762	56615
1763	56803
1764	56958
1765	57052
1766	57126
1767	57274
1768	57414
1769	57550
1770	57679
1771	57783
1772	57869
1773	57933
1774	58047
1775	58182
1776	58283
1777	58380
1778	58492
1779	58559
1780	58619
1781	58715
1782	58807
1783	58896
1784	58994
1785	59077
1786	59118
1787	59167
1788	59243
1789	59330
1790	59439
1791	59518
1792	59605
1793	59656
1794	59702
1795	59771
1796	59838
1797	59930
1798	59987
1799	60045
1800	60082
1801	60124
1802	60198
1803	60269
1804	60340
1805	60410
1806	60471
1807	60516
1808	60560
1809	60627
1810	60705
1811	60799
1812	60851
1813	60918
1814	60958
1815	60991
1816	61034
1817	61098
1818	61351
1819	61599
1820	61805
1821	61898
1822	61998
1823	62153
1824	62304
1825	62464
1826	62605
1827	62701
1828	62753
1829	62833
1830	62936
1831	63042
1832	63143
1833	63267
1834	63361
1835	63408
1836	63480
1837	63557
1838	63671
1839	63778
1840	63874
1841	63951
1842	64003
1843	64059
1844	64135
1845	64218
1846	64307
1847	64402
1848	64484
1849	64521
1850	64566
1851	64634
1852	64710
1853	64781
1854	64849
1855	64906
1856	64947
1857	64995
1858	65050
1859	65109
1860	65195
1861	65257
1862	65325
1863	65363
1864	65398
1865	65457
1866	65527
1867	65580
1868	65661
1869	65717
1870	65768
1871	65813
1872	65857
1873	65915
1874	66087
1875	66336
1876	66535
1877	66677
1878	66799
1879	66945
1880	67118
1881	67266
1882	67415
1883	67549
1884	67635
1885	67742
1886	67853
1887	67991
1888	68130
1889	68232
1890	68345
1891	68416
1892	68496
1893	68600
1894	68705
1895	68830
1896	68924
1897	69017
1898	69090
1899	69154
1900	69249
1901	69344
1902	69445
1903	69550
1904	69654
1905	69717
1906	69779
1907	69880
1908	69970
1909	70074
1910	70162
1911	70241
1912	70300
1913	70356
1914	70431
1915	70516
1916	70604
1917	70693
1918	70771
1919	70830
1920	70893
1921	70964
1922	71042
1923	71125
1924	71217
1925	71288
1926	71334
1927	71385
1928	71451
1929	71761
1930	72057
1931	72300
1932	72478
1933	72626
1934	72762
1935	72950
1936	73127
1937	73273
1938	73431
1939	73576
1940	73677
1941	73780
1942	73898
1943	74020
1944	74137
1945	74248
1946	74346
1947	74435
1948	74517
1949	74633
1950	74762
1951	74880
1952	75020
1953	75113
1954	75184
1955	75254
1956	75351
1957	75443
1958	75565
1959	75648
1960	75717
1961	75775
1962	75836
1963	75907
1964	75994
1965	76076
1966	76149
1967	76208
1968	76251
1969	76304
1970	76377
1971	76424
1972	76462
1973	76507
1974	76579
1975	76620
1976	76679
1977	76746
1978	76780
1979	76806
1980	76872
1981	76945
1982	76986
1983	77025
1984	77089
1985	77319
1986	77614
1987	77849
1988	78078
1989	78178
1990	78294
1991	78437
1992	78593
1993	78747
1994	78925
1995	79053
1996	79153
1997	79246
1998	79375
1999	79533
2000	79690
2001	79831
2002	79936
2003	80009
2004	80084
2005	80192
2006	80310
2007	80423
2008	80528
2009	80619
2010	80690
2011	80758
2012	80832
2013	80939
2014	81050
2015	81149
2016	81239
2017	81308
2018	81375
2019	81487
2020	81583
2021	81670
2022	81772
2023	81856
2024	81898
2025	81960
2026	82050
2027	82135
2028	82225
2029	82315
2030	82395
2031	82457
2032	82520
2033	82611
2034	82806
2035	83136
2036	83396
2037	83625
2038	83775
2039	83925
2040	84129
2041	84317
2042	84523
2043	84704
2044	84857
2045	84966
2046	85069
2047	85232
2048	85376
2049	85525
2050	85670
2051	85798
2052	85894
2053	85982
2054	86120
2055	86244
2056	86360
2057	86486
2058	86595
2059	86677
2060	86762
2061	86868
2062	86985
2063	87097
2064	87207
2065	87319
2066	87384
2067	87478
2068	87566
2069	87687
2070	87779
2071	87887
2072	87972
2073	88029
2074	88089
2075	88168
2076	88232
2077	88321
2078	88410
2079	88492
2080	88550
2081	88602
2082	88724
2083	89054
2084	89368
2085	89591
2086	89771
2087	89923
2088	90052
2089	90231
2090	90435
2091	90618
2092	90768
2093	90920
2094	91032
2095	91149
2096	91281
2097	91419
2098	91547
2099	91657
2100	91782
2101	91868
2102	91956
2103	92051
2104	92150
2105	92269
2106	92405
2107	92524
2108	92597
2109	92665
2110	92762
2111	92873
2112	92995
2113	93103
2114	93162
2115	93210
2116	93275
2117	93357
2118	93459
2119	93572
2120	93663
2121	93753
2122	93806
2123	93854
2124	93934
2125	94021
2126	94116
2127	94196
2128	94280
2129	94318
2130	94357
2131	94430
2132	94515
2133	94594
2134	94678
2135	94745
2136	94793
2137	94849
2138	95116
2139	95401
2140	95623
2141	95836
2142	96011
2143	96114
2144	96214
2145	96382
2146	96540
2147	96714
2148	96871
2149	97018
2150	97092
2151	97181
2152	97322
2153	97453
2154	97600
2155	97746
2156	97879
2157	97936
2158	97997
2159	98108
2160	98223
2161	98347
2162	98445
2163	98519
2164	98573
2165	98627
2166	98749
2167	98868
2168	98980
2169	99117
2170	99230
2171	99282
2172	99339
2173	99441
2174	99548
2175	99646
2176	99759
2177	99859
2178	99908
2179	99961
2180	100078
2181	100200
2182	100305
2183	100412
2184	100509
2185	100568
2186	100628
2187	100718
2188	100805
2189	100887
2190	100959
2191	101030
2192	101070
2193	101114
2194	101187
2195	101257
2196	101434
2197	101743
2198	102003
2199	102131
2200	102265
2201	102476
2202	102664
2203	102857
2204	103019
2205	103160
2206	103233
2207	103314
2208	103446
2209	103597
2210	103737
2211	103888
2212	103986
2213	104055
2214	104145
2215	104240
2216	104371
2217	104491
2218	104619
2219	104726
2220	104798
2221	104869
2222	104977
2223	105087
2224	105180
2225	105305
2226	105400
2227	105464
2228	105538
2229	105624
2230	105724
2231	105840
2232	105946
2233	106044
2234	106107
2235	106177
2236	106260
2237	106349
2238	106453
2239	106541
2240	106652
2241	106715
2242	106773
2243	106865
2244	106966
2245	107066
2246	107145
2247	107240
2248	107283
2249	107349
2250	107423
2251	107506
2252	107594
2253	107679
2254	107755
2255	107800
2256	107865
2257	108098
2258	108383
2259	108648
2260	108871
2261	109109
2262	109235
2263	109368
2264	109565
2265	109736
2266	109914
2267	110088
2268	110231
2269	110325
2270	110413
2271	110571
2272	110739
2273	110885
2274	111036
2275	111146
2276	111231
2277	111329
2278	111477
2279	111604
2280	111747
2281	111885
2282	112014
2283	112083
2284	112173
2285	112293
2286	112433
2287	112562
2288	112687
2289	112787
2290	112867
2291	112943
2292	113046
2293	113171
2294	113272
2295	113381
2296	113493
2297	113566
2298	113641
2299	113725
2300	113841
2301	113942
2302	114062
2303	114157
2304	114249
2305	114330
2306	114429
2307	114528
2308	114607
2309	114680
2310	114753
2311	114821
2312	114894
2313	114967
2314	115049
2315	115403
2316	115704
2317	115953
2318	116103
2319	116268
2320	116478
2321	116681
2322	116855
2323	117058
2324	117232
2325	117342
2326	117459
2327	117602
2328	117749
2329	117902
2330	118059
2331	118173
2332	118246
2333	118320
2334	118436
2335	118543
2336	118621
2337	118681
2338	118760
2339	118839
2340	118907
2341	119009
2342	119099
2343	119192
2344	119250
2345	119339
2346	119412
2347	119491
2348	119596
2349	119721
2350	119842
2351	119970
2352	120082
2353	120145
2354	120226
2355	120329
2356	120447
2357	120549
2358	120669
2359	120785
2360	120855
2361	120929
2362	121036
2363	121149
2364	121263
2365	121379
2366	121476
2367	121551
2368	121614
2369	121711
2370	121795
2371	121916
2372	122007
2373	122102
2374	122164
2375	122225
2376	122305
2377	122389
2378	122788
2379	123066
2380	123322
2381	123494
2382	123639
2383	123881
2384	124112
2385	124347
2386	124558
2387	124768
2388	124885
2389	124997
2390	125159
2391	125323
2392	125483
2393	125679
2394	125836
2395	125952
2396	126075
2397	126235
2398	126415
2399	126598
2400	126759
2401	126890
2402	126979
2403	127096
2404	127240
2405	127377
2406	127527
2407	127681
2408	127820
2409	127914
2410	128018
2411	128154
2412	128313
2413	128478
2414	128628
2415	128744
2416	128831
2417	128911
2418	129024
2419	129175
2420	129314
2421	129418
2422	129528
2423	129601
2424	129680
2425	129786
2426	129938
2427	130078
2428	130223
2429	130330
2430	130394
2431	130456
2432	130545
2433	130940
2434	131283
2435	131567
2436	131813
2437	131979
2438	132142
2439	132368
2440	132598
2441	132840
2442	133085
2443	133314
2444	133463
2445	133605
2446	133794
2447	134011
2448	134234
2449	134441
2450	134633
2451	134745
2452	134872
2453	135048
2454	135248
2455	135441
2456	135631
2457	135790
2458	135897
2459	136030
2460	136182
2461	136361
2462	136538
2463	136716
2464	136825
2465	136913
2466	137019
2467	137159
2468	137316
2469	137460
2470	137595
2471	137742
2472	137817
2473	137908
2474	138009
2475	138136
2476	138259
2477	138379
2478	138505
2479	138585
2480	138670
2481	138784
2482	138915
2483	139048
2484	139163
2485	139266
2486	139475
2487	139696
2488	139971
2489	140312
2490	140633
2491	140928
2492	141180
2493	141326
2494	141478
2495	141691
2496	141936
2497	142174
2498	142416
2499	142666
2500	142792
2501	142906
2502	143099
2503	143317
2504	143508
2505	143696
2506	143852
2507	143944
2508	144045
2509	144218
2510	144408
2511	144594
2512	144764
2513	144937
2514	145035
2515	145128
2516	145274
2517	145449
2518	145613
2519	145780
2520	145934
2521	146016
2522	146103
2523	146248
2524	146406
2525	146549
2526	146701
2527	146804
2528	146890
2529	146981
2530	147094
2531	147240
2532	147401
2533	147561
2534	147680
2535	147757
2536	147828
2537	147958
2538	148088
2539	148218
2540	148502
2541	148883
2542	149066
2543	149254
2544	149563
2545	149892
2546	150205
2547	150474
2548	150738
2549	150865
2550	150990
2551	151255
2552	151517
2553	151753
2554	151997
2555	152200
2556	152288
2557	152406
2558	152590
2559	152796
2560	152985
2561	153212
2562	153358
2563	153443
2564	153554
2565	153716
2566	153886
2567	154069
2568	154237
2569	154370
2570	154455
2571	154544
2572	154684
2573	154850
2574	155001
2575	155166
2576	155299
2577	155380
2578	155447
2579	155587
2580	155738
2581	155882
2582	156016
2583	156146
2584	156228
2585	156303
2586	156423
2587	156545
2588	156680
2589	156822
2590	156941
2591	157001
2592	157101
2593	157187
2594	157292
2595	157383
2596	157664
2597	158016
2598	158249
2599	158443
2600	158743
2601	159049
2602	159332
2603	159574
2604	159812
2605	159964
2606	160103
2607	160315
2608	160564
2609	160799
2610	161043
2611	161219
2612	161356
2613	161469
2614	161634
2615	161850
2616	162036
2617	162206
2618	162363
2619	162492
2620	162605
2621	162799
2622	162990
2623	163177
2624	163380
2625	163558
2626	163678
2627	163802
2628	163977
2629	164149
2630	164323
2631	164511
2632	164653
2633	164782
2634	164889
2635	165026
2636	165204
2637	165360
2638	165541
2639	165695
2640	165815
2641	165921
2642	166060
2643	166199
2644	166349
2645	166529
2646	166651
2647	166746
2648	166830
2649	166969
2650	167095
2651	167242
2652	167429
2653	167858
2654	168114
2655	168339
2656	168701
2657	169037
2658	169357
2659	169676
2660	169964
2661	170140
2662	170338
2663	170590
2664	170864
2665	171140
2666	171429
2667	171647
2668	171803
2669	171989
2670	172223
2671	172456
2672	172689
2673	172892
2674	173089
2675	173223
2676	173363
2677	173596
2678	173792
2679	174027
2680	174263
2681	174436
2682	174571
2683	174727
2684	174913
2685	175112
2686	175280
2687	175468
2688	175622
2689	175745
2690	175879
2691	176033
2692	176205
2693	176384
2694	176538
2695	176672
2696	176748
2697	176851
2698	176993
2699	177135
2700	177276
2701	177378
2702	177446
2703	177506
2704	177577
2705	177663
2706	177801
2707	177906
2708	177995
2709	178055
2710	178145
2711	178231
2712	178341
2713	178773
2714	179152
2715	179554
2716	179883
2717	180070
2718	180270
2719	180527
2720	180822
2721	181104
2722	181373
2723	181650
2724	181817
2725	182006
2726	182261
2727	182524
2728	182807
2729	183034
2730	183265
2731	183430
2732	183615
2733	183830
2734	184040
2735	184305
2736	184533
2737	184740
2738	184883
2739	185029
2740	185242
2741	185473
2742	185711
2743	185930
2744	186149
2745	186306
2746	186463
2747	186666
2748	186883
2749	187111
2750	187350
2751	187564
2752	187705
2753	187844
2754	188062
2755	188308
2756	188552
2757	188783
2758	188971
2759	189105
2760	189262
2761	189446
2762	189677
2763	189904
2764	190119
2765	190543
2766	190857
2767	191190
2768	191658
2769	192133
2770	192641
2771	193095
2772	193444
2773	193679
2774	193707
