1	1
2	1
3	2
4	2
5	2
6	2
7	2
8	2
9	2
10	2
11	2
12	2
13	2
14	2
15	2
16	2
17	2
18	2
19	2
20	2
21	2
22	2
23	2
24	2
25	2
26	2
27	2
28	2
29	2
30	2
31	2
32	2
33	2
34	2
35	2
36	2
37	2
38	2
39	2
40	2
41	2
42	2
43	2
44	2
45	2
46	2
47	3
48	3
49	3
50	3
51	3
52	3
53	3
54	3
55	3
56	3
57	3
58	3
59	3
60	3
61	3
62	3
63	3
64	3
65	3
66	3
67	3
68	3
69	3
70	3
71	3
72	3
73	3
74	3
75	3
76	3
77	3
78	3
79	3
80	3
81	3
82	3
83	3
84	3
85	3
86	3
87	4
88	4
89	4
90	4
91	4
92	4
93	4
94	4
95	4
96	4
97	4
98	4
99	4
100	4
101	4
102	4
103	4
104	4
105	4
106	4
107	4
108	4
109	4
110	4
111	4
112	4
113	4
114	5
115	5
116	5
117	5
118	5
119	5
120	5
121	5
122	5
123	5
124	5
125	5
126	5
127	5
128	6
129	6
130	6
131	6
132	6
133	6
134	6
135	6
136	6
137	6
138	7
139	7
140	8
141	8
142	8
143	8
144	9
145	9
146	9
147	9
148	9
149	9
150	9
151	9
152	9
153	10
154	10
155	10
156	10
157	10
158	11
159	11
160	11
161	11
162	12
163	12
164	12
165	12
166	12
167	12
168	12
169	12
170	12
171	12
172	12
173	12
174	12
175	12
176	12
177	12
178	12
179	12
180	12
181	12
182	13
183	13
184	13
185	13
186	13
187	13
188	13
189	13
190	13
191	13
192	13
193	13
194	13
195	13
196	13
197	14
198	14
199	14
200	14
201	14
202	14
203	14
204	14
205	14
206	14
207	15
208	15
209	15
210	15
211	15
212	15
213	15
214	15
215	15
216	15
217	15
218	15
219	15
220	15
221	15
222	16
223	16
224	16
225	16
226	16
227	17
228	17
229	17
230	17
231	17
232	17
233	17
234	17
235	17
236	17
237	17
238	17
239	17
240	18
241	18
242	18
243	18
244	18
245	19
246	19
247	19
248	19
249	19
250	19
251	19
252	19
253	19
254	19
255	19
256	19
257	19
258	19
259	20
260	20
261	20
262	20
263	20
264	20
265	20
266	20
267	20
268	20
269	20
270	20
271	20
272	20
273	20
274	20
275	21
276	21
277	21
278	21
279	21
280	21
281	21
282	21
283	21
284	21
285	21
286	21
287	21
288	21
289	21
290	21
291	21
292	21
293	21
294	22
295	23
296	24
297	24
298	24
299	24
300	24
301	24
302	24
303	24
304	25
305	26
306	26
307	26
308	26
309	26
310	28
311	29
312	29
313	29
314	29
315	29
316	29
317	29
318	30
319	30
320	30
321	30
322	30
323	30
324	31
325	31
326	32
327	32
328	32
329	32
330	32
331	32
332	33
333	34
334	34
335	34
336	34
337	34
338	34
339	35
340	37
341	37
342	38
343	38
344	40
345	41
346	41
347	41
348	42
349	43
350	45
351	45
352	45
353	47
354	48
355	49
356	50
357	51
358	58
359	60
360	60
361	62
362	62
363	62
364	64
365	64
366	64
367	64
368	64
369	66
370	66
371	66
372	66
373	67
374	67
375	67
376	68
377	69
378	69
379	70
380	70
381	70
382	71
383	71
384	71
385	71
386	72
387	73
388	74
389	75
390	76
391	76
392	77
393	77
394	77
395	77
396	79
397	79
398	79
399	80
400	80
401	80
402	82
403	83
404	83
405	84
406	84
407	85
408	85
409	88
410	89
411	91
412	91
413	92
414	93
415	96
416	96
417	97
418	97
419	97
420	99
421	99
422	100
423	103
424	103
425	103
426	103
427	103
428	103
429	104
430	105
431	105
432	105
433	107
434	108
435	108
436	108
437	109
438	110
439	112
440	112
441	112
442	113
443	113
444	116
445	118
446	119
447	119
448	122
449	124
450	125
451	125
452	129
453	129
454	130
455	132
456	133
457	133
458	134
459	134
460	135
461	135
462	135
463	135
464	137
465	137
466	137
467	138
468	138
469	140
470	142
471	142
472	142
473	142
474	142
475	143
476	144
477	144
478	144
479	145
480	145
481	145
482	145
483	149
484	152
485	153
486	154
487	155
488	155
489	155
490	156
491	156
492	160
493	162
494	162
495	164
496	167
497	169
498	169
499	169
500	171
501	171
502	171
503	171
504	173
505	174
506	177
507	178
508	178
509	178
510	178
511	178
512	179
513	179
514	180
515	180
516	180
517	181
518	181
519	183
520	183
521	184
522	185
523	186
524	186
525	187
526	189
527	191
528	192
529	192
530	192
531	192
532	194
533	195
534	199
535	200
536	202
537	202
538	203
539	205
540	205
541	205
542	205
543	205
544	205
545	207
546	207
547	209
548	211
549	214
550	217
551	218
552	218
553	218
554	219
555	221
556	221
557	222
558	222
559	222
560	224
561	224
562	224
563	225
564	225
565	226
566	227
567	227
568	227
569	228
570	229
571	230
572	231
573	233
574	234
575	241
576	245
577	247
578	248
579	251
580	252
581	255
582	256
583	261
584	261
585	261
586	261
587	261
588	262
589	262
590	262
591	262
592	262
593	262
594	262
595	264
596	264
597	267
598	268
599	269
600	270
601	270
602	272
603	272
604	273
605	273
606	274
607	274
608	274
609	274
610	275
611	276
612	276
613	277
614	278
615	279
616	284
617	287
618	288
619	289
620	291
621	291
622	291
623	291
624	292
625	294
626	295
627	295
628	295
629	295
630	295
631	296
632	296
633	297
634	298
635	299
636	299
637	300
638	300
639	302
640	303
641	305
642	306
643	306
644	310
645	312
646	314
647	316
648	316
649	317
650	317
651	321
652	322
653	328
654	331
655	332
656	333
657	333
658	335
659	338
660	341
661	343
662	346
663	347
664	349
665	351
666	355
667	357
668	357
669	360
670	361
671	361
672	363
673	365
674	368
675	371
676	372
677	372
678	372
679	377
680	378
681	380
682	381
683	383
684	383
685	383
686	384
687	385
688	389
689	395
690	398
691	398
692	398
693	406
694	410
695	414
696	415
697	419
698	419
699	420
700	422
701	425
702	428
703	429
704	430
705	430
706	431
707	433
708	434
709	436
710	436
711	437
712	439
713	439
714	439
715	440
716	442
717	442
718	443
719	443
720	443
721	444
722	445
723	448
724	453
725	460
726	463
727	466
728	467
729	471
730	476
731	477
732	478
733	479
734	479
735	481
736	482
737	486
738	487
739	489
740	489
741	491
742	491
743	492
744	494
745	495
746	496
747	497
748	497
749	499
750	499
751	500
752	502
753	503
754	503
755	503
756	503
757	505
758	507
759	513
760	516
761	517
762	519
763	521
764	521
765	522
766	525
767	529
768	531
769	531
770	534
771	536
772	539
773	542
774	543
775	543
776	544
777	547
778	548
779	550
780	550
781	552
782	553
783	554
784	555
785	556
786	560
787	560
788	561
789	563
790	565
791	566
792	571
793	580
794	587
795	592
796	593
797	594
798	596
799	598
800	599
801	600
802	602
803	604
804	605
805	606
806	608
807	611
808	616
809	616
810	618
811	619
812	622
813	625
814	628
815	631
816	632
817	633
818	633
819	634
820	637
821	639
822	643
823	649
824	649
825	650
826	652
827	656
828	658
829	660
830	660
831	661
832	661
833	661
834	663
835	665
836	666
837	667
838	669
839	669
840	669
841	670
842	671
843	674
844	676
845	676
846	677
847	680
848	681
849	682
850	686
851	688
852	689
853	690
854	691
855	704
856	712
857	717
858	718
859	721
860	722
861	725
862	725
863	726
864	727
865	729
866	729
867	730
868	732
869	734
870	737
871	741
872	743
873	747
874	748
875	751
876	752
877	754
878	758
879	758
880	760
881	763
882	768
883	776
884	781
885	788
886	793
887	794
888	795
889	803
890	808
891	809
892	815
893	817
894	819
895	821
896	823
897	827
898	830
899	833
900	838
901	838
902	839
903	844
904	846
905	857
906	863
907	868
908	870
909	870
910	875
911	878
912	882
913	883
914	892
915	894
916	894
917	897
918	897
919	901
920	904
921	905
922	907
923	908
924	909
925	915
926	919
927	925
928	938
929	942
930	950
931	955
932	964
933	972
934	975
935	982
936	984
937	985
938	986
939	993
940	996
941	998
942	1001
943	1002
944	1004
945	1008
946	1012
947	1017
948	1020
949	1024
950	1026
951	1029
952	1034
953	1048
954	1053
955	1055
956	1060
957	1064
958	1066
959	1069
960	1076
961	1083
962	1087
963	1092
964	1093
965	1095
966	1097
967	1101
968	1104
969	1108
970	1111
971	1112
972	1113
973	1115
974	1130
975	1146
976	1156
977	1160
978	1162
979	1163
980	1169
981	1170
982	1175
983	1182
984	1186
985	1188
986	1190
987	1194
988	1200
989	1203
990	1208
991	1212
992	1213
993	1216
994	1216
995	1222
996	1228
997	1235
998	1241
999	1242
1000	1245
1001	1250
1002	1257
1003	1261
1004	1272
1005	1275
1006	1275
1007	1276
1008	1280
1009	1286
1010	1291
1011	1295
1012	1296
1013	1298
1014	1301
1015	1304
1016	1311
1017	1314
1018	1316
1019	1318
1020	1326
1021	1329
1022	1332
1023	1340
1024	1350
1025	1356
1026	1360
1027	1362
1028	1365
1029	1368
1030	1371
1031	1378
1032	1385
1033	1390
1034	1393
1035	1394
1036	1397
1037	1403
1038	1407
1039	1411
1040	1415
1041	1415
1042	1418
1043	1423
1044	1440
1045	1452
1046	1456
1047	1458
1048	1459
1049	1460
1050	1464
1051	1469
1052	1470
1053	1473
1054	1482
1055	1483
1056	1487
1057	1489
1058	1491
1059	1495
1060	1497
1061	1505
1062	1506
1063	1508
1064	1511
1065	1519
1066	1529
1067	1539
1068	1549
1069	1550
1070	1553
1071	1559
1072	1566
1073	1567
1074	1573
1075	1579
1076	1579
1077	1582
1078	1590
1079	1596
1080	1599
1081	1604
1082	1605
1083	1608
1084	1608
1085	1608
1086	1611
1087	1618
1088	1630
1089	1635
1090	1640
1091	1642
1092	1650
1093	1655
1094	1664
1095	1669
1096	1676
1097	1682
1098	1684
1099	1689
1100	1695
1101	1701
1102	1706
1103	1711
1104	1714
1105	1716
1106	1723
1107	1724
1108	1727
1109	1731
1110	1742
1111	1748
1112	1754
1113	1759
1114	1762
1115	1770
1116	1773
1117	1777
1118	1778
1119	1779
1120	1785
1121	1790
1122	1795
1123	1801
1124	1805
1125	1806
1126	1809
1127	1810
1128	1818
1129	1819
1130	1823
1131	1828
1132	1830
1133	1842
1134	1856
1135	1869
1136	1875
1137	1878
1138	1887
1139	1891
1140	1895
1141	1900
1142	1902
1143	1907
1144	1908
1145	1909
1146	1912
1147	1913
1148	1915
1149	1916
1150	1920
1151	1922
1152	1924
1153	1927
1154	1928
1155	1939
1156	1954
1157	1964
1158	1973
1159	1977
1160	1980
1161	1982
1162	1988
1163	1990
1164	1994
1165	1997
1166	1999
1167	2003
1168	2006
1169	2008
1170	2011
1171	2015
1172	2019
1173	2024
1174	2026
1175	2028
1176	2031
1177	2048
1178	2056
1179	2063
1180	2068
1181	2070
1182	2073
1183	2082
1184	2088
1185	2092
1186	2099
1187	2103
1188	2106
1189	2108
1190	2112
1191	2116
1192	2121
1193	2124
1194	2128
1195	2128
1196	2128
1197	2130
1198	2133
1199	2144
1200	2147
1201	2152
1202	2152
1203	2154
1204	2156
1205	2166
1206	2172
1207	2177
1208	2181
1209	2181
1210	2184
1211	2188
1212	2194
1213	2196
1214	2201
1215	2207
1216	2209
1217	2211
1218	2211
1219	2214
1220	2224
1221	2242
1222	2249
1223	2257
1224	2262
1225	2276
1226	2281
1227	2291
1228	2294
1229	2298
1230	2298
1231	2300
1232	2302
1233	2305
1234	2311
1235	2323
1236	2326
1237	2326
1238	2330
1239	2336
1240	2342
1241	2356
1242	2369
1243	2377
1244	2380
1245	2388
1246	2394
1247	2404
1248	2411
1249	2415
1250	2419
1251	2423
1252	2426
1253	2431
1254	2438
1255	2443
1256	2447
1257	2455
1258	2463
1259	2471
1260	2480
1261	2489
1262	2504
1263	2509
1264	2516
1265	2520
1266	2521
1267	2528
1268	2540
1269	2549
1270	2557
1271	2564
1272	2566
1273	2570
1274	2577
1275	2583
1276	2603
1277	2613
1278	2623
1279	2628
1280	2632
1281	2643
1282	2646
1283	2657
1284	2660
1285	2667
1286	2671
1287	2677
1288	2681
1289	2683
1290	2686
1291	2694
1292	2698
1293	2703
1294	2719
1295	2735
1296	2750
1297	2764
1298	2770
1299	2776
1300	2779
1301	2784
1302	2787
1303	2795
1304	2804
1305	2808
1306	2815
1307	2820
1308	2823
1309	2827
1310	2831
1311	2834
1312	2857
1313	2868
1314	2873
1315	2878
1316	2888
1317	2897
1318	2910
1319	2915
1320	2918
1321	2920
1322	2922
1323	2927
1324	2931
1325	2935
1326	2947
1327	2954
1328	2956
1329	2963
1330	2977
1331	2996
1332	3006
1333	3019
1334	3031
1335	3035
1336	3042
1337	3049
1338	3056
1339	3060
1340	3066
1341	3073
1342	3073
1343	3077
1344	3081
1345	3088
1346	3089
1347	3095
1348	3120
1349	3130
1350	3134
1351	3138
1352	3151
1353	3164
1354	3179
1355	3182
1356	3188
1357	3192
1358	3202
1359	3215
1360	3224
1361	3234
1362	3239
1363	3240
1364	3242
1365	3245
1366	3252
1367	3277
1368	3291
1369	3306
1370	3310
1371	3316
1372	3320
1373	3332
1374	3342
1375	3353
1376	3360
1377	3363
1378	3367
1379	3370
1380	3376
1381	3381
1382	3383
1383	3386
1384	3401
1385	3411
1386	3427
1387	3439
1388	3447
1389	3465
1390	3477
1391	3481
1392	3483
1393	3492
1394	3501
1395	3509
1396	3514
1397	3516
1398	3518
1399	3521
1400	3523
1401	3531
1402	3563
1403	3587
1404	3604
1405	3609
1406	3612
1407	3621
1408	3632
1409	3644
1410	3651
1411	3658
1412	3660
1413	3662
1414	3671
1415	3679
1416	3684
1417	3691
1418	3708
1419	3714
1420	3719
1421	3732
1422	3742
1423	3753
1424	3760
1425	3769
1426	3772
1427	3773
1428	3778
1429	3786
1430	3792
1431	3802
1432	3810
1433	3812
1434	3814
1435	3819
1436	3841
1437	3863
1438	3876
1439	3889
1440	3895
1441	3897
1442	3900
1443	3903
1444	3910
1445	3921
1446	3923
1447	3926
1448	3929
1449	3932
1450	3934
1451	3943
1452	3950
1453	3968
1454	3983
1455	3988
1456	3998
1457	4014
1458	4026
1459	4036
1460	4044
1461	4051
1462	4053
1463	4059
1464	4074
1465	4081
1466	4088
1467	4094
1468	4098
1469	4103
1470	4108
1471	4126
1472	4147
1473	4160
1474	4179
1475	4188
1476	4193
1477	4203
1478	4216
1479	4225
1480	4232
1481	4246
1482	4253
1483	4258
1484	4269
1485	4276
1486	4279
1487	4302
1488	4322
1489	4326
1490	4333
1491	4347
1492	4358
1493	4373
1494	4376
1495	4385
1496	4393
1497	4400
1498	4412
1499	4428
1500	4438
1501	4449
1502	4456
1503	4458
1504	4472
1505	4496
1506	4514
1507	4526
1508	4535
1509	4547
1510	4556
1511	4560
1512	4571
1513	4574
1514	4582
1515	4590
1516	4601
1517	4605
1518	4609
1519	4617
1520	4630
1521	4667
1522	4692
1523	4707
1524	4719
1525	4730
1526	4745
1527	4759
1528	4771
1529	4778
1530	4783
1531	4793
1532	4800
1533	4805
1534	4810
1535	4817
1536	4828
1537	4854
1538	4861
1539	4877
1540	4893
1541	4909
1542	4920
1543	4932
1544	4946
1545	4949
1546	4952
1547	4959
1548	4969
1549	4983
1550	4995
1551	5003
1552	5010
1553	5026
1554	5051
1555	5065
1556	5076
1557	5088
1558	5105
1559	5108
1560	5112
1561	5117
1562	5120
1563	5125
1564	5133
1565	5139
1566	5144
1567	5148
1568	5151
1569	5153
1570	5156
1571	5164
1572	5184
1573	5193
1574	5201
1575	5219
1576	5232
1577	5244
1578	5269
1579	5277
1580	5282
1581	5293
1582	5296
1583	5309
1584	5322
1585	5329
1586	5342
1587	5353
1588	5375
1589	5403
1590	5422
1591	5448
1592	5464
1593	5475
1594	5482
1595	5491
1596	5501
1597	5513
1598	5523
1599	5542
1600	5551
1601	5556
1602	5564
1603	5599
1604	5633
1605	5659
1606	5681
1607	5705
1608	5711
1609	5718
1610	5730
1611	5746
1612	5757
1613	5771
1614	5779
1615	5788
1616	5793
1617	5821
1618	5857
1619	5890
1620	5916
1621	5935
1622	5942
1623	5949
1624	5963
1625	5978
1626	5998
1627	6010
1628	6024
1629	6034
1630	6040
1631	6079
1632	6117
1633	6144
1634	6174
1635	6194
1636	6201
1637	6212
1638	6225
1639	6234
1640	6248
1641	6265
1642	6277
1643	6288
1644	6299
1645	6341
1646	6379
1647	6400
1648	6421
1649	6437
1650	6443
1651	6454
1652	6466
1653	6486
1654	6496
1655	6512
1656	6522
1657	6526
1658	6543
1659	6573
1660	6600
1661	6632
1662	6649
1663	6670
1664	6676
1665	6681
1666	6703
1667	6720
1668	6738
1669	6750
1670	6756
1671	6770
1672	6793
1673	6823
1674	6848
1675	6872
1676	6895
1677	6906
1678	6918
1679	6928
1680	6939
1681	6951
1682	6964
1683	6976
1684	6989
1685	7000
1686	7012
1687	7047
1688	7065
1689	7088
1690	7117
1691	7132
1692	7136
1693	7146
1694	7157
1695	7170
1696	7180
1697	7188
1698	7197
1699	7204
1700	7210
1701	7253
1702	7288
1703	7319
1704	7338
1705	7368
1706	7374
1707	7379
1708	7392
1709	7407
1710	7427
1711	7437
1712	7453
1713	7458
1714	7462
1715	7475
1716	7507
1717	7541
1718	7568
1719	7590
1720	7600
1721	7605
1722	7622
1723	7636
1724	7653
1725	7665
1726	7679
1727	7687
1728	7696
1729	7703
1730	7752
1731	7781
1732	7807
1733	7828
1734	7839
1735	7851
1736	7876
1737	7895
1738	7908
1739	7924
1740	7935
1741	7941
1742	7947
1743	7958
1744	7992
1745	8027
1746	8060
1747	8089
1748	8097
1749	8108
1750	8124
1751	8143
1752	8156
1753	8163
1754	8176
1755	8182
1756	8184
1757	8191
1758	8201
1759	8251
1760	8287
1761	8308
1762	8312
1763	8325
1764	8347
1765	8368
1766	8384
1767	8400
1768	8415
1769	8418
1770	8425
1771	8438
1772	8445
1773	8491
1774	8524
1775	8545
1776	8554
1777	8562
1778	8580
1779	8597
1780	8613
1781	8628
1782	8636
1783	8643
1784	8646
1785	8659
1786	8691
1787	8733
1788	8769
1789	8785
1790	8790
1791	8797
1792	8809
1793	8829
1794	8839
1795	8854
1796	8868
1797	8873
1798	8881
1799	8892
1800	8906
1801	8950
1802	8983
1803	9005
1804	9016
1805	9026
1806	9047
1807	9062
1808	9081
1809	9096
1810	9110
1811	9112
1812	9118
1813	9124
1814	9136
1815	9180
1816	9203
1817	9227
1818	9238
1819	9253
1820	9269
1821	9281
1822	9295
1823	9308
1824	9324
1825	9327
1826	9334
1827	9354
1828	9366
1829	9399
1830	9425
1831	9441
1832	9449
1833	9463
1834	9482
1835	9497
1836	9518
1837	9530
1838	9544
1839	9549
1840	9554
1841	9568
1842	9578
1843	9613
1844	9643
1845	9665
1846	9679
1847	9690
1848	9707
1849	9726
1850	9748
1851	9766
1852	9777
1853	9784
1854	9792
1855	9807
1856	9824
1857	9867
1858	9905
1859	9930
1860	9943
1861	9959
1862	9968
1863	9989
1864	10008
1865	10021
1866	10038
1867	10045
1868	10048
1869	10063
1870	10095
1871	10141
1872	10163
1873	10185
1874	10199
1875	10210
1876	10235
1877	10244
1878	10258
1879	10283
1880	10301
1881	10308
1882	10317
1883	10332
1884	10385
1885	10421
1886	10446
1887	10464
1888	10475
1889	10486
1890	10504
1891	10523
1892	10541
1893	10560
1894	10568
1895	10575
1896	10585
1897	10632
1898	10674
1899	10700
1900	10720
1901	10736
1902	10750
1903	10761
1904	10783
1905	10805
1906	10819
1907	10834
1908	10848
1909	10855
1910	10892
1911	10934
1912	10969
1913	11009
1914	11036
1915	11057
1916	11063
1917	11071
1918	11089
1919	11104
1920	11115
1921	11129
1922	11163
1923	11191
1924	11201
1925	11217
1926	11229
1927	11236
1928	11246
1929	11257
1930	11259
1931	11267
1932	11277
1933	11290
1934	11298
1935	11308
1936	11315
1937	11320
1938	11327
1939	11333
1940	11376
1941	11414
1942	11446
1943	11468
1944	11481
1945	11488
1946	11506
1947	11523
1948	11540
1949	11560
1950	11577
1951	11584
1952	11592
1953	11637
1954	11689
1955	11718
1956	11741
1957	11766
1958	11774
1959	11788
1960	11815
1961	11828
1962	11849
1963	11861
1964	11870
1965	11898
1966	11929
1967	11977
1968	12016
1969	12047
1970	12081
1971	12104
1972	12112
1973	12121
1974	12143
1975	12158
1976	12177
1977	12225
1978	12284
1979	12304
1980	12327
1981	12356
1982	12377
1983	12404
1984	12432
1985	12452
1986	12462
1987	12472
1988	12488
1989	12532
1990	12592
1991	12635
1992	12659
1993	12672
1994	12692
1995	12712
1996	12735
1997	12756
1998	12777
1999	12801
2000	12810
2001	12847
2002	12910
2003	12959
2004	12998
2005	13027
2006	13057
2007	13074
2008	13089
2009	13107
2010	13130
2011	13140
2012	13158
2013	13229
2014	13247
2015	13268
2016	13294
2017	13321
2018	13347
2019	13368
2020	13388
2021	13404
2022	13415
2023	13437
2024	13448
2025	13508
2026	13560
2027	13598
2028	13616
2029	13641
2030	13669
2031	13689
2032	13731
2033	13756
2034	13775
2035	13788
2036	13797
2037	13818
2038	13878
2039	13904
2040	13937
2041	13962
2042	13974
2043	13995
2044	14011
2045	14038
2046	14060
2047	14088
2048	14103
2049	14118
2050	14129
2051	14195
2052	14234
2053	14267
2054	14299
2055	14329
2056	14343
2057	14362
2058	14390
2059	14403
2060	14430
2061	14452
2062	14468
2063	14479
2064	14512
2065	14565
2066	14612
2067	14648
2068	14690
2069	14716
2070	14735
2071	14748
2072	14766
2073	14789
2074	14810
2075	14825
2076	14851
2077	14862
2078	14889
2079	14932
2080	14976
2081	15015
2082	15039
2083	15067
2084	15080
2085	15092
2086	15112
2087	15137
2088	15158
2089	15174
2090	15195
2091	15205
2092	15210
2093	15266
2094	15318
2095	15364
2096	15400
2097	15433
2098	15443
2099	15453
2100	15475
2101	15501
2102	15530
2103	15552
2104	15578
2105	15582
2106	15596
2107	15614
2108	15686
2109	15733
2110	15778
2111	15802
2112	15814
2113	15822
2114	15849
2115	15868
2116	15892
2117	15918
2118	15939
2119	15945
2120	15959
2121	15980
2122	16002
2123	16070
2124	16113
2125	16161
2126	16175
2127	16189
2128	16210
2129	16250
2130	16275
2131	16293
2132	16318
2133	16327
2134	16332
2135	16353
2136	16372
2137	16447
2138	16509
2139	16542
2140	16555
2141	16576
2142	16596
2143	16617
2144	16639
2145	16660
2146	16681
2147	16688
2148	16699
2149	16719
2150	16739
2151	16782
2152	16829
2153	16865
2154	16885
2155	16905
2156	16936
2157	16968
2158	16991
2159	17011
2160	17023
2161	17029
2162	17039
2163	17054
2164	17070
2165	17094
2166	17145
2167	17194
2168	17215
2169	17237
2170	17266
2171	17299
2172	17317
2173	17345
2174	17365
2175	17374
2176	17381
2177	17394
2178	17404
2179	17427
2180	17442
2181	17474
2182	17518
2183	17532
2184	17582
2185	17614
2186	17639
2187	17670
2188	17692
2189	17703
2190	17720
2191	17735
2192	17750
2193	17768
2194	17785
2195	17801
2196	17812
2197	17854
2198	17902
2199	17945
2200	17967
2201	17998
2202	18016
2203	18026
2204	18038
2205	18055
2206	18078
2207	18103
2208	18125
2209	18138
2210	18150
2211	18164
2212	18233
2213	18280
2214	18322
2215	18366
2216	18395
2217	18414
2218	18432
2219	18471
2220	18490
2221	18515
2222	18546
2223	18555
2224	18567
2225	18579
2226	18599
2227	18675
2228	18719
2229	18749
2230	18798
2231	18814
2232	18832
2233	18864
2234	18887
2235	18903
2236	18922
2237	18945
2238	18957
2239	18967
2240	18997
2241	19056
2242	19112
2243	19158
2244	19204
2245	19227
2246	19240
2247	19272
2248	19292
2249	19322
2250	19345
2251	19364
2252	19380
2253	19402
2254	19427
2255	19469
2256	19533
2257	19570
2258	19602
2259	19627
2260	19647
2261	19674
2262	19711
2263	19734
2264	19749
2265	19766
2266	19776
2267	19792
2268	19805
2269	19824
2270	19911
2271	19968
2272	20018
2273	20043
2274	20065
2275	20093
2276	20123
2277	20145
2278	20173
2279	20199
2280	20206
2281	20218
2282	20236
2283	20250
2284	20307
2285	20360
2286	20391
2287	20398
2288	20421
2289	20442
2290	20463
2291	20471
2292	20476
2293	20488
2294	20497
2295	20510
2296	20529
2297	20538
2298	20548
2299	20551
2300	20561
2301	20570
2302	20576
2303	20606
2304	20672
2305	20711
2306	20750
2307	20778
2308	20791
2309	20808
2310	20837
2311	20866
2312	20897
2313	20924
2314	20946
2315	20956
2316	20967
2317	20986
2318	21039
2319	21103
2320	21154
2321	21198
2322	21223
2323	21240
2324	21268
2325	21289
2326	21325
2327	21353
2328	21381
2329	21397
2330	21408
2331	21423
2332	21448
2333	21519
2334	21578
2335	21627
2336	21650
2337	21667
2338	21693
2339	21731
2340	21758
2341	21789
2342	21817
2343	21830
2344	21844
2345	21861
2346	21882
2347	21977
2348	22035
2349	22086
2350	22115
2351	22137
2352	22182
2353	22216
2354	22255
2355	22292
2356	22323
2357	22337
2358	22351
2359	22380
2360	22448
2361	22534
2362	22610
2363	22663
2364	22690
2365	22717
2366	22754
2367	22793
2368	22829
2369	22875
2370	22913
2371	22931
2372	22947
2373	22980
2374	23047
2375	23124
2376	23176
2377	23229
2378	23248
2379	23276
2380	23326
2381	23365
2382	23402
2383	23433
2384	23468
2385	23486
2386	23505
2387	23537
2388	23635
2389	23702
2390	23763
2391	23798
2392	23813
2393	23826
2394	23853
2395	23891
2396	23927
2397	23963
2398	23984
2399	24010
2400	24021
2401	24045
2402	24133
2403	24213
2404	24260
2405	24302
2406	24327
2407	24371
2408	24409
2409	24454
2410	24498
2411	24538
2412	24564
2413	24586
2414	24604
2415	24700
2416	24764
2417	24821
2418	24869
2419	24918
2420	24938
2421	24961
2422	24982
2423	25012
2424	25050
2425	25076
2426	25101
2427	25108
2428	25167
2429	25243
2430	25299
2431	25339
2432	25394
2433	25437
2434	25453
2435	25474
2436	25505
2437	25538
2438	25571
2439	25606
2440	25633
2441	25676
2442	25718
2443	25770
2444	25821
2445	25871
2446	25923
2447	25959
2448	25983
2449	26003
2450	26037
2451	26069
2452	26105
2453	26130
2454	26179
2455	26212
2456	26240
2457	26301
2458	26378
2459	26428
2460	26478
2461	26516
2462	26532
2463	26548
2464	26589
2465	26611
2466	26630
2467	26670
2468	26748
2469	26801
2470	26836
2471	26894
2472	26971
2473	27016
2474	27046
2475	27072
2476	27089
2477	27108
2478	27139
2479	27174
2480	27197
2481	27237
2482	27314
2483	27332
2484	27349
2485	27415
2486	27475
2487	27530
2488	27582
2489	27619
2490	27636
2491	27655
2492	27697
2493	27734
2494	27780
2495	27870
2496	27968
2497	27991
2498	28028
2499	28089
2500	28149
2501	28203
2502	28242
2503	28281
2504	28293
2505	28309
2506	28339
2507	28365
2508	28393
2509	28491
2510	28569
2511	28590
2512	28617
2513	28669
2514	28730
2515	28786
2516	28837
2517	28862
2518	28877
2519	28893
2520	28930
2521	28956
2522	28979
2523	29093
2524	29163
2525	29197
2526	29224
2527	29287
2528	29333
2529	29383
2530	29429
2531	29460
2532	29478
2533	29493
2534	29517
2535	29544
2536	29575
2537	29668
2538	29731
2539	29766
2540	29798
2541	29835
2542	29868
2543	29902
2544	29947
2545	29994
2546	30007
2547	30025
2548	30057
2549	30088
2550	30118
2551	30189
2552	30281
2553	30308
2554	30338
2555	30396
2556	30450
2557	30506
2558	30548
2559	30583
2560	30602
2561	30620
2562	30649
2563	30680
2564	30708
2565	30760
2566	30834
2567	30878
2568	30908
2569	30974
2570	31042
2571	31082
2572	31136
2573	31168
2574	31189
2575	31208
2576	31239
2577	31272
2578	31301
2579	31332
2580	31435
2581	31479
2582	31516
2583	31583
2584	31636
2585	31690
2586	31744
2587	31789
2588	31807
2589	31832
2590	31865
2591	31905
2592	31934
2593	31964
2594	32074
2595	32114
2596	32150
2597	32206
2598	32264
2599	32318
2600	32369
2601	32425
2602	32451
2603	32475
2604	32521
2605	32569
2606	32601
2607	32670
2608	32766
2609	32817
2610	32850
2611	32924
2612	32976
2613	33030
2614	33087
2615	33126
2616	33160
2617	33194
2618	33227
2619	33262
2620	33305
2621	33341
2622	33429
2623	33473
2624	33518
2625	33588
2626	33641
2627	33691
2628	33734
2629	33766
2630	33791
2631	33814
2632	33856
2633	33891
2634	33940
2635	33984
2636	34100
2637	34148
2638	34188
2639	34260
2640	34324
2641	34380
2642	34427
2643	34466
2644	34484
2645	34501
2646	34525
2647	34566
2648	34605
2649	34679
2650	34751
2651	34781
2652	34802
2653	34848
2654	34895
2655	34944
2656	34968
2657	34980
2658	34995
2659	35013
2660	35040
2661	35064
2662	35086
2663	35111
2664	35116
2665	35135
2666	35161
2667	35185
2668	35283
2669	35373
2670	35436
2671	35491
2672	35514
2673	35547
2674	35587
2675	35636
2676	35673
2677	35711
2678	35750
2679	35765
2680	35795
2681	35837
2682	35943
2683	36032
2684	36120
2685	36180
2686	36211
2687	36246
2688	36288
2689	36341
2690	36383
2691	36436
2692	36488
2693	36507
2694	36526
2695	36606
2696	36686
2697	36781
2698	36844
2699	36904
2700	36935
2701	36972
2702	37028
2703	37076
2704	37133
2705	37180
2706	37224
2707	37248
2708	37298
2709	37384
2710	37474
2711	37576
2712	37661
2713	37716
2714	37761
2715	37794
2716	37847
2717	37905
2718	37970
2719	38022
2720	38161
2721	38240
2722	38290
2723	38404
2724	38509
2725	38605
2726	38677
2727	38749
2728	38782
2729	38786
