1	1
2	2
3	3
4	10
5	17
6	21
7	22
8	25
9	29
10	33
11	37
12	38
13	39
14	40
15	41
16	45
17	50
18	56
19	61
20	68
21	71
22	75
23	81
24	88
25	104
26	116
27	124
28	127
29	130
30	131
31	141
32	149
33	158
34	167
35	169
36	172
37	186
38	196
39	205
40	221
41	228
42	232
43	235
44	259
45	283
46	320
47	348
48	372
49	383
50	390
51	410
52	437
53	457
54	472
55	492
56	497
57	503
58	517
59	543
60	561
61	580
62	584
63	592
64	599
65	610
66	625
67	639
68	653
69	662
70	672
71	681
72	695
73	708
74	721
75	735
76	746
77	750
78	754
79	769
80	789
81	808
82	817
83	828
84	833
85	834
86	844
87	861
88	873
89	889
90	897
91	900
92	903
93	908
94	914
95	927
96	937
97	947
98	952
99	958
100	968
101	980
102	987
103	996
104	1009
105	1012
106	1016
107	1023
108	1040
109	1049
110	1060
111	1067
112	1069
113	1074
114	1081
115	1096
116	1107
117	1111
118	1117
119	1120
120	1123
121	1134
122	1154
123	1166
124	1178
125	1187
126	1193
127	1200
128	1206
129	1217
130	1229
131	1238
132	1246
133	1250
134	1253
135	1260
136	1267
137	1278
138	1284
139	1290
140	1295
141	1299
142	1305
143	1317
144	1319
145	1321
146	1321
147	1325
148	1327
149	1337
150	1353
151	1360
152	1360
153	1367
154	1370
155	1374
156	1380
157	1395
158	1409
159	1426
160	1437
161	1438
162	1444
163	1454
164	1469
165	1480
166	1486
167	1496
168	1502
169	1507
170	1515
171	1532
172	1544
173	1553
174	1562
175	1566
176	1570
177	1585
178	1590
179	1603
180	1614
181	1627
182	1633
183	1634
184	1647
185	1657
186	1667
187	1674
188	1691
189	1695
190	1698
191	1711
192	1725
193	1734
194	1748
195	1763
196	1765
197	1768
198	1778
199	1798
200	1813
201	1824
202	1837
203	1840
204	1847
205	1855
206	1869
207	1880
208	1898
209	1911
210	1917
211	1918
212	1923
213	1936
214	1950
215	1958
216	1969
217	1973
218	1975
219	1987
220	1998
221	2016
222	2025
223	2037
224	2042
225	2047
226	2060
227	2065
228	2070
229	2075
230	2084
231	2086
232	2088
233	2105
234	2113
235	2125
236	2136
237	2152
238	2155
239	2160
240	2165
241	2179
242	2189
243	2204
244	2218
245	2221
246	2228
247	2237
248	2248
249	2256
250	2263
251	2270
252	2273
253	2276
254	2282
255	2290
256	2305
257	2316
258	2323
259	2326
260	2331
261	2341
262	2351
263	2359
264	2372
265	2385
266	2398
267	2401
268	2409
269	2423
270	2436
271	2451
272	2460
273	2470
274	2475
275	2490
276	2502
277	2512
278	2523
279	2538
280	2546
281	2551
282	2562
283	2579
284	2595
285	2619
286	2629
287	2632
288	2639
289	2648
290	2670
291	2686
292	2708
293	2727
294	2731
295	2739
296	2744
297	2757
298	2772
299	2790
300	2798
301	2809
302	2816
303	2823
304	2841
305	2860
306	2883
307	2894
308	2903
309	2906
310	2919
311	2931
312	2952
313	2970
314	2976
315	2981
316	2986
317	3006
318	3017
319	3031
320	3042
321	3047
322	3052
323	3056
324	3067
325	3079
326	3099
327	3109
328	3121
329	3125
330	3131
331	3147
332	3161
333	3179
334	3190
335	3205
336	3212
337	3216
338	3235
339	3249
340	3270
341	3284
342	3296
343	3298
344	3304
345	3317
346	3329
347	3348
348	3370
349	3383
350	3388
351	3395
352	3409
353	3428
354	3443
355	3461
356	3468
357	3473
358	3476
359	3486
360	3501
361	3522
362	3536
363	3550
364	3556
365	3562
366	3576
367	3592
368	3609
369	3626
370	3641
371	3645
372	3656
373	3662
374	3678
375	3690
376	3705
377	3725
378	3732
379	3739
380	3754
381	3773
382	3787
383	3807
384	3823
385	3830
386	3833
387	3848
388	3869
389	3884
390	3903
391	3914
392	3923
393	3928
394	3943
395	3947
396	3966
397	3978
398	3987
399	3992
400	4001
401	4013
402	4027
403	4040
404	4049
405	4062
406	4067
407	4070
408	4076
409	4090
410	4102
411	4110
412	4122
413	4129
414	4137
415	4144
416	4164
417	4181
418	4200
419	4213
420	4219
421	4226
422	4235
423	4247
424	4262
425	4282
426	4294
427	4298
428	4309
429	4317
430	4333
431	4349
432	4361
433	4374
434	4382
435	4389
436	4400
437	4412
438	4427
439	4458
440	4477
441	4490
442	4499
443	4510
444	4534
445	4554
446	4576
447	4602
448	4614
449	4627
450	4645
451	4664
452	4684
453	4705
454	4724
455	4733
456	4742
457	4766
458	4792
459	4806
460	4828
461	4846
462	4852
463	4860
464	4882
465	4902
466	4933
467	4958
468	4973
469	4991
470	4997
471	5019
472	5040
473	5057
474	5087
475	5111
476	5120
477	5128
478	5156
479	5182
480	5200
481	5223
482	5241
483	5249
484	5255
485	5283
486	5308
487	5330
488	5353
489	5376
490	5382
491	5396
492	5412
493	5430
494	5446
495	5470
496	5486
497	5495
498	5509
499	5528
500	5555
501	5580
502	5611
503	5635
504	5650
505	5659
506	5679
507	5703
508	5720
509	5740
510	5745
511	5752
512	5760
513	5772
514	5796
515	5812
516	5823
517	5830
518	5835
519	5841
520	5857
521	5876
522	5891
523	5916
524	5935
525	5941
526	5955
527	5979
528	6004
529	6022
530	6050
531	6076
532	6084
533	6089
534	6106
535	6133
536	6227
537	6319
538	6392
539	6421
540	6460
541	6533
542	6584
543	6667
544	6739
545	6817
546	6852
547	6900
548	6947
549	7005
550	7070
551	7127
552	7183
553	7218
554	7240
555	7292
556	7364
557	7401
558	7456
559	7508
560	7541
561	7564
562	7608
563	7645
564	7707
565	7752
566	7810
567	7843
568	7868
569	7929
570	7986
571	8048
572	8103
573	8140
574	8168
575	8189
576	8235
577	8295
578	8353
579	8412
580	8472
581	8497
582	8521
583	8574
584	8622
585	8671
586	8706
587	8746
588	8768
589	8789
590	8825
591	8871
592	8924
593	8964
594	9007
595	9029
596	9052
597	9115
598	9165
599	9210
600	9251
601	9301
602	9324
603	9342
604	9398
605	9439
606	9481
607	9539
608	9579
609	9597
610	9618
611	9655
612	9710
613	9746
614	9786
615	9831
616	9857
617	9878
618	9906
619	9965
620	10009
621	10067
622	10102
623	10117
624	10146
625	10180
626	10223
627	10271
628	10319
629	10361
630	10383
631	10407
632	10449
633	10501
634	10541
635	10579
636	10614
637	10635
638	10661
639	10695
640	10734
641	10776
642	10819
643	10859
644	10884
645	10910
646	10956
647	10997
648	11038
649	11085
650	11127
651	11140
652	11156
653	11202
654	11248
655	11298
656	11343
657	11385
658	11407
659	11428
660	11456
661	11488
662	11538
663	11588
664	11638
665	11661
666	11682
667	11707
668	11742
669	11789
670	11825
671	11858
672	11889
673	11906
674	11959
675	12011
676	12057
677	12111
678	12147
679	12162
680	12183
681	12233
682	12271
683	12324
684	12367
685	12401
686	12424
687	12445
688	12487
689	12523
690	12570
691	12606
692	12648
693	12669
694	12688
695	12723
696	12764
697	12810
698	12856
699	12890
700	12908
701	12923
702	12954
703	12986
704	13035
705	13068
706	13118
707	13140
708	13156
709	13193
710	13233
711	13286
712	13329
713	13373
714	13386
715	13414
716	13453
717	13492
718	13544
719	13589
720	13641
721	13656
722	13678
723	13728
724	13769
725	13819
726	13874
727	13913
728	13931
729	13955
730	13989
731	14030
732	14073
733	14111
734	14142
735	14165
736	14181
737	14222
738	14266
739	14310
740	14354
741	14400
742	14421
743	14439
744	14480
745	14523
746	14567
747	14614
748	14655
749	14675
750	14705
751	14739
752	14777
753	14815
754	14858
755	14892
756	14917
757	14934
758	14967
759	15006
760	15057
761	15101
762	15130
763	15150
764	15167
765	15193
766	15229
767	15274
768	15307
769	15344
770	15372
771	15391
772	15433
773	15482
774	15518
775	15557
776	15593
777	15614
778	15633
779	15669
780	15697
781	15728
782	15765
783	15814
784	15833
785	15853
786	15895
787	15929
788	15963
789	16003
790	16032
791	16051
792	16067
793	16094
794	16122
795	16148
796	16186
797	16219
798	16240
799	16264
800	16298
801	16338
802	16370
803	16408
804	16450
805	16471
806	16490
807	16528
808	16568
809	16593
810	16643
811	16679
812	16694
813	16718
814	16755
815	16791
816	16841
817	16883
818	16918
819	16933
820	16957
821	17001
822	17043
823	17072
824	17115
825	17152
826	17173
827	17189
828	17224
829	17267
830	17310
831	17352
832	17387
833	17402
834	17426
835	17470
836	17586
837	17742
838	17893
839	18005
840	18075
841	18140
842	18260
843	18363
844	18474
845	18574
846	18644
847	18700
848	18760
849	18851
850	18971
851	19049
852	19137
853	19215
854	19260
855	19309
856	19402
857	19505
858	19593
859	19696
860	19788
861	19835
862	19875
863	19962
864	20053
865	20153
866	20243
867	20316
868	20364
869	20414
870	20483
871	20561
872	20635
873	20706
874	20747
875	20763
876	20791
877	20835
878	20898
879	20957
880	21029
881	21075
882	21103
883	21143
884	21205
885	21271
886	21358
887	21431
888	21491
889	21526
890	21565
891	21628
892	21724
893	21793
894	21870
895	21937
896	21964
897	21996
898	22068
899	22148
900	22220
901	22294
902	22367
903	22414
904	22453
905	22522
906	22602
907	22683
908	22751
909	22824
910	22864
911	22909
912	23007
913	23083
914	23158
915	23233
916	23316
917	23363
918	23406
919	23478
920	23556
921	23643
922	23724
923	23802
924	23839
925	23891
926	23955
927	24029
928	24101
929	24188
930	24254
931	24302
932	24334
933	24388
934	24463
935	24542
936	24625
937	24689
938	24725
939	24763
940	24817
941	24889
942	24964
943	25044
944	25116
945	25161
946	25199
947	25270
948	25337
949	25402
950	25464
951	25528
952	25567
953	25596
954	25672
955	25741
956	25822
957	25888
958	25948
959	26000
960	26037
961	26107
962	26187
963	26269
964	26351
965	26430
966	26468
967	26500
968	26572
969	26653
970	26718
971	26786
972	26854
973	26894
974	26946
975	27001
976	27073
977	27156
978	27226
979	27295
980	27325
981	27366
982	27425
983	27508
984	27583
985	27668
986	27737
987	27777
988	27820
989	27896
990	27958
991	28032
992	28114
993	28172
994	28208
995	28255
996	28308
997	28393
998	28465
999	28544
1000	28595
1001	28626
1002	28664
1003	28717
1004	28792
1005	28859
1006	28924
1007	28983
1008	29010
1009	29034
1010	29108
1011	29173
1012	29250
1013	29337
1014	29389
1015	29424
1016	29464
1017	29513
1018	29573
1019	29640
1020	29707
1021	29773
1022	29799
1023	29841
1024	29912
1025	29975
1026	30056
1027	30133
1028	30190
1029	30213
1030	30244
1031	30306
1032	30375
1033	30443
1034	30524
1035	30591
1036	30627
1037	30653
1038	30692
1039	30742
1040	30816
1041	31031
1042	31241
1043	31341
1044	31436
1045	31657
1046	31851
1047	32040
1048	32212
1049	32373
1050	32475
1051	32582
1052	32746
1053	32888
1054	33060
1055	33239
1056	33382
1057	33452
1058	33527
1059	33662
1060	33799
1061	33960
1062	34121
1063	34243
1064	34314
1065	34370
1066	34464
1067	34599
1068	34741
1069	34887
1070	35016
1071	35079
1072	35141
1073	35265
1074	35388
1075	35520
1076	35658
1077	35771
1078	35820
1079	35871
1080	36010
1081	36141
1082	36273
1083	36381
1084	36503
1085	36573
1086	36621
1087	36745
1088	36848
1089	37004
1090	37117
1091	37218
1092	37276
1093	37338
1094	37428
1095	37538
1096	37654
1097	37761
1098	37872
1099	37931
1100	37981
1101	38095
1102	38197
1103	38300
1104	38414
1105	38518
1106	38572
1107	38610
1108	38713
1109	38827
1110	38939
1111	39046
1112	39132
1113	39190
1114	39250
1115	39345
1116	39434
1117	39553
1118	39656
1119	39779
1120	39831
1121	39880
1122	39983
1123	40088
1124	40194
1125	40297
1126	40378
1127	40408
1128	40441
1129	40509
1130	40614
1131	40694
1132	40772
1133	40845
1134	40903
1135	40948
1136	41029
1137	41118
1138	41229
1139	41306
1140	41396
1141	41443
1142	41482
1143	41566
1144	41654
1145	41750
1146	41845
1147	41923
1148	41977
1149	42009
1150	42089
1151	42171
1152	42234
1153	42319
1154	42396
1155	42424
1156	42464
1157	42516
1158	42579
1159	42653
1160	42728
1161	42789
1162	42821
1163	42852
1164	42920
1165	42999
1166	43053
1167	43121
1168	43188
1169	43217
1170	43255
1171	43317
1172	43387
1173	43459
1174	43526
1175	43581
1176	43618
1177	43657
1178	43728
1179	43804
1180	43855
1181	43928
1182	43996
1183	44025
1184	44057
1185	44117
1186	44175
1187	44245
1188	44320
1189	44397
1190	44436
1191	44481
1192	44542
1193	44613
1194	44676
1195	44738
1196	44801
1197	44836
1198	44877
1199	44927
1200	44997
1201	45076
1202	45150
1203	45208
1204	45251
1205	45287
1206	45346
1207	45419
1208	45486
1209	45546
1210	45594
1211	45623
1212	45654
1213	45716
1214	45787
1215	45851
1216	45920
1217	45963
1218	45994
1219	46026
1220	46165
1221	46478
1222	46739
1223	46978
1224	47175
1225	47277
1226	47383
1227	47570
1228	47779
1229	47961
1230	48135
1231	48298
1232	48370
1233	48448
1234	48618
1235	48765
1236	48943
1237	49072
1238	49189
1239	49253
1240	49304
1241	49373
1242	49481
1243	49607
1244	49729
1245	49818
1246	49873
1247	49938
1248	50044
1249	50168
1250	50326
1251	50487
1252	50603
1253	50675
1254	50756
1255	50902
1256	51026
1257	51169
1258	51317
1259	51446
1260	51509
1261	51573
1262	51675
1263	51812
1264	51940
1265	52079
1266	52197
1267	52285
1268	52342
1269	52458
1270	52585
1271	52703
1272	52801
1273	52911
1274	52974
1275	53032
1276	53129
1277	53247
1278	53365
1279	53477
1280	53577
1281	53639
1282	53709
1283	53821
1284	53924
1285	54046
1286	54154
1287	54257
1288	54316
1289	54387
1290	54514
1291	54620
1292	54762
1293	54899
1294	55006
1295	55065
1296	55110
1297	55213
1298	55326
1299	55460
1300	55573
1301	55682
1302	55730
1303	55788
1304	55898
1305	56011
1306	56111
1307	56237
1308	56326
1309	56388
1310	56435
1311	56522
1312	56621
1313	56727
1314	56824
1315	56918
1316	56973
1317	57021
1318	57109
1319	57204
1320	57322
1321	57420
1322	57488
1323	57547
1324	57595
1325	57685
1326	57790
1327	57892
1328	58000
1329	58084
1330	58141
1331	58195
1332	58281
1333	58374
1334	58466
1335	58563
1336	58663
1337	58713
1338	58769
1339	58854
1340	58956
1341	59055
1342	59152
1343	59221
1344	59264
1345	59313
1346	59399
1347	59494
1348	59592
1349	59690
1350	59774
1351	59822
1352	59864
1353	59952
1354	60047
1355	60140
1356	60253
1357	60337
1358	60392
1359	60438
1360	60524
1361	60607
1362	60711
1363	60813
1364	60907
1365	60956
1366	60994
1367	61078
1368	61138
1369	61218
1370	61305
1371	61383
1372	61432
1373	61475
1374	61636
1375	61998
1376	62330
1377	62645
1378	62920
1379	63060
1380	63180
1381	63428
1382	63696
1383	63948
1384	64157
1385	64359
1386	64478
1387	64571
1388	64788
1389	65002
1390	65211
1391	65398
1392	65572
1393	65657
1394	65745
1395	65886
1396	66066
1397	66257
1398	66430
1399	66602
1400	66683
1401	66762
1402	66912
1403	67081
1404	67244
1405	67430
1406	67562
1407	67648
1408	67737
1409	67862
1410	68026
1411	68182
1412	68351
1413	68507
1414	68579
1415	68655
1416	68793
1417	68954
1418	69123
1419	69299
1420	69439
1421	69489
1422	69574
1423	69706
1424	69875
1425	70053
1426	70208
1427	70347
1428	70437
1429	70507
1430	70644
1431	70773
1432	70913
1433	71087
1434	71224
1435	71280
1436	71357
1437	71493
1438	71609
1439	71765
1440	71931
1441	72057
1442	72129
1443	72175
1444	72303
1445	72434
1446	72578
1447	72733
1448	72861
1449	72914
1450	72980
1451	73090
1452	73231
1453	73363
1454	73484
1455	73608
1456	73668
1457	73736
1458	73845
1459	73981
1460	74106
1461	74238
1462	74354
1463	74405
1464	74454
1465	74571
1466	74688
1467	74815
1468	74933
1469	75050
1470	75100
1471	75146
1472	75252
1473	75383
1474	75498
1475	75613
1476	75723
1477	75781
1478	75838
1479	75939
1480	76034
1481	76156
1482	76257
1483	76346
1484	76390
1485	76441
1486	76541
1487	76648
1488	76782
1489	76889
1490	76969
1491	77017
1492	77064
1493	77168
1494	77269
1495	77380
1496	77486
1497	77572
1498	77616
1499	77666
1500	77747
1501	77844
1502	77940
1503	78027
1504	78110
1505	78166
1506	78214
1507	78291
1508	78384
1509	78490
1510	78585
1511	78676
1512	78720
1513	78770
1514	78844
1515	79124
1516	79526
1517	79895
1518	80202
1519	80349
1520	80487
1521	80746
1522	80972
1523	81243
1524	81477
1525	81711
1526	81828
1527	81936
1528	82176
1529	82365
1530	82618
1531	82839
1532	83049
1533	83152
1534	83234
1535	83447
1536	83661
1537	83901
1538	84121
1539	84314
1540	84412
1541	84517
1542	84695
1543	84895
1544	85084
1545	85261
1546	85437
1547	85535
1548	85626
1549	85777
1550	85953
1551	86126
1552	86285
1553	86468
1554	86548
1555	86632
1556	86784
1557	86948
1558	87132
1559	87318
1560	87483
1561	87585
1562	87657
1563	87817
1564	87967
1565	88115
1566	88267
1567	88432
1568	88510
1569	88602
1570	88752
1571	88920
1572	89059
1573	89200
1574	89305
1575	89383
1576	89466
1577	89591
1578	89733
1579	89928
1580	90107
1581	90218
1582	90304
1583	90398
1584	90534
1585	90710
1586	90879
1587	90997
1588	91123
1589	91207
1590	91288
1591	91435
1592	91561
1593	91710
1594	91854
1595	91980
1596	92035
1597	92103
1598	92223
1599	92366
1600	92506
1601	92645
1602	92749
1603	92822
1604	92887
1605	92957
1606	93017
1607	93104
1608	93198
1609	93295
1610	93356
1611	93421
1612	93502
1613	93556
1614	93646
1615	93762
1616	93886
1617	93951
1618	94015
1619	94131
1620	94270
1621	94394
1622	94519
1623	94643
1624	94706
1625	94780
1626	94894
1627	95010
1628	95154
1629	95278
1630	95381
1631	95447
1632	95523
1633	95644
1634	95780
1635	95899
1636	96024
1637	96141
1638	96210
1639	96281
1640	96384
1641	96517
1642	96645
1643	96759
1644	96866
1645	96927
1646	96984
1647	97412
1648	97871
1649	98263
1650	98688
1651	99012
1652	99203
1653	99376
1654	99679
1655	100009
1656	100325
1657	100617
1658	100897
1659	101061
1660	101199
1661	101455
1662	101706
1663	101968
1664	102227
1665	102485
1666	102621
1667	102761
1668	103009
1669	103265
1670	103520
1671	103762
1672	103960
1673	104063
1674	104192
1675	104423
1676	104662
1677	104901
1678	105123
1679	105324
1680	105428
1681	105547
1682	105744
1683	105956
1684	106166
1685	106353
1686	106536
1687	106649
1688	106756
1689	106955
1690	107163
1691	107384
1692	107577
1693	107746
1694	107855
1695	107960
1696	108123
1697	108345
1698	108522
1699	108715
1700	108883
1701	108987
1702	109057
1703	109205
1704	109406
1705	109586
1706	109785
1707	109966
1708	110067
1709	110153
1710	110329
1711	110499
1712	110689
1713	110850
1714	111014
1715	111097
1716	111185
1717	111387
1718	111547
1719	111747
1720	111890
1721	112045
1722	112152
1723	112230
1724	112383
1725	112556
1726	112727
1727	112863
1728	113000
1729	113089
1730	113180
1731	113340
1732	113475
1733	113587
1734	113736
1735	113871
1736	113958
1737	114029
1738	114156
1739	114306
1740	114458
1741	114615
1742	114747
1743	114826
1744	114916
1745	115049
1746	115199
1747	115342
1748	115477
1749	115619
1750	115702
1751	115772
1752	115883
1753	116015
1754	116151
1755	116261
1756	116380
1757	116456
1758	116514
1759	116696
1760	117169
1761	117645
1762	118067
1763	118412
1764	118569
1765	118756
1766	119073
1767	119435
1768	119770
1769	120098
1770	120374
1771	120516
1772	120641
1773	120910
1774	121196
1775	121457
1776	121737
1777	121975
1778	122126
1779	122255
1780	122497
1781	122758
1782	123034
1783	123278
1784	123517
1785	123647
1786	123751
1787	123978
1788	124230
1789	124469
1790	124725
1791	124920
1792	125029
1793	125137
1794	125346
1795	125574
1796	125791
1797	125990
1798	126170
1799	126269
1800	126373
1801	126577
1802	126834
1803	127033
1804	127279
1805	127479
1806	127578
1807	127689
1808	127873
1809	128074
1810	128329
1811	128550
1812	128750
1813	128842
1814	128933
1815	129114
1816	129330
1817	129533
1818	129749
1819	129927
1820	130036
1821	130129
1822	130339
1823	130531
1824	130734
1825	130913
1826	131088
1827	131179
1828	131265
1829	131407
1830	131564
1831	131740
1832	131923
1833	132069
1834	132147
1835	132225
1836	132407
1837	132570
1838	132737
1839	132894
1840	133021
1841	133101
1842	133175
1843	133309
1844	133487
1845	133645
1846	133818
1847	134005
1848	134096
1849	134197
1850	134348
1851	134546
1852	134744
1853	134938
1854	135098
1855	135183
1856	135260
1857	135397
1858	135577
1859	135740
1860	135908
1861	136063
1862	136147
1863	136219
1864	136373
1865	136530
1866	136686
1867	136827
1868	136981
1869	137060
1870	137138
1871	137264
1872	137426
1873	137813
1874	138442
1875	138931
1876	139205
1877	139437
1878	139881
1879	140346
1880	140791
1881	141208
1882	141560
1883	141713
1884	141917
1885	142258
1886	142624
1887	142952
1888	143306
1889	143617
1890	143767
1891	143920
1892	144208
1893	144534
1894	144827
1895	145151
1896	145440
1897	145604
1898	145771
1899	146003
1900	146284
1901	146601
1902	146922
1903	147185
1904	147325
1905	147466
1906	147732
1907	148021
1908	148280
1909	148582
1910	148835
1911	148978
1912	149127
1913	149375
1914	149658
1915	149938
1916	150189
1917	150397
1918	150493
1919	150609
1920	150822
1921	151070
1922	151327
1923	151577
1924	151821
1925	151930
1926	152067
1927	152262
1928	152482
1929	152752
1930	152984
1931	153215
1932	153333
1933	153446
1934	153676
1935	153915
1936	154150
1937	154352
1938	154588
1939	154709
1940	154818
1941	155014
1942	155210
1943	155438
1944	155617
1945	155794
1946	155932
1947	156056
1948	156239
1949	156457
1950	156674
1951	156887
1952	157109
1953	157212
1954	157345
1955	157523
1956	157730
1957	157931
1958	158156
1959	158331
1960	158435
1961	158522
1962	158697
1963	158889
1964	159093
1965	159268
1966	159422
1967	159497
1968	159580
1969	159719
1970	159831
1971	159923
1972	160038
1973	160173
1974	160262
1975	160351
1976	160492
1977	160610
1978	160683
1979	160821
1980	160961
1981	161072
1982	161152
1983	161294
1984	161772
1985	162414
1986	162999
1987	163503
1988	163765
1989	164019
1990	164475
1991	164951
1992	165388
1993	165827
1994	166245
1995	166482
1996	166720
1997	167056
1998	167429
1999	167832
2000	168228
2001	168542
2002	168749
2003	168947
2004	169286
2005	169621
2006	169981
2007	170350
2008	170646
2009	170819
2010	171011
2011	171311
2012	171630
2013	171968
2014	172262
2015	172571
2016	172764
2017	172954
2018	173248
2019	173588
2020	173939
2021	174241
2022	174524
2023	174688
2024	174835
2025	175094
2026	175383
2027	175689
2028	175981
2029	176232
2030	176373
2031	176551
2032	176834
2033	177106
2034	177410
2035	177685
2036	177920
2037	178079
2038	178233
2039	178441
2040	178719
2041	178984
2042	179264
2043	179497
2044	179650
2045	179775
2046	180017
2047	180273
2048	180516
2049	180756
2050	180958
2051	181076
2052	181209
2053	181441
2054	181659
2055	181901
2056	182152
2057	182370
2058	182491
2059	182617
2060	182816
2061	183060
2062	183280
2063	183505
2064	183704
2065	183829
2066	183954
2067	184147
2068	184349
2069	184557
2070	184774
2071	184949
2072	185069
2073	185188
2074	185372
2075	185585
2076	185771
2077	185964
2078	186131
2079	186236
2080	186331
2081	186579
2082	187313
2083	187978
2084	188533
2085	188951
2086	189241
2087	189483
2088	189882
2089	190412
2090	190863
2091	191330
2092	191749
2093	191961
2094	192153
2095	192533
2096	192913
2097	193292
2098	193621
2099	193918
2100	194112
2101	194295
2102	194607
2103	194954
2104	195336
2105	195672
2106	195977
2107	196156
2108	196323
2109	196634
2110	196973
2111	197286
2112	197639
2113	197855
2114	198002
2115	198132
2116	198436
2117	198737
2118	199028
2119	199347
2120	199597
2121	199729
2122	199859
2123	200088
2124	200331
2125	200616
2126	200887
2127	201140
2128	201235
2129	201355
2130	201579
2131	201808
2132	202077
2133	202350
2134	202592
2135	202700
2136	202811
2137	203020
2138	203271
2139	203528
2140	203760
2141	203986
2142	204104
2143	204212
2144	204411
2145	204669
2146	204892
2147	205124
2148	205316
2149	205445
2150	205574
2151	205792
2152	206026
2153	206250
2154	206484
2155	206685
2156	206795
2157	206902
2158	207106
2159	207323
2160	207543
2161	207777
2162	207970
2163	208071
2164	208195
2165	208392
2166	208606
2167	208836
2168	209047
2169	209238
2170	209342
2171	209450
2172	209631
2173	209858
2174	210099
2175	210330
2176	210521
2177	210634
2178	210737
2179	210927
2180	211130
2181	211358
2182	211565
2183	211727
2184	211823
2185	211925
2186	212100
2187	212284
2188	212469
2189	212660
2190	212807
2191	212896
2192	212982
2193	213135
2194	213324
2195	213661
2196	214338
2197	214876
2198	215160
2199	215424
2200	215903
2201	216419
2202	216942
2203	217413
2204	217742
2205	217934
2206	218119
2207	218483
2208	218882
2209	219255
2210	219658
2211	220012
2212	220190
2213	220367
2214	220674
2215	221046
2216	221404
2217	221721
2218	222000
2219	222150
2220	222294
2221	222580
2222	222874
2223	223189
2224	223496
2225	223757
2226	223913
2227	224055
2228	224319
2229	224603
2230	224933
2231	225236
2232	225500
2233	225609
2234	225735
2235	225964
2236	226258
2237	226525
2238	226803
2239	227027
2240	227162
2241	227303
2242	227546
2243	227823
2244	228105
2245	228363
2246	228611
2247	228722
2248	228838
2249	229064
2250	229368
2251	229618
2252	229838
2253	230062
2254	230176
2255	230286
2256	230505
2257	230721
2258	230962
2259	231218
2260	231403
2261	231547
2262	231682
2263	231902
2264	232135
2265	232362
2266	232589
2267	232810
2268	232917
2269	233059
2270	233277
2271	233516
2272	233740
2273	233950
2274	234132
2275	234239
2276	234371
2277	234576
2278	234781
2279	235009
2280	235241
2281	235426
2282	235517
2283	235640
2284	235848
2285	236076
2286	236285
2287	236470
2288	236674
2289	236796
2290	236908
2291	237094
2292	237291
2293	237502
2294	237693
2295	237853
2296	237969
2297	238072
2298	238253
2299	238473
2300	238680
2301	238878
2302	239065
2303	239180
2304	239320
2305	239528
2306	239723
2307	239930
2308	240072
2309	240220
2310	240302
2311	240393
2312	240558
2313	240728
2314	241382
2315	242003
2316	242516
2317	242790
2318	243029
2319	243492
2320	243982
2321	244419
2322	244894
2323	245249
2324	245431
2325	245644
2326	245989
2327	246405
2328	246821
2329	247199
2330	247498
2331	247653
2332	247820
2333	248083
2334	248382
2335	248610
2336	248749
2337	248924
2338	249058
2339	249209
2340	249439
2341	249721
2342	249898
2343	250022
2344	250267
2345	250444
2346	250614
2347	250880
2348	251186
2349	251499
2350	251813
2351	252070
2352	252223
2353	252389
2354	252648
2355	252944
2356	253262
2357	253569
2358	253852
2359	254006
2360	254163
2361	254457
2362	254754
2363	255037
2364	255319
2365	255579
2366	255706
2367	255873
2368	256103
2369	256379
2370	256651
2371	256930
2372	257186
2373	257325
2374	257485
2375	257761
2376	258047
2377	258327
2378	258608
2379	258864
2380	259006
2381	259173
2382	259426
2383	259694
2384	259966
2385	260230
2386	260448
2387	260579
2388	260712
2389	260929
2390	261184
2391	261462
2392	261736
2393	261983
2394	262131
2395	262262
2396	262510
2397	262755
2398	263026
2399	263277
2400	263503
2401	263622
2402	263770
2403	263982
2404	264216
2405	264476
2406	264713
2407	264949
2408	265098
2409	265236
2410	265452
2411	265710
2412	265972
2413	266231
2414	266450
2415	266578
2416	266708
2417	266937
2418	267187
2419	267432
2420	267663
2421	267874
2422	268000
2423	268136
2424	268350
2425	268602
2426	268856
2427	269070
2428	269248
2429	269375
2430	269495
2431	269730
2432	270450
2433	271178
2434	271844
2435	272325
2436	272621
2437	272908
2438	273369
2439	273931
2440	274453
2441	274972
2442	275436
2443	275689
2444	275942
2445	276367
2446	276791
2447	277227
2448	277731
2449	278165
2450	278411
2451	278661
2452	279082
2453	279531
2454	280021
2455	280482
2456	280849
2457	281048
2458	281265
2459	281665
2460	282101
2461	282513
2462	282867
2463	283154
2464	283358
2465	283571
2466	283893
2467	284260
2468	284658
2469	285044
2470	285394
2471	285605
2472	285787
2473	286127
2474	286506
2475	286855
2476	287197
2477	287550
2478	287730
2479	287887
2480	288207
2481	288567
2482	288915
2483	289255
2484	289548
2485	289714
2486	289867
2487	290135
2488	290487
2489	290849
2490	291193
2491	291506
2492	291660
2493	291827
2494	292102
2495	292433
2496	292757
2497	293076
2498	293335
2499	293502
2500	293650
2501	293914
2502	294228
2503	294560
2504	294879
2505	295159
2506	295297
2507	295422
2508	295648
2509	295947
2510	296248
2511	296553
2512	296810
2513	296964
2514	297118
2515	297383
2516	297666
2517	297964
2518	298257
2519	298516
2520	298644
2521	298779
2522	299040
2523	299302
2524	299579
2525	299875
2526	300088
2527	300221
2528	300349
2529	300567
2530	300817
2531	301108
2532	301351
2533	301584
2534	301713
2535	301828
2536	302079
2537	302332
2538	302591
2539	303121
2540	303860
2541	304217
2542	304562
2543	305217
2544	305915
2545	306630
2546	307279
2547	307846
2548	308111
2549	308404
2550	308922
2551	309536
2552	310128
2553	310632
2554	311101
2555	311335
2556	311590
2557	312009
2558	312479
2559	312972
2560	313392
2561	313787
2562	313985
2563	314193
2564	314614
2565	315084
2566	315535
2567	315989
2568	316373
2569	316546
2570	316733
2571	317090
2572	317503
2573	317932
2574	318356
2575	318733
2576	318918
2577	319116
2578	319490
2579	319859
2580	320213
2581	320605
2582	320932
2583	321090
2584	321260
2585	321571
2586	321922
2587	322296
2588	322624
2589	322928
2590	323106
2591	323285
2592	323548
2593	323866
2594	324210
2595	324559
2596	324868
2597	325038
2598	325204
2599	325488
2600	325821
2601	326138
2602	326428
2603	326733
2604	326911
2605	327068
2606	327353
2607	327675
2608	327991
2609	328280
2610	328527
2611	328680
2612	328848
2613	329106
2614	329390
2615	329651
2616	329918
2617	330146
2618	330303
2619	330448
2620	330705
2621	330998
2622	331266
2623	331549
2624	331834
2625	331979
2626	332125
2627	332380
2628	332665
2629	332960
2630	333217
2631	333469
2632	333610
2633	333753
2634	334040
2635	334316
2636	334607
2637	334850
2638	335085
2639	335220
2640	335357
2641	335614
2642	335884
2643	336151
2644	336412
2645	336603
2646	336710
2647	336837
2648	337060
2649	337317
2650	337578
2651	337916
2652	338700
2653	339108
2654	339511
2655	340154
2656	340805
2657	341397
2658	341983
2659	342506
2660	342795
2661	343052
2662	343555
2663	344121
2664	344724
2665	345286
2666	345757
2667	346033
2668	346324
2669	346826
2670	347342
2671	347859
2672	348302
2673	348673
2674	348928
2675	349230
2676	349638
2677	350092
2678	350560
2679	351006
2680	351386
2681	351630
2682	351856
2683	352288
2684	352685
2685	353122
2686	353569
2687	353975
2688	354196
2689	354437
2690	354821
2691	355232
2692	355618
2693	355973
2694	356315
2695	356509
2696	356681
2697	357002
2698	357318
2699	357640
2700	357886
2701	358043
2702	358207
2703	358367
2704	358651
2705	359007
2706	359319
2707	359524
2708	359667
2709	359855
2710	360052
2711	360368
2712	360734
2713	361096
2714	361483
2715	361801
2716	362010
2717	362230
2718	362559
2719	362902
2720	363298
2721	363669
2722	363986
2723	364182
2724	364382
2725	364693
2726	365049
2727	365442
2728	365795
2729	366157
2730	366393
2731	366568
2732	366901
2733	367210
2734	367585
2735	367905
2736	368214
2737	368413
2738	368603
2739	368929
2740	369252
2741	369585
2742	369918
2743	370267
2744	370480
2745	370686
2746	371001
2747	371347
2748	371729
2749	372120
2750	372438
2751	372637
2752	372818
2753	373172
2754	373527
2755	373914
2756	374225
2757	374562
2758	374784
2759	374984
2760	375319
2761	375676
2762	375995
2763	376360
2764	377096
2765	377632
2766	378121
2767	378978
2768	379867
2769	380707
2770	381495
2771	382162
2772	382602
2773	382648
