1	2
2	9
3	12
4	16
5	26
6	42
7	50
8	64
9	70
10	75
11	80
12	82
13	92
14	102
15	117
16	121
17	124
18	129
19	143
20	162
21	173
22	194
23	206
24	213
25	220
26	232
27	247
28	263
29	285
30	293
31	298
32	302
33	307
34	325
35	338
36	355
37	370
38	375
39	383
40	401
41	413
42	432
43	457
44	472
45	477
46	480
47	524
48	596
49	672
50	736
51	789
52	801
53	821
54	844
55	876
56	917
57	951
58	982
59	993
60	1002
61	1035
62	1060
63	1088
64	1121
65	1138
66	1144
67	1157
68	1167
69	1203
70	1237
71	1272
72	1297
73	1307
74	1311
75	1335
76	1363
77	1382
78	1407
79	1432
80	1441
81	1447
82	1470
83	1489
84	1505
85	1528
86	1545
87	1550
88	1560
89	1575
90	1592
91	1613
92	1638
93	1659
94	1665
95	1674
96	1697
97	1713
98	1734
99	1758
100	1777
101	1786
102	1789
103	1805
104	1824
105	1845
106	1863
107	1884
108	1897
109	1910
110	1920
111	1935
112	1952
113	1965
114	1980
115	1987
116	1995
117	2013
118	2024
119	2047
120	2057
121	2065
122	2071
123	2075
124	2091
125	2106
126	2122
127	2147
128	2162
129	2167
130	2170
131	2186
132	2199
133	2218
134	2237
135	2248
136	2254
137	2257
138	2269
139	2297
140	2313
141	2328
142	2341
143	2345
144	2350
145	2357
146	2374
147	2385
148	2390
149	2396
150	2403
151	2408
152	2421
153	2435
154	2441
155	2445
156	2450
157	2456
158	2464
159	2478
160	2497
161	2514
162	2532
163	2552
164	2564
165	2573
166	2591
167	2609
168	2633
169	2651
170	2664
171	2674
172	2679
173	2694
174	2714
175	2732
176	2747
177	2762
178	2770
179	2773
180	2787
181	2801
182	2812
183	2830
184	2843
185	2852
186	2858
187	2868
188	2889
189	2902
190	2923
191	2945
192	2950
193	2960
194	2980
195	2995
196	3013
197	3036
198	3056
199	3063
200	3068
201	3080
202	3097
203	3109
204	3135
205	3153
206	3158
207	3165
208	3182
209	3198
210	3216
211	3235
212	3250
213	3254
214	3258
215	3272
216	3295
217	3312
218	3339
219	3355
220	3363
221	3369
222	3386
223	3404
224	3413
225	3433
226	3455
227	3460
228	3466
229	3481
230	3494
231	3513
232	3525
233	3538
234	3545
235	3548
236	3564
237	3583
238	3600
239	3618
240	3640
241	3649
242	3651
243	3671
244	3685
245	3703
246	3721
247	3739
248	3745
249	3750
250	3763
251	3789
252	3806
253	3816
254	3832
255	3835
256	3839
257	3844
258	3860
259	3883
260	3899
261	3915
262	3921
263	3930
264	3956
265	3972
266	3996
267	4008
268	4021
269	4028
270	4033
271	4054
272	4069
273	4093
274	4122
275	4132
276	4141
277	4148
278	4171
279	4190
280	4207
281	4232
282	4243
283	4248
284	4259
285	4279
286	4307
287	4324
288	4343
289	4358
290	4363
291	4369
292	4391
293	4406
294	4429
295	4447
296	4461
297	4469
298	4478
299	4492
300	4506
301	4522
302	4536
303	4543
304	4547
305	4558
306	4569
307	4587
308	4603
309	4622
310	4636
311	4640
312	4645
313	4663
314	4688
315	4707
316	4733
317	4749
318	4752
319	4757
320	4773
321	4785
322	4813
323	4832
324	4847
325	4854
326	4859
327	4875
328	4896
329	4910
330	4933
331	4947
332	4951
333	4955
334	4975
335	4993
336	5010
337	5021
338	5033
339	5037
340	5046
341	5058
342	5072
343	5087
344	5100
345	5119
346	5127
347	5128
348	5151
349	5168
350	5182
351	5205
352	5226
353	5230
354	5236
355	5254
356	5277
357	5301
358	5320
359	5338
360	5345
361	5349
362	5366
363	5388
364	5402
365	5424
366	5443
367	5448
368	5455
369	5469
370	5485
371	5498
372	5517
373	5532
374	5538
375	5544
376	5555
377	5576
378	5596
379	5613
380	5625
381	5629
382	5634
383	5645
384	5658
385	5685
386	5705
387	5722
388	5726
389	5732
390	5748
391	5768
392	5790
393	5807
394	5827
395	5834
396	5838
397	5851
398	5869
399	5886
400	5904
401	5918
402	5929
403	5934
404	5946
405	5960
406	5982
407	6006
408	6025
409	6028
410	6031
411	6046
412	6067
413	6078
414	6090
415	6105
416	6111
417	6121
418	6141
419	6158
420	6169
421	6193
422	6201
423	6210
424	6221
425	6238
426	6247
427	6264
428	6277
429	6292
430	6300
431	6305
432	6325
433	6343
434	6362
435	6382
436	6401
437	6409
438	6415
439	6427
440	6448
441	6466
442	6487
443	6509
444	6521
445	6533
446	6553
447	6591
448	6628
449	6668
450	6699
451	6715
452	6724
453	6749
454	6768
455	6789
456	6821
457	6837
458	6840
459	6850
460	6870
461	6888
462	6922
463	6947
464	6968
465	6979
466	6997
467	7021
468	7053
469	7081
470	7117
471	7140
472	7155
473	7169
474	7200
475	7238
476	7272
477	7299
478	7335
479	7347
480	7360
481	7382
482	7412
483	7447
484	7468
485	7481
486	7491
487	7504
488	7524
489	7552
490	7582
491	7610
492	7648
493	7656
494	7666
495	7686
496	7713
497	7735
498	7759
499	7778
500	7793
501	7804
502	7823
503	7847
504	7873
505	7911
506	7928
507	7936
508	7950
509	7971
510	7992
511	8009
512	8026
513	8031
514	8041
515	8047
516	8069
517	8092
518	8115
519	8138
520	8147
521	8159
522	8166
523	8195
524	8218
525	8238
526	8269
527	8298
528	8309
529	8322
530	8342
531	8366
532	8399
533	8422
534	8451
535	8463
536	8475
537	8498
538	8541
539	8704
540	8888
541	8999
542	9057
543	9100
544	9189
545	9295
546	9411
547	9529
548	9642
549	9682
550	9712
551	9810
552	9917
553	9993
554	10099
555	10192
556	10234
557	10260
558	10329
559	10415
560	10500
561	10612
562	10678
563	10707
564	10733
565	10804
566	10890
567	10970
568	11060
569	11122
570	11156
571	11189
572	11270
573	11351
574	11443
575	11524
576	11576
577	11606
578	11641
579	11703
580	11780
581	11857
582	11931
583	12001
584	12036
585	12064
586	12124
587	12196
588	12262
589	12332
590	12407
591	12440
592	12467
593	12526
594	12578
595	12650
596	12707
597	12752
598	12776
599	12800
600	12867
601	12939
602	12992
603	13049
604	13098
605	13126
606	13155
607	13210
608	13257
609	13318
610	13352
611	13397
612	13413
613	13435
614	13472
615	13521
616	13589
617	13642
618	13698
619	13719
620	13742
621	13795
622	13867
623	13905
624	13980
625	14035
626	14060
627	14081
628	14128
629	14194
630	14239
631	14305
632	14350
633	14381
634	14394
635	14444
636	14501
637	14559
638	14617
639	14678
640	14699
641	14722
642	14761
643	14811
644	14871
645	14923
646	14961
647	14992
648	15019
649	15067
650	15117
651	15175
652	15224
653	15276
654	15290
655	15317
656	15372
657	15426
658	15467
659	15529
660	15576
661	15601
662	15624
663	15683
664	15726
665	15790
666	15845
667	15890
668	15916
669	15931
670	15964
671	16021
672	16068
673	16118
674	16174
675	16200
676	16219
677	16268
678	16318
679	16362
680	16413
681	16456
682	16471
683	16494
684	16538
685	16579
686	16623
687	16672
688	16710
689	16728
690	16743
691	16782
692	16831
693	16883
694	16931
695	16981
696	16998
697	17020
698	17062
699	17117
700	17172
701	17232
702	17278
703	17294
704	17311
705	17353
706	17417
707	17462
708	17542
709	17586
710	17603
711	17621
712	17671
713	17725
714	17784
715	17844
716	17885
717	17895
718	17924
719	17976
720	18030
721	18075
722	18130
723	18169
724	18183
725	18212
726	18266
727	18318
728	18369
729	18416
730	18463
731	18483
732	18500
733	18546
734	18597
735	18650
736	18698
737	18748
738	18767
739	18792
740	18841
741	18903
742	18951
743	19021
744	19058
745	19079
746	19097
747	19127
748	19172
749	19220
750	19271
751	19318
752	19325
753	19356
754	19396
755	19441
756	19489
757	19538
758	19576
759	19596
760	19617
761	19657
762	19700
763	19740
764	19775
765	19811
766	19824
767	19845
768	19865
769	19897
770	19931
771	19969
772	20007
773	20017
774	20037
775	20072
776	20104
777	20145
778	20188
779	20218
780	20235
781	20245
782	20281
783	20326
784	20362
785	20403
786	20443
787	20458
788	20473
789	20530
790	20574
791	20607
792	20655
793	20681
794	20701
795	20718
796	20751
797	20782
798	20815
799	20859
800	20880
801	20890
802	20903
803	20936
804	20969
805	21013
806	21050
807	21084
808	21091
809	21107
810	21143
811	21184
812	21232
813	21275
814	21307
815	21322
816	21332
817	21362
818	21396
819	21425
820	21467
821	21506
822	21522
823	21531
824	21566
825	21596
826	21635
827	21672
828	21711
829	21720
830	21732
831	21762
832	21797
833	21840
834	21875
835	21902
836	21914
837	21925
838	21953
839	22118
840	22353
841	22564
842	22725
843	22800
844	22857
845	23008
846	23179
847	23334
848	23454
849	23546
850	23596
851	23658
852	23757
853	23878
854	23997
855	24144
856	24251
857	24309
858	24350
859	24436
860	24531
861	24652
862	24739
863	24825
864	24870
865	24913
866	25007
867	25091
868	25186
869	25274
870	25351
871	25398
872	25423
873	25500
874	25576
875	25645
876	25729
877	25772
878	25789
879	25811
880	25862
881	25913
882	25973
883	26048
884	26083
885	26108
886	26141
887	26195
888	26264
889	26344
890	26437
891	26527
892	26567
893	26600
894	26672
895	26751
896	26838
897	26913
898	26980
899	27016
900	27063
901	27133
902	27218
903	27307
904	27391
905	27473
906	27514
907	27549
908	27633
909	27715
910	27778
911	27868
912	27950
913	27976
914	28013
915	28073
916	28153
917	28226
918	28306
919	28373
920	28403
921	28450
922	28517
923	28586
924	28662
925	28730
926	28798
927	28827
928	28860
929	28932
930	29018
931	29111
932	29198
933	29269
934	29307
935	29331
936	29407
937	29510
938	29599
939	29673
940	29759
941	29786
942	29818
943	29893
944	29972
945	30049
946	30113
947	30180
948	30212
949	30251
950	30309
951	30382
952	30443
953	30529
954	30603
955	30638
956	30672
957	30747
958	30831
959	30906
960	30988
961	31046
962	31076
963	31107
964	31176
965	31237
966	31314
967	31382
968	31435
969	31464
970	31493
971	31563
972	31628
973	31692
974	31756
975	31826
976	31849
977	31887
978	31946
979	32020
980	32081
981	32165
982	32218
983	32256
984	32284
985	32339
986	32405
987	32474
988	32540
989	32589
990	32624
991	32653
992	32726
993	32796
994	32864
995	32942
996	32988
997	33016
998	33035
999	33096
1000	33155
1001	33219
1002	33283
1003	33347
1004	33376
1005	33411
1006	33474
1007	33555
1008	33636
1009	33710
1010	33767
1011	33790
1012	33817
1013	33891
1014	33954
1015	34013
1016	34068
1017	34132
1018	34164
1019	34198
1020	34255
1021	34306
1022	34365
1023	34453
1024	34515
1025	34550
1026	34580
1027	34646
1028	34715
1029	34777
1030	34841
1031	34880
1032	34906
1033	34929
1034	34976
1035	35031
1036	35089
1037	35141
1038	35175
1039	35192
1040	35221
1041	35261
1042	35307
1043	35360
1044	35624
1045	35924
1046	36019
1047	36129
1048	36352
1049	36583
1050	36769
1051	36962
1052	37113
1053	37188
1054	37257
1055	37415
1056	37601
1057	37765
1058	37925
1059	38041
1060	38101
1061	38149
1062	38288
1063	38409
1064	38552
1065	38678
1066	38798
1067	38855
1068	38894
1069	39004
1070	39115
1071	39239
1072	39354
1073	39452
1074	39496
1075	39549
1076	39662
1077	39762
1078	39882
1079	40014
1080	40117
1081	40167
1082	40210
1083	40309
1084	40425
1085	40535
1086	40657
1087	40754
1088	40794
1089	40839
1090	40911
1091	41025
1092	41142
1093	41230
1094	41310
1095	41340
1096	41375
1097	41462
1098	41571
1099	41677
1100	41766
1101	41840
1102	41870
1103	41921
1104	42009
1105	42109
1106	42200
1107	42284
1108	42367
1109	42405
1110	42447
1111	42514
1112	42612
1113	42704
1114	42799
1115	42886
1116	42930
1117	42976
1118	43055
1119	43140
1120	43220
1121	43311
1122	43403
1123	43437
1124	43468
1125	43546
1126	43618
1127	43700
1128	43780
1129	43846
1130	43876
1131	43920
1132	43993
1133	44074
1134	44164
1135	44242
1136	44328
1137	44365
1138	44395
1139	44466
1140	44542
1141	44606
1142	44675
1143	44744
1144	44774
1145	44813
1146	44880
1147	44958
1148	45047
1149	45116
1150	45175
1151	45201
1152	45227
1153	45270
1154	45319
1155	45377
1156	45425
1157	45480
1158	45498
1159	45519
1160	45570
1161	45626
1162	45681
1163	45732
1164	45764
1165	45791
1166	45821
1167	45870
1168	45929
1169	45982
1170	46039
1171	46087
1172	46116
1173	46141
1174	46177
1175	46238
1176	46291
1177	46345
1178	46392
1179	46415
1180	46433
1181	46477
1182	46521
1183	46556
1184	46606
1185	46644
1186	46662
1187	46683
1188	46741
1189	46784
1190	46830
1191	46893
1192	46942
1193	46955
1194	46974
1195	47014
1196	47063
1197	47129
1198	47182
1199	47221
1200	47244
1201	47266
1202	47303
1203	47360
1204	47398
1205	47453
1206	47503
1207	47521
1208	47551
1209	47600
1210	47651
1211	47700
1212	47745
1213	47781
1214	47802
1215	47825
1216	47882
1217	47926
1218	47966
1219	48013
1220	48057
1221	48073
1222	48094
1223	48238
1224	48580
1225	48882
1226	49130
1227	49331
1228	49430
1229	49537
1230	49703
1231	49900
1232	50081
1233	50260
1234	50396
1235	50453
1236	50501
1237	50661
1238	50801
1239	50950
1240	51081
1241	51172
1242	51215
1243	51249
1244	51316
1245	51399
1246	51495
1247	51613
1248	51688
1249	51724
1250	51769
1251	51834
1252	51932
1253	52043
1254	52162
1255	52269
1256	52324
1257	52371
1258	52468
1259	52576
1260	52680
1261	52789
1262	52877
1263	52927
1264	52974
1265	53064
1266	53164
1267	53267
1268	53369
1269	53456
1270	53507
1271	53550
1272	53628
1273	53726
1274	53821
1275	53914
1276	53999
1277	54040
1278	54073
1279	54159
1280	54270
1281	54373
1282	54459
1283	54537
1284	54579
1285	54612
1286	54685
1287	54783
1288	54877
1289	54969
1290	55044
1291	55086
1292	55135
1293	55214
1294	55301
1295	55393
1296	55489
1297	55572
1298	55600
1299	55642
1300	55720
1301	55809
1302	55897
1303	55974
1304	56060
1305	56096
1306	56136
1307	56202
1308	56292
1309	56383
1310	56462
1311	56526
1312	56560
1313	56591
1314	56669
1315	56745
1316	56830
1317	56885
1318	56948
1319	56984
1320	57036
1321	57103
1322	57163
1323	57236
1324	57304
1325	57369
1326	57404
1327	57445
1328	57509
1329	57568
1330	57647
1331	57720
1332	57772
1333	57811
1334	57851
1335	57923
1336	58005
1337	58080
1338	58152
1339	58215
1340	58246
1341	58276
1342	58356
1343	58415
1344	58481
1345	58554
1346	58598
1347	58628
1348	58660
1349	58717
1350	58788
1351	58860
1352	58925
1353	58976
1354	59009
1355	59038
1356	59104
1357	59184
1358	59251
1359	59319
1360	59377
1361	59428
1362	59467
1363	59515
1364	59576
1365	59644
1366	59702
1367	59764
1368	59798
1369	59826
1370	59876
1371	59914
1372	59985
1373	60061
1374	60098
1375	60124
1376	60144
1377	60321
1378	60677
1379	60987
1380	61276
1381	61513
1382	61618
1383	61702
1384	61931
1385	62148
1386	62364
1387	62560
1388	62710
1389	62777
1390	62852
1391	63019
1392	63219
1393	63396
1394	63554
1395	63698
1396	63764
1397	63812
1398	63917
1399	64071
1400	64220
1401	64366
1402	64487
1403	64529
1404	64578
1405	64677
1406	64802
1407	64910
1408	65026
1409	65134
1410	65181
1411	65242
1412	65351
1413	65480
1414	65605
1415	65713
1416	65839
1417	65893
1418	65936
1419	66058
1420	66196
1421	66317
1422	66411
1423	66503
1424	66555
1425	66598
1426	66699
1427	66816
1428	66942
1429	67068
1430	67156
1431	67196
1432	67234
1433	67312
1434	67411
1435	67491
1436	67595
1437	67685
1438	67723
1439	67760
1440	67854
1441	67961
1442	68085
1443	68183
1444	68260
1445	68300
1446	68344
1447	68428
1448	68521
1449	68617
1450	68710
1451	68787
1452	68834
1453	68870
1454	68963
1455	69075
1456	69195
1457	69297
1458	69386
1459	69421
1460	69460
1461	69563
1462	69657
1463	69750
1464	69824
1465	69901
1466	69940
1467	69982
1468	70052
1469	70128
1470	70214
1471	70305
1472	70365
1473	70394
1474	70433
1475	70510
1476	70599
1477	70654
1478	70731
1479	70802
1480	70841
1481	70864
1482	70924
1483	70995
1484	71072
1485	71158
1486	71225
1487	71251
1488	71280
1489	71345
1490	71424
1491	71493
1492	71568
1493	71632
1494	71661
1495	71695
1496	71750
1497	71833
1498	71914
1499	71990
1500	72069
1501	72101
1502	72136
1503	72205
1504	72284
1505	72327
1506	72398
1507	72457
1508	72490
1509	72520
1510	72577
1511	72650
1512	72719
1513	72783
1514	72834
1515	72861
1516	72890
1517	72953
1518	73195
1519	73575
1520	73886
1521	74147
1522	74255
1523	74335
1524	74543
1525	74771
1526	75000
1527	75212
1528	75411
1529	75477
1530	75558
1531	75709
1532	75890
1533	76087
1534	76256
1535	76445
1536	76495
1537	76564
1538	76715
1539	76876
1540	77047
1541	77205
1542	77361
1543	77428
1544	77512
1545	77664
1546	77819
1547	77941
1548	78085
1549	78210
1550	78278
1551	78323
1552	78449
1553	78565
1554	78717
1555	78832
1556	78936
1557	79000
1558	79052
1559	79184
1560	79313
1561	79419
1562	79527
1563	79625
1564	79679
1565	79739
1566	79844
1567	79961
1568	80085
1569	80204
1570	80307
1571	80370
1572	80413
1573	80518
1574	80625
1575	80745
1576	80830
1577	80906
1578	80972
1579	81023
1580	81124
1581	81208
1582	81322
1583	81448
1584	81529
1585	81590
1586	81653
1587	81778
1588	81885
1589	81992
1590	82103
1591	82211
1592	82260
1593	82323
1594	82420
1595	82510
1596	82617
1597	82722
1598	82809
1599	82849
1600	82902
1601	82999
1602	83090
1603	83185
1604	83266
1605	83336
1606	83378
1607	83426
1608	83472
1609	83502
1610	83553
1611	83617
1612	83683
1613	83727
1614	83768
1615	83821
1616	83865
1617	83929
1618	84030
1619	84095
1620	84139
1621	84186
1622	84276
1623	84363
1624	84455
1625	84525
1626	84593
1627	84629
1628	84668
1629	84742
1630	84829
1631	84917
1632	85001
1633	85068
1634	85105
1635	85130
1636	85207
1637	85280
1638	85377
1639	85469
1640	85534
1641	85581
1642	85614
1643	85688
1644	85771
1645	85852
1646	85933
1647	86003
1648	86036
1649	86075
1650	86514
1651	86918
1652	87227
1653	87567
1654	87845
1655	87948
1656	88068
1657	88325
1658	88561
1659	88810
1660	89017
1661	89211
1662	89294
1663	89384
1664	89574
1665	89791
1666	90002
1667	90203
1668	90378
1669	90474
1670	90553
1671	90720
1672	90897
1673	91064
1674	91216
1675	91373
1676	91447
1677	91536
1678	91689
1679	91862
1680	92016
1681	92169
1682	92310
1683	92380
1684	92456
1685	92584
1686	92729
1687	92890
1688	93042
1689	93181
1690	93268
1691	93337
1692	93492
1693	93658
1694	93800
1695	93932
1696	94064
1697	94133
1698	94191
1699	94314
1700	94446
1701	94561
1702	94698
1703	94774
1704	94826
1705	94884
1706	94975
1707	95110
1708	95240
1709	95370
1710	95473
1711	95522
1712	95575
1713	95714
1714	95843
1715	95990
1716	96122
1717	96267
1718	96329
1719	96385
1720	96495
1721	96601
1722	96718
1723	96827
1724	96919
1725	96965
1726	97010
1727	97104
1728	97216
1729	97354
1730	97453
1731	97548
1732	97593
1733	97640
1734	97724
1735	97807
1736	97880
1737	97975
1738	98065
1739	98116
1740	98162
1741	98248
1742	98348
1743	98441
1744	98535
1745	98615
1746	98663
1747	98712
1748	98799
1749	98877
1750	98982
1751	99071
1752	99142
1753	99182
1754	99223
1755	99290
1756	99362
1757	99437
1758	99509
1759	99591
1760	99624
1761	99652
1762	99793
1763	100251
1764	100635
1765	100988
1766	101253
1767	101375
1768	101475
1769	101717
1770	101990
1771	102258
1772	102510
1773	102730
1774	102821
1775	102903
1776	103095
1777	103297
1778	103471
1779	103662
1780	103867
1781	103941
1782	104007
1783	104169
1784	104354
1785	104535
1786	104720
1787	104876
1788	104958
1789	105028
1790	105185
1791	105370
1792	105537
1793	105696
1794	105813
1795	105876
1796	105938
1797	106066
1798	106204
1799	106358
1800	106491
1801	106612
1802	106685
1803	106723
1804	106841
1805	106978
1806	107117
1807	107246
1808	107376
1809	107424
1810	107475
1811	107592
1812	107741
1813	107889
1814	108003
1815	108128
1816	108176
1817	108228
1818	108345
1819	108487
1820	108626
1821	108767
1822	108842
1823	108886
1824	108943
1825	109045
1826	109163
1827	109271
1828	109396
1829	109502
1830	109543
1831	109599
1832	109694
1833	109770
1834	109888
1835	110002
1836	110104
1837	110142
1838	110184
1839	110276
1840	110375
1841	110473
1842	110551
1843	110635
1844	110687
1845	110728
1846	110819
1847	110946
1848	111048
1849	111146
1850	111251
1851	111307
1852	111352
1853	111437
1854	111537
1855	111660
1856	111775
1857	111855
1858	111901
1859	111936
1860	112011
1861	112097
1862	112182
1863	112296
1864	112384
1865	112419
1866	112464
1867	112532
1868	112614
1869	112720
1870	112809
1871	112892
1872	112920
1873	112960
1874	113035
1875	113124
1876	113410
1877	113876
1878	114261
1879	114406
1880	114544
1881	114860
1882	115164
1883	115465
1884	115760
1885	116021
1886	116116
1887	116220
1888	116432
1889	116648
1890	116864
1891	117087
1892	117301
1893	117407
1894	117500
1895	117687
1896	117886
1897	118091
1898	118283
1899	118460
1900	118531
1901	118627
1902	118778
1903	118931
1904	119109
1905	119293
1906	119461
1907	119541
1908	119639
1909	119807
1910	119987
1911	120188
1912	120401
1913	120548
1914	120635
1915	120703
1916	120831
1917	120975
1918	121147
1919	121277
1920	121392
1921	121445
1922	121511
1923	121644
1924	121790
1925	121940
1926	122070
1927	122204
1928	122293
1929	122365
1930	122494
1931	122621
1932	122758
1933	122889
1934	123012
1935	123086
1936	123147
1937	123277
1938	123431
1939	123580
1940	123707
1941	123822
1942	123891
1943	123935
1944	124067
1945	124205
1946	124347
1947	124452
1948	124556
1949	124606
1950	124671
1951	124788
1952	124923
1953	125041
1954	125170
1955	125284
1956	125340
1957	125410
1958	125525
1959	125642
1960	125756
1961	125863
1962	125957
1963	126019
1964	126077
1965	126170
1966	126275
1967	126380
1968	126480
1969	126563
1970	126596
1971	126645
1972	126739
1973	126782
1974	126819
1975	126877
1976	126945
1977	126999
1978	127046
1979	127120
1980	127180
1981	127223
1982	127293
1983	127346
1984	127392
1985	127437
1986	127502
1987	127842
1988	128346
1989	128752
1990	129091
1991	129250
1992	129388
1993	129688
1994	129962
1995	130268
1996	130541
1997	130774
1998	130881
1999	130971
2000	131209
2001	131456
2002	131732
2003	131976
2004	132191
2005	132295
2006	132397
2007	132599
2008	132815
2009	133027
2010	133211
2011	133378
2012	133490
2013	133570
2014	133746
2015	133933
2016	134136
2017	134308
2018	134468
2019	134553
2020	134647
2021	134816
2022	134960
2023	135116
2024	135278
2025	135425
2026	135498
2027	135573
2028	135693
2029	135835
2030	136006
2031	136177
2032	136334
2033	136395
2034	136469
2035	136604
2036	136764
2037	136940
2038	137110
2039	137244
2040	137316
2041	137377
2042	137493
2043	137623
2044	137769
2045	137911
2046	138032
2047	138097
2048	138149
2049	138280
2050	138406
2051	138549
2052	138692
2053	138812
2054	138875
2055	138937
2056	139066
2057	139210
2058	139356
2059	139488
2060	139584
2061	139648
2062	139699
2063	139805
2064	139932
2065	140084
2066	140191
2067	140297
2068	140360
2069	140428
2070	140522
2071	140612
2072	140729
2073	140856
2074	140970
2075	141033
2076	141078
2077	141193
2078	141308
2079	141428
2080	141534
2081	141628
2082	141672
2083	141724
2084	141882
2085	142451
2086	142946
2087	143298
2088	143576
2089	143731
2090	143860
2091	144100
2092	144408
2093	144678
2094	144944
2095	145186
2096	145314
2097	145437
2098	145651
2099	145906
2100	146122
2101	146293
2102	146470
2103	146574
2104	146686
2105	146865
2106	147055
2107	147244
2108	147452
2109	147627
2110	147716
2111	147808
2112	147985
2113	148158
2114	148347
2115	148538
2116	148648
2117	148729
2118	148805
2119	148970
2120	149131
2121	149326
2122	149507
2123	149660
2124	149737
2125	149801
2126	149923
2127	150081
2128	150262
2129	150390
2130	150549
2131	150606
2132	150674
2133	150790
2134	150933
2135	151074
2136	151236
2137	151346
2138	151396
2139	151464
2140	151583
2141	151725
2142	151839
2143	151969
2144	152071
2145	152132
2146	152192
2147	152293
2148	152432
2149	152558
2150	152678
2151	152792
2152	152839
2153	152893
2154	153001
2155	153129
2156	153260
2157	153374
2158	153474
2159	153528
2160	153576
2161	153685
2162	153825
2163	153943
2164	154068
2165	154143
2166	154181
2167	154224
2168	154337
2169	154433
2170	154550
2171	154654
2172	154750
2173	154797
2174	154842
2175	154961
2176	155073
2177	155213
2178	155314
2179	155422
2180	155479
2181	155530
2182	155618
2183	155740
2184	155868
2185	155962
2186	156061
2187	156100
2188	156147
2189	156234
2190	156339
2191	156429
2192	156547
2193	156622
2194	156663
2195	156703
2196	156787
2197	156883
2198	157096
2199	157554
2200	157925
2201	158080
2202	158230
2203	158575
2204	158898
2205	159199
2206	159496
2207	159681
2208	159795
2209	159881
2210	160090
2211	160318
2212	160528
2213	160747
2214	160954
2215	161035
2216	161131
2217	161300
2218	161516
2219	161703
2220	161921
2221	162091
2222	162169
2223	162233
2224	162384
2225	162565
2226	162744
2227	162919
2228	163075
2229	163133
2230	163230
2231	163369
2232	163538
2233	163717
2234	163867
2235	164014
2236	164080
2237	164150
2238	164311
2239	164459
2240	164618
2241	164770
2242	164898
2243	164962
2244	165020
2245	165153
2246	165290
2247	165447
2248	165609
2249	165750
2250	165807
2251	165861
2252	166000
2253	166105
2254	166230
2255	166336
2256	166426
2257	166487
2258	166562
2259	166670
2260	166791
2261	166925
2262	167068
2263	167175
2264	167244
2265	167303
2266	167409
2267	167529
2268	167655
2269	167774
2270	167887
2271	167957
2272	168006
2273	168114
2274	168219
2275	168344
2276	168448
2277	168548
2278	168593
2279	168647
2280	168743
2281	168849
2282	168959
2283	169087
2284	169187
2285	169239
2286	169297
2287	169398
2288	169513
2289	169616
2290	169732
2291	169849
2292	169902
2293	169947
2294	170037
2295	170132
2296	170254
2297	170352
2298	170437
2299	170486
2300	170532
2301	170619
2302	170719
2303	170847
2304	170937
2305	171039
2306	171090
2307	171144
2308	171234
2309	171335
2310	171449
2311	171542
2312	171597
2313	171654
2314	171695
2315	171779
2316	171862
2317	172309
2318	172700
2319	173025
2320	173182
2321	173329
2322	173632
2323	173924
2324	174204
2325	174493
2326	174750
2327	174843
2328	174951
2329	175147
2330	175369
2331	175579
2332	175815
2333	176005
2334	176095
2335	176195
2336	176362
2337	176553
2338	176678
2339	176762
2340	176857
2341	176939
2342	177030
2343	177172
2344	177307
2345	177401
2346	177469
2347	177606
2348	177678
2349	177768
2350	177912
2351	178084
2352	178269
2353	178429
2354	178572
2355	178630
2356	178721
2357	178884
2358	179036
2359	179194
2360	179337
2361	179478
2362	179554
2363	179632
2364	179769
2365	179947
2366	180112
2367	180255
2368	180396
2369	180458
2370	180530
2371	180648
2372	180795
2373	180962
2374	181117
2375	181230
2376	181308
2377	181385
2378	181520
2379	181652
2380	181825
2381	181980
2382	182097
2383	182179
2384	182241
2385	182367
2386	182487
2387	182623
2388	182769
2389	182906
2390	182977
2391	183035
2392	183145
2393	183247
2394	183384
2395	183518
2396	183636
2397	183720
2398	183785
2399	183911
2400	184052
2401	184169
2402	184294
2403	184395
2404	184454
2405	184507
2406	184617
2407	184747
2408	184872
2409	184992
2410	185117
2411	185203
2412	185257
2413	185373
2414	185512
2415	185642
2416	185771
2417	185909
2418	185975
2419	186038
2420	186146
2421	186278
2422	186413
2423	186547
2424	186633
2425	186680
2426	186746
2427	186845
2428	186986
2429	187124
2430	187232
2431	187336
2432	187396
2433	187450
2434	187580
2435	188061
2436	188524
2437	188904
2438	189205
2439	189376
2440	189521
2441	189744
2442	190049
2443	190376
2444	190725
2445	191008
2446	191145
2447	191280
2448	191549
2449	191812
2450	192081
2451	192327
2452	192576
2453	192697
2454	192828
2455	193063
2456	193304
2457	193557
2458	193812
2459	194011
2460	194117
2461	194243
2462	194441
2463	194674
2464	194880
2465	195068
2466	195193
2467	195309
2468	195408
2469	195587
2470	195797
2471	196029
2472	196247
2473	196429
2474	196534
2475	196620
2476	196789
2477	196986
2478	197184
2479	197377
2480	197549
2481	197625
2482	197717
2483	197888
2484	198067
2485	198264
2486	198450
2487	198620
2488	198701
2489	198777
2490	198892
2491	199099
2492	199278
2493	199456
2494	199636
2495	199731
2496	199812
2497	199945
2498	200101
2499	200256
2500	200407
2501	200553
2502	200621
2503	200700
2504	200851
2505	201024
2506	201179
2507	201354
2508	201479
2509	201570
2510	201638
2511	201777
2512	201927
2513	202106
2514	202258
2515	202387
2516	202442
2517	202494
2518	202623
2519	202779
2520	202936
2521	203069
2522	203208
2523	203270
2524	203336
2525	203457
2526	203599
2527	203738
2528	203880
2529	203983
2530	204037
2531	204077
2532	204189
2533	204304
2534	204428
2535	204553
2536	204659
2537	204715
2538	204754
2539	204872
2540	204995
2541	205085
2542	205384
2543	205810
2544	205979
2545	206158
2546	206556
2547	206958
2548	207347
2549	207748
2550	208043
2551	208177
2552	208298
2553	208581
2554	208898
2555	209223
2556	209540
2557	209769
2558	209876
2559	209985
2560	210214
2561	210457
2562	210719
2563	210996
2564	211223
2565	211333
2566	211444
2567	211666
2568	211908
2569	212139
2570	212407
2571	212614
2572	212705
2573	212795
2574	213001
2575	213221
2576	213462
2577	213698
2578	213877
2579	213979
2580	214078
2581	214247
2582	214424
2583	214639
2584	214850
2585	215023
2586	215114
2587	215207
2588	215349
2589	215524
2590	215692
2591	215866
2592	216026
2593	216127
2594	216210
2595	216351
2596	216549
2597	216735
2598	216913
2599	217074
2600	217148
2601	217219
2602	217380
2603	217545
2604	217714
2605	217896
2606	218063
2607	218151
2608	218232
2609	218391
2610	218558
2611	218726
2612	218896
2613	219019
2614	219091
2615	219157
2616	219284
2617	219431
2618	219575
2619	219735
2620	219877
2621	219970
2622	220027
2623	220154
2624	220310
2625	220457
2626	220621
2627	220774
2628	220848
2629	220913
2630	221062
2631	221203
2632	221327
2633	221472
2634	221602
2635	221669
2636	221729
2637	221852
2638	222007
2639	222143
2640	222285
2641	222406
2642	222463
2643	222530
2644	222641
2645	222796
2646	222930
2647	223030
2648	223137
2649	223190
2650	223256
2651	223377
2652	223496
2653	223619
2654	223778
2655	224283
2656	224490
2657	224678
2658	225042
2659	225419
2660	225759
2661	226130
2662	226460
2663	226595
2664	226731
2665	227001
2666	227323
2667	227649
2668	227969
2669	228260
2670	228379
2671	228500
2672	228735
2673	229024
2674	229300
2675	229498
2676	229691
2677	229824
2678	229926
2679	230153
2680	230381
2681	230640
2682	230856
2683	231086
2684	231185
2685	231306
2686	231524
2687	231749
2688	231967
2689	232190
2690	232392
2691	232490
2692	232597
2693	232782
2694	233023
2695	233228
2696	233433
2697	233592
2698	233682
2699	233759
2700	233966
2701	234155
2702	234317
2703	234444
2704	234513
2705	234593
2706	234687
2707	234842
2708	235000
2709	235160
2710	235260
2711	235338
2712	235416
2713	235509
2714	235649
2715	235817
2716	236016
2717	236189
2718	236356
2719	236442
2720	236550
2721	236708
2722	236889
2723	237071
2724	237266
2725	237410
2726	237492
2727	237590
2728	237762
2729	237941
2730	238130
2731	238298
2732	238464
2733	238554
2734	238655
2735	238821
2736	238978
2737	239170
2738	239334
2739	239491
2740	239584
2741	239674
2742	239821
2743	239980
2744	240133
2745	240325
2746	240485
2747	240567
2748	240651
2749	240813
2750	240960
2751	241127
2752	241328
2753	241471
2754	241546
2755	241632
2756	241803
2757	241965
2758	242168
2759	242368
2760	242529
2761	242622
2762	242713
2763	242860
2764	243032
2765	243205
2766	243370
2767	243778
2768	244060
2769	244324
2770	244844
2771	245326
2772	245782
2773	246249
2774	246651
2775	246866
2776	246890
