1	2
2	4
3	4
4	4
5	6
6	6
7	6
8	7
9	7
10	7
11	7
12	7
13	7
14	7
15	7
16	7
17	8
18	8
19	9
20	9
21	10
22	10
23	11
24	13
25	13
26	14
27	15
28	16
29	16
30	17
31	17
32	19
33	19
34	20
35	21
36	24
37	24
38	24
39	24
40	24
41	24
42	24
43	26
44	32
45	38
46	46
47	48
48	49
49	51
50	52
51	54
52	57
53	58
54	63
55	64
56	65
57	66
58	67
59	68
60	69
61	73
62	74
63	76
64	77
65	79
66	80
67	81
68	82
69	82
70	82
71	83
72	87
73	90
74	94
75	96
76	96
77	97
78	98
79	105
80	109
81	110
82	112
83	112
84	113
85	113
86	114
87	117
88	118
89	118
90	119
91	119
92	121
93	124
94	124
95	126
96	130
97	131
98	132
99	133
100	134
101	135
102	137
103	138
104	138
105	138
106	143
107	143
108	143
109	143
110	143
111	143
112	144
113	147
114	148
115	149
116	149
117	151
118	152
119	153
120	153
121	153
122	154
123	158
124	159
125	161
126	162
127	163
128	166
129	166
130	167
131	169
132	170
133	171
134	172
135	172
136	175
137	177
138	177
139	177
140	177
141	179
142	180
143	181
144	181
145	181
146	181
147	181
148	181
149	184
150	185
151	185
152	185
153	186
154	187
155	189
156	190
157	191
158	191
159	192
160	193
161	193
162	194
163	195
164	196
165	196
166	198
167	199
168	199
169	200
170	202
171	205
172	206
173	208
174	208
175	210
176	211
177	212
178	213
179	214
180	217
181	217
182	218
183	219
184	221
185	222
186	226
187	229
188	230
189	231
190	234
191	236
192	238
193	240
194	242
195	243
196	243
197	244
198	246
199	248
200	251
201	251
202	252
203	253
204	254
205	254
206	254
207	255
208	257
209	258
210	261
211	263
212	264
213	265
214	266
215	270
216	271
217	272
218	273
219	274
220	275
221	277
222	283
223	285
224	285
225	287
226	289
227	290
228	290
229	293
230	294
231	295
232	299
233	299
234	300
235	303
236	307
237	307
238	307
239	308
240	309
241	311
242	312
243	314
244	314
245	314
246	318
247	319
248	320
249	322
250	322
251	323
252	326
253	327
254	329
255	329
256	329
257	331
258	331
259	332
260	333
261	335
262	335
263	335
264	336
265	336
266	338
267	342
268	346
269	346
270	348
271	350
272	350
273	352
274	353
275	354
276	354
277	355
278	357
279	358
280	359
281	359
282	360
283	364
284	370
285	371
286	372
287	373
288	375
289	380
290	383
291	384
292	384
293	386
294	386
295	387
296	388
297	388
298	392
299	397
300	399
301	399
302	402
303	406
304	409
305	412
306	412
307	414
308	414
309	416
310	418
311	420
312	423
313	426
314	426
315	426
316	427
317	430
318	432
319	434
320	436
321	436
322	436
323	437
324	439
325	441
326	443
327	443
328	444
329	445
330	446
331	451
332	452
333	454
334	455
335	455
336	456
337	460
338	462
339	464
340	466
341	470
342	471
343	471
344	480
345	483
346	487
347	488
348	491
349	493
350	494
351	496
352	497
353	498
354	501
355	505
356	506
357	506
358	508
359	515
360	521
361	522
362	524
363	525
364	526
365	529
366	529
367	530
368	535
369	538
370	539
371	540
372	544
373	546
374	548
375	549
376	552
377	553
378	554
379	556
380	558
381	564
382	566
383	567
384	568
385	569
386	570
387	577
388	580
389	580
390	581
391	581
392	583
393	584
394	585
395	587
396	589
397	592
398	592
399	594
400	595
401	599
402	605
403	606
404	608
405	609
406	609
407	611
408	613
409	614
410	617
411	622
412	624
413	624
414	627
415	630
416	631
417	632
418	634
419	635
420	637
421	640
422	643
423	644
424	645
425	649
426	650
427	654
428	655
429	659
430	661
431	664
432	667
433	669
434	671
435	673
436	676
437	678
438	681
439	683
440	685
441	685
442	691
443	697
444	702
445	705
446	708
447	709
448	712
449	713
450	715
451	716
452	721
453	725
454	729
455	730
456	733
457	735
458	740
459	742
460	746
461	749
462	750
463	752
464	755
465	758
466	762
467	764
468	767
469	769
470	769
471	771
472	773
473	776
474	778
475	779
476	781
477	787
478	791
479	794
480	796
481	797
482	797
483	799
484	801
485	802
486	805
487	807
488	812
489	814
490	815
491	818
492	819
493	820
494	821
495	822
496	823
497	823
498	823
499	825
500	831
501	835
502	837
503	837
504	838
505	840
506	843
507	844
508	845
509	845
510	846
511	847
512	850
513	856
514	856
515	857
516	859
517	859
518	859
519	861
520	861
521	864
522	872
523	874
524	877
525	879
526	885
527	887
528	890
529	893
530	897
531	898
532	900
533	904
534	906
535	914
536	920
537	924
538	925
539	927
540	928
541	932
542	940
543	942
544	943
545	944
546	946
547	948
548	949
549	952
550	956
551	958
552	958
553	959
554	964
555	966
556	970
557	975
558	976
559	981
560	981
561	984
562	986
563	987
564	991
565	996
566	998
567	998
568	1004
569	1008
570	1010
571	1016
572	1019
573	1020
574	1022
575	1024
576	1027
577	1036
578	1042
579	1045
580	1046
581	1048
582	1051
583	1054
584	1056
585	1063
586	1069
587	1071
588	1074
589	1077
590	1080
591	1083
592	1086
593	1089
594	1092
595	1095
596	1097
597	1101
598	1104
599	1106
600	1106
601	1107
602	1111
603	1115
604	1115
605	1123
606	1133
607	1135
608	1138
609	1139
610	1142
611	1143
612	1145
613	1146
614	1149
615	1151
616	1152
617	1156
618	1162
619	1168
620	1175
621	1182
622	1183
623	1185
624	1185
625	1188
626	1190
627	1193
628	1198
629	1201
630	1204
631	1206
632	1209
633	1213
634	1217
635	1219
636	1219
637	1222
638	1226
639	1232
640	1237
641	1241
642	1244
643	1247
644	1248
645	1250
646	1253
647	1258
648	1261
649	1266
650	1267
651	1269
652	1272
653	1277
654	1278
655	1282
656	1285
657	1285
658	1288
659	1294
660	1300
661	1303
662	1309
663	1311
664	1315
665	1315
666	1315
667	1319
668	1332
669	1338
670	1344
671	1345
672	1347
673	1351
674	1356
675	1361
676	1369
677	1372
678	1375
679	1376
680	1380
681	1384
682	1390
683	1392
684	1399
685	1401
686	1401
687	1407
688	1415
689	1420
690	1429
691	1435
692	1439
693	1439
694	1444
695	1450
696	1456
697	1459
698	1464
699	1465
700	1467
701	1467
702	1472
703	1479
704	1487
705	1492
706	1497
707	1502
708	1505
709	1508
710	1512
711	1514
712	1519
713	1522
714	1523
715	1530
716	1535
717	1546
718	1551
719	1557
720	1560
721	1560
722	1563
723	1565
724	1571
725	1579
726	1581
727	1581
728	1582
729	1584
730	1590
731	1598
732	1605
733	1610
734	1614
735	1615
736	1626
737	1630
738	1637
739	1644
740	1650
741	1654
742	1655
743	1662
744	1666
745	1670
746	1675
747	1677
748	1678
749	1683
750	1685
751	1692
752	1698
753	1702
754	1707
755	1709
756	1710
757	1714
758	1725
759	1731
760	1734
761	1740
762	1743
763	1749
764	1752
765	1753
766	1763
767	1772
768	1773
769	1776
770	1778
771	1785
772	1787
773	1793
774	1797
775	1803
776	1815
777	1819
778	1822
779	1826
780	1834
781	1839
782	1845
783	1847
784	1851
785	1856
786	1861
787	1867
788	1870
789	1871
790	1873
791	1874
792	1883
793	1888
794	1894
795	1906
796	1909
797	1910
798	1913
799	1915
800	1922
801	1931
802	1941
803	1947
804	1956
805	1960
806	1962
807	1968
808	1975
809	1981
810	1987
811	1990
812	1993
813	1998
814	2004
815	2009
816	2014
817	2016
818	2020
819	2021
820	2027
821	2038
822	2042
823	2045
824	2048
825	2050
826	2052
827	2057
828	2066
829	2070
830	2075
831	2078
832	2080
833	2081
834	2089
835	2093
836	2099
837	2102
838	2108
839	2112
840	2114
841	2118
842	2123
843	2130
844	2133
845	2133
846	2138
847	2140
848	2146
849	2151
850	2156
851	2163
852	2169
853	2174
854	2176
855	2182
856	2190
857	2192
858	2197
859	2208
860	2211
861	2214
862	2220
863	2228
864	2231
865	2235
866	2237
867	2241
868	2244
869	2249
870	2254
871	2258
872	2258
873	2263
874	2266
875	2268
876	2273
877	2280
878	2283
879	2285
880	2287
881	2287
882	2288
883	2292
884	2299
885	2308
886	2312
887	2318
888	2321
889	2322
890	2327
891	2337
892	2344
893	2351
894	2357
895	2360
896	2361
897	2364
898	2373
899	2380
900	2387
901	2394
902	2397
903	2399
904	2409
905	2414
906	2419
907	2426
908	2430
909	2440
910	2443
911	2448
912	2453
913	2459
914	2465
915	2472
916	2477
917	2479
918	2488
919	2497
920	2503
921	2511
922	2521
923	2526
924	2529
925	2540
926	2545
927	2547
928	2553
929	2558
930	2565
931	2568
932	2576
933	2580
934	2585
935	2594
936	2598
937	2605
938	2607
939	2616
940	2622
941	2629
942	2641
943	2653
944	2662
945	2664
946	2667
947	2671
948	2681
949	2691
950	2698
951	2703
952	2707
953	2713
954	2725
955	2731
956	2735
957	2741
958	2743
959	2746
960	2753
961	2763
962	2775
963	2781
964	2786
965	2791
966	2793
967	2799
968	2806
969	2812
970	2819
971	2827
972	2831
973	2833
974	2841
975	2852
976	2858
977	2867
978	2874
979	2875
980	2878
981	2885
982	2895
983	2911
984	2918
985	2929
986	2931
987	2936
988	2944
989	2954
990	2965
991	2972
992	2978
993	2982
994	2985
995	2991
996	3003
997	3015
998	3019
999	3028
1000	3031
1001	3033
1002	3040
1003	3047
1004	3052
1005	3061
1006	3067
1007	3069
1008	3074
1009	3079
1010	3084
1011	3095
1012	3102
1013	3109
1014	3112
1015	3114
1016	3122
1017	3128
1018	3131
1019	3135
1020	3146
1021	3147
1022	3150
1023	3157
1024	3173
1025	3177
1026	3185
1027	3187
1028	3192
1029	3194
1030	3201
1031	3209
1032	3215
1033	3219
1034	3226
1035	3235
1036	3241
1037	3247
1038	3253
1039	3263
1040	3275
1041	3281
1042	3284
1043	3286
1044	3291
1045	3299
1046	3308
1047	3316
1048	3322
1049	3327
1050	3330
1051	3333
1052	3340
1053	3351
1054	3356
1055	3362
1056	3367
1057	3371
1058	3378
1059	3380
1060	3387
1061	3394
1062	3398
1063	3401
1064	3403
1065	3410
1066	3416
1067	3426
1068	3433
1069	3448
1070	3448
1071	3449
1072	3452
1073	3461
1074	3465
1075	3471
1076	3484
1077	3486
1078	3486
1079	3493
1080	3501
1081	3511
1082	3523
1083	3529
1084	3532
1085	3533
1086	3543
1087	3550
1088	3559
1089	3568
1090	3578
1091	3581
1092	3585
1093	3590
1094	3601
1095	3613
1096	3626
1097	3632
1098	3634
1099	3637
1100	3643
1101	3651
1102	3659
1103	3667
1104	3676
1105	3679
1106	3684
1107	3689
1108	3701
1109	3707
1110	3715
1111	3725
1112	3728
1113	3732
1114	3742
1115	3758
1116	3765
1117	3774
1118	3781
1119	3786
1120	3789
1121	3795
1122	3808
1123	3813
1124	3828
1125	3836
1126	3839
1127	3840
1128	3843
1129	3849
1130	3853
1131	3865
1132	3872
1133	3879
1134	3881
1135	3884
1136	3889
1137	3905
1138	3917
1139	3922
1140	3926
1141	3928
1142	3936
1143	3942
1144	3949
1145	3954
1146	3959
1147	3966
1148	3970
1149	3977
1150	3987
1151	3995
1152	4004
1153	4011
1154	4017
1155	4022
1156	4025
1157	4032
1158	4040
1159	4049
1160	4064
1161	4071
1162	4074
1163	4077
1164	4088
1165	4101
1166	4109
1167	4119
1168	4121
1169	4126
1170	4133
1171	4141
1172	4147
1173	4153
1174	4162
1175	4163
1176	4166
1177	4173
1178	4185
1179	4194
1180	4203
1181	4211
1182	4215
1183	4225
1184	4232
1185	4240
1186	4250
1187	4257
1188	4265
1189	4272
1190	4276
1191	4284
1192	4293
1193	4303
1194	4316
1195	4323
1196	4332
1197	4335
1198	4347
1199	4355
1200	4365
1201	4377
1202	4381
1203	4384
1204	4388
1205	4393
1206	4397
1207	4408
1208	4413
1209	4422
1210	4426
1211	4430
1212	4433
1213	4441
1214	4451
1215	4459
1216	4468
1217	4473
1218	4480
1219	4485
1220	4494
1221	4499
1222	4507
1223	4514
1224	4517
1225	4523
1226	4535
1227	4544
1228	4553
1229	4567
1230	4575
1231	4584
1232	4587
1233	4595
1234	4605
1235	4623
1236	4632
1237	4634
1238	4636
1239	4637
1240	4644
1241	4653
1242	4669
1243	4678
1244	4683
1245	4688
1246	4689
1247	4699
1248	4706
1249	4716
1250	4723
1251	4731
1252	4735
1253	4742
1254	4757
1255	4767
1256	4774
1257	4783
1258	4792
1259	4793
1260	4793
1261	4800
1262	4806
1263	4824
1264	4841
1265	4853
1266	4857
1267	4860
1268	4868
1269	4881
1270	4900
1271	4909
1272	4915
1273	4922
1274	4929
1275	4939
1276	4950
1277	4963
1278	4979
1279	4993
1280	4994
1281	5007
1282	5017
1283	5025
1284	5033
1285	5048
1286	5055
1287	5062
1288	5068
1289	5080
1290	5089
1291	5099
1292	5116
1293	5126
1294	5129
1295	5137
1296	5149
1297	5162
1298	5175
1299	5183
1300	5190
1301	5196
1302	5202
1303	5214
1304	5221
1305	5238
1306	5254
1307	5265
1308	5269
1309	5271
1310	5281
1311	5296
1312	5310
1313	5315
1314	5328
1315	5336
1316	5344
1317	5354
1318	5369
1319	5380
1320	5390
1321	5398
1322	5401
1323	5406
1324	5411
1325	5421
1326	5430
1327	5441
1328	5453
1329	5461
1330	5466
1331	5480
1332	5488
1333	5510
1334	5523
1335	5533
1336	5537
1337	5544
1338	5557
1339	5567
1340	5578
1341	5593
1342	5601
1343	5609
1344	5617
1345	5625
1346	5635
1347	5646
1348	5660
1349	5666
1350	5668
1351	5671
1352	5683
1353	5691
1354	5705
1355	5722
1356	5732
1357	5739
1358	5746
1359	5755
1360	5764
1361	5772
1362	5780
1363	5788
1364	5795
1365	5806
1366	5813
1367	5823
1368	5832
1369	5850
1370	5857
1371	5863
1372	5870
1373	5886
1374	5893
1375	5907
1376	5924
1377	5933
1378	5937
1379	5945
1380	5957
1381	5969
1382	5988
1383	5999
1384	6014
1385	6019
1386	6027
1387	6039
1388	6056
1389	6063
1390	6074
1391	6088
1392	6090
1393	6093
1394	6103
1395	6110
1396	6129
1397	6140
1398	6151
1399	6154
1400	6156
1401	6162
1402	6177
1403	6190
1404	6198
1405	6210
1406	6216
1407	6219
1408	6230
1409	6238
1410	6246
1411	6258
1412	6272
1413	6276
1414	6278
1415	6293
1416	6309
1417	6317
1418	6335
1419	6351
1420	6359
1421	6364
1422	6374
1423	6388
1424	6403
1425	6420
1426	6427
1427	6433
1428	6440
1429	6455
1430	6473
1431	6486
1432	6503
1433	6515
1434	6524
1435	6526
1436	6540
1437	6553
1438	6563
1439	6581
1440	6602
1441	6610
1442	6615
1443	6626
1444	6643
1445	6656
1446	6674
1447	6691
1448	6696
1449	6703
1450	6720
1451	6732
1452	6744
1453	6760
1454	6770
1455	6778
1456	6783
1457	6794
1458	6804
1459	6815
1460	6829
1461	6849
1462	6853
1463	6857
1464	6866
1465	6874
1466	6890
1467	6902
1468	6912
1469	6915
1470	6918
1471	6941
1472	6950
1473	6960
1474	6977
1475	6992
1476	7000
1477	7004
1478	7009
1479	7020
1480	7033
1481	7045
1482	7057
1483	7062
1484	7069
1485	7081
1486	7093
1487	7105
1488	7120
1489	7134
1490	7140
1491	7149
1492	7156
1493	7172
1494	7184
1495	7198
1496	7212
1497	7219
1498	7227
1499	7239
1500	7247
1501	7260
1502	7272
1503	7283
1504	7289
1505	7292
1506	7305
1507	7319
1508	7332
1509	7346
1510	7362
1511	7368
1512	7372
1513	7380
1514	7392
1515	7407
1516	7420
1517	7434
1518	7443
1519	7448
1520	7456
1521	7465
1522	7480
1523	7498
1524	7509
1525	7514
1526	7519
1527	7533
1528	7545
1529	7557
1530	7576
1531	7594
1532	7602
1533	7607
1534	7616
1535	7629
1536	7650
1537	7661
1538	7680
1539	7686
1540	7696
1541	7712
1542	7716
1543	7735
1544	7749
1545	7762
1546	7768
1547	7774
1548	7781
1549	7790
1550	7804
1551	7821
1552	7834
1553	7841
1554	7847
1555	7855
1556	7865
1557	7883
1558	7898
1559	7912
1560	7924
1561	7935
1562	7952
1563	7959
1564	7978
1565	7993
1566	8002
1567	8009
1568	8011
1569	8026
1570	8036
1571	8051
1572	8068
1573	8076
1574	8081
1575	8086
1576	8104
1577	8114
1578	8132
1579	8151
1580	8170
1581	8176
1582	8186
1583	8198
1584	8217
1585	8235
1586	8248
1587	8264
1588	8275
1589	8281
1590	8293
1591	8308
1592	8325
1593	8337
1594	8353
1595	8358
1596	8366
1597	8382
1598	8397
1599	8408
1600	8434
1601	8441
1602	8443
1603	8449
1604	8456
1605	8461
1606	8477
1607	8485
1608	8491
1609	8495
1610	8508
1611	8516
1612	8522
1613	8537
1614	8546
1615	8562
1616	8573
1617	8580
1618	8589
1619	8601
1620	8617
1621	8638
1622	8652
1623	8659
1624	8665
1625	8684
1626	8696
1627	8709
1628	8727
1629	8742
1630	8749
1631	8756
1632	8772
1633	8789
1634	8805
1635	8821
1636	8832
1637	8842
1638	8852
1639	8873
1640	8884
1641	8899
1642	8915
1643	8937
1644	8943
1645	8948
1646	8976
1647	8992
1648	9005
1649	9027
1650	9040
1651	9048
1652	9055
1653	9068
1654	9089
1655	9099
1656	9116
1657	9137
1658	9142
1659	9154
1660	9169
1661	9195
1662	9208
1663	9225
1664	9244
1665	9250
1666	9255
1667	9267
1668	9294
1669	9315
1670	9336
1671	9349
1672	9355
1673	9366
1674	9381
1675	9402
1676	9416
1677	9442
1678	9466
1679	9476
1680	9481
1681	9502
1682	9522
1683	9538
1684	9563
1685	9580
1686	9587
1687	9591
1688	9614
1689	9634
1690	9650
1691	9667
1692	9681
1693	9688
1694	9698
1695	9713
1696	9726
1697	9743
1698	9769
1699	9781
1700	9786
1701	9792
1702	9814
1703	9832
1704	9857
1705	9880
1706	9899
1707	9908
1708	9915
1709	9932
1710	9943
1711	9969
1712	9996
1713	10009
1714	10020
1715	10026
1716	10041
1717	10054
1718	10077
1719	10098
1720	10115
1721	10122
1722	10133
1723	10149
1724	10164
1725	10176
1726	10197
1727	10213
1728	10222
1729	10234
1730	10251
1731	10264
1732	10276
1733	10291
1734	10305
1735	10307
1736	10319
1737	10337
1738	10349
1739	10367
1740	10386
1741	10398
1742	10402
1743	10407
1744	10429
1745	10449
1746	10470
1747	10489
1748	10509
1749	10519
1750	10523
1751	10543
1752	10559
1753	10576
1754	10599
1755	10610
1756	10617
1757	10626
1758	10636
1759	10653
1760	10674
1761	10697
1762	10714
1763	10722
1764	10729
1765	10739
1766	10769
1767	10785
1768	10800
1769	10828
1770	10842
1771	10848
1772	10856
1773	10881
1774	10893
1775	10905
1776	10919
1777	10929
1778	10933
1779	10940
1780	10956
1781	10978
1782	10995
1783	11011
1784	11015
1785	11022
1786	11041
1787	11059
1788	11080
1789	11098
1790	11116
1791	11125
1792	11132
1793	11150
1794	11165
1795	11186
1796	11196
1797	11205
1798	11214
1799	11222
1800	11238
1801	11250
1802	11273
1803	11295
1804	11307
1805	11312
1806	11319
1807	11333
1808	11343
1809	11359
1810	11376
1811	11392
1812	11398
1813	11404
1814	11416
1815	11428
1816	11458
1817	11473
1818	11488
1819	11499
1820	11507
1821	11533
1822	11547
1823	11562
1824	11574
1825	11588
1826	11594
1827	11600
1828	11613
1829	11632
1830	11654
1831	11677
1832	11686
1833	11700
1834	11707
1835	11725
1836	11737
1837	11758
1838	11774
1839	11793
1840	11798
1841	11807
1842	11831
1843	11841
1844	11865
1845	11883
1846	11902
1847	11907
1848	11916
1849	11936
1850	11951
1851	11984
1852	12001
1853	12016
1854	12026
1855	12035
1856	12052
1857	12068
1858	12092
1859	12114
1860	12127
1861	12138
1862	12146
1863	12157
1864	12179
1865	12192
1866	12220
1867	12236
1868	12246
1869	12262
1870	12278
1871	12300
1872	12320
1873	12345
1874	12363
1875	12370
1876	12385
1877	12409
1878	12424
1879	12449
1880	12475
1881	12489
1882	12496
1883	12508
1884	12540
1885	12552
1886	12575
1887	12595
1888	12616
1889	12624
1890	12631
1891	12653
1892	12675
1893	12705
1894	12728
1895	12746
1896	12760
1897	12772
1898	12790
1899	12806
1900	12828
1901	12850
1902	12875
1903	12890
1904	12903
1905	12927
1906	12946
1907	12977
1908	13002
1909	13025
1910	13034
1911	13042
1912	13062
1913	13079
1914	13107
1915	13124
1916	13142
1917	13157
1918	13169
1919	13182
1920	13210
1921	13238
1922	13263
1923	13288
1924	13299
1925	13308
1926	13326
1927	13366
1928	13388
1929	13405
1930	13427
1931	13432
1932	13440
1933	13467
1934	13499
1935	13519
1936	13540
1937	13569
1938	13585
1939	13593
1940	13620
1941	13644
1942	13665
1943	13690
1944	13708
1945	13720
1946	13728
1947	13751
1948	13773
1949	13796
1950	13829
1951	13849
1952	13865
1953	13882
1954	13899
1955	13916
1956	13943
1957	13958
1958	13981
1959	13993
1960	14007
1961	14031
1962	14057
1963	14087
1964	14100
1965	14108
1966	14120
1967	14126
1968	14145
1969	14153
1970	14167
1971	14185
1972	14202
1973	14212
1974	14219
1975	14231
1976	14248
1977	14257
1978	14276
1979	14303
1980	14318
1981	14322
1982	14339
1983	14360
1984	14387
1985	14404
1986	14437
1987	14450
1988	14459
1989	14476
1990	14513
1991	14533
1992	14553
1993	14577
1994	14588
1995	14594
1996	14608
1997	14637
1998	14658
1999	14694
2000	14711
2001	14722
2002	14739
2003	14760
2004	14783
2005	14818
2006	14838
2007	14851
2008	14866
2009	14882
2010	14910
2011	14929
2012	14964
2013	14986
2014	15008
2015	15025
2016	15039
2017	15055
2018	15081
2019	15101
2020	15127
2021	15159
2022	15166
2023	15176
2024	15192
2025	15221
2026	15240
2027	15276
2028	15301
2029	15323
2030	15334
2031	15349
2032	15373
2033	15409
2034	15434
2035	15459
2036	15467
2037	15477
2038	15494
2039	15530
2040	15554
2041	15585
2042	15614
2043	15618
2044	15629
2045	15652
2046	15676
2047	15710
2048	15732
2049	15755
2050	15769
2051	15783
2052	15801
2053	15826
2054	15846
2055	15873
2056	15893
2057	15907
2058	15923
2059	15946
2060	15978
2061	16000
2062	16031
2063	16060
2064	16070
2065	16082
2066	16099
2067	16119
2068	16149
2069	16181
2070	16209
2071	16216
2072	16229
2073	16251
2074	16273
2075	16297
2076	16315
2077	16352
2078	16363
2079	16373
2080	16388
2081	16409
2082	16431
2083	16455
2084	16477
2085	16486
2086	16497
2087	16510
2088	16529
2089	16554
2090	16585
2091	16608
2092	16623
2093	16638
2094	16661
2095	16677
2096	16699
2097	16725
2098	16748
2099	16756
2100	16768
2101	16789
2102	16806
2103	16827
2104	16856
2105	16873
2106	16883
2107	16899
2108	16915
2109	16929
2110	16958
2111	16968
2112	16985
2113	16994
2114	17001
2115	17028
2116	17052
2117	17071
2118	17093
2119	17106
2120	17125
2121	17132
2122	17147
2123	17169
2124	17186
2125	17204
2126	17221
2127	17235
2128	17241
2129	17266
2130	17290
2131	17310
2132	17336
2133	17349
2134	17356
2135	17363
2136	17382
2137	17401
2138	17423
2139	17446
2140	17465
2141	17472
2142	17479
2143	17498
2144	17521
2145	17543
2146	17561
2147	17589
2148	17596
2149	17604
2150	17615
2151	17637
2152	17659
2153	17673
2154	17700
2155	17707
2156	17716
2157	17728
2158	17752
2159	17776
2160	17792
2161	17808
2162	17817
2163	17830
2164	17846
2165	17871
2166	17902
2167	17917
2168	17938
2169	17950
2170	17958
2171	17974
2172	17996
2173	18024
2174	18051
2175	18066
2176	18077
2177	18083
2178	18103
2179	18126
2180	18149
2181	18173
2182	18187
2183	18201
2184	18211
2185	18228
2186	18242
2187	18263
2188	18283
2189	18294
2190	18298
2191	18315
2192	18336
2193	18354
2194	18379
2195	18408
2196	18427
2197	18434
2198	18443
2199	18469
2200	18491
2201	18512
2202	18529
2203	18542
2204	18551
2205	18554
2206	18576
2207	18593
2208	18609
2209	18629
2210	18650
2211	18663
2212	18670
2213	18682
2214	18708
2215	18729
2216	18748
2217	18780
2218	18786
2219	18795
2220	18812
2221	18827
2222	18853
2223	18878
2224	18894
2225	18911
2226	18921
2227	18943
2228	18963
2229	18996
2230	19017
2231	19039
2232	19048
2233	19058
2234	19086
2235	19101
2236	19134
2237	19156
2238	19174
2239	19184
2240	19196
2241	19220
2242	19235
2243	19259
2244	19280
2245	19299
2246	19315
2247	19334
2248	19354
2249	19382
2250	19396
2251	19416
2252	19427
2253	19434
2254	19442
2255	19462
2256	19487
2257	19512
2258	19527
2259	19551
2260	19563
2261	19574
2262	19600
2263	19621
2264	19639
2265	19660
2266	19684
2267	19691
2268	19699
2269	19719
2270	19744
2271	19761
2272	19780
2273	19796
2274	19804
2275	19815
2276	19829
2277	19850
2278	19873
2279	19884
2280	19900
2281	19910
2282	19918
2283	19936
2284	19965
2285	19999
2286	20026
2287	20047
2288	20054
2289	20062
2290	20080
2291	20099
2292	20124
2293	20149
2294	20164
2295	20179
2296	20184
2297	20203
2298	20225
2299	20258
2300	20282
2301	20304
2302	20313
2303	20323
2304	20346
2305	20369
2306	20387
2307	20404
2308	20416
2309	20429
2310	20440
2311	20466
2312	20486
2313	20517
2314	20534
2315	20556
2316	20571
2317	20589
2318	20607
2319	20626
2320	20652
2321	20668
2322	20687
2323	20696
2324	20706
2325	20724
2326	20737
2327	20754
2328	20774
2329	20786
2330	20793
2331	20802
2332	20821
2333	20838
2334	20848
2335	20856
2336	20872
2337	20882
2338	20888
2339	20901
2340	20915
2341	20926
2342	20938
2343	20947
2344	20955
2345	20967
2346	20982
2347	21009
2348	21027
2349	21044
2350	21068
2351	21077
2352	21086
2353	21104
2354	21121
2355	21149
2356	21167
2357	21185
2358	21195
2359	21204
2360	21216
2361	21237
2362	21262
2363	21284
2364	21311
2365	21326
2366	21336
2367	21352
2368	21380
2369	21405
2370	21434
2371	21457
2372	21468
2373	21484
2374	21506
2375	21530
2376	21566
2377	21598
2378	21617
2379	21640
2380	21656
2381	21676
2382	21697
2383	21718
2384	21740
2385	21762
2386	21773
2387	21785
2388	21813
2389	21828
2390	21860
2391	21883
2392	21902
2393	21918
2394	21931
2395	21960
2396	21979
2397	22010
2398	22035
2399	22057
2400	22075
2401	22090
2402	22108
2403	22133
2404	22167
2405	22182
2406	22208
2407	22219
2408	22234
2409	22253
2410	22282
2411	22308
2412	22338
2413	22375
2414	22388
2415	22398
2416	22423
2417	22454
2418	22472
2419	22493
2420	22519
2421	22530
2422	22542
2423	22564
2424	22601
2425	22630
2426	22650
2427	22679
2428	22691
2429	22705
2430	22725
2431	22748
2432	22786
2433	22806
2434	22827
2435	22836
2436	22841
2437	22856
2438	22881
2439	22910
2440	22933
2441	22959
2442	22971
2443	22985
2444	23004
2445	23038
2446	23065
2447	23085
2448	23113
2449	23127
2450	23139
2451	23169
2452	23208
2453	23241
2454	23283
2455	23305
2456	23316
2457	23329
2458	23355
2459	23374
2460	23396
2461	23426
2462	23442
2463	23448
2464	23462
2465	23483
2466	23508
2467	23530
2468	23556
2469	23573
2470	23584
2471	23595
2472	23619
2473	23646
2474	23666
2475	23691
2476	23712
2477	23727
2478	23735
2479	23764
2480	23786
2481	23824
2482	23841
2483	23858
2484	23872
2485	23887
2486	23919
2487	23952
2488	23982
2489	24007
2490	24019
2491	24036
2492	24048
2493	24072
2494	24098
2495	24138
2496	24169
2497	24195
2498	24205
2499	24213
2500	24237
2501	24263
2502	24286
2503	24316
2504	24334
2505	24350
2506	24365
2507	24387
2508	24424
2509	24450
2510	24469
2511	24490
2512	24502
2513	24508
2514	24533
2515	24563
2516	24588
2517	24609
2518	24640
2519	24652
2520	24659
2521	24684
2522	24711
2523	24737
2524	24761
2525	24783
2526	24789
2527	24798
2528	24814
2529	24838
2530	24874
2531	24900
2532	24927
2533	24936
2534	24942
2535	24963
2536	24985
2537	25013
2538	25036
2539	25060
2540	25066
2541	25071
2542	25090
2543	25109
2544	25136
2545	25160
2546	25190
2547	25196
2548	25202
2549	25223
2550	25253
2551	25276
2552	25313
2553	25339
2554	25347
2555	25354
2556	25372
2557	25398
2558	25419
2559	25442
2560	25469
2561	25477
2562	25482
2563	25497
2564	25519
2565	25540
2566	25572
2567	25587
2568	25595
2569	25601
2570	25618
2571	25644
2572	25659
2573	25697
2574	25723
2575	25730
2576	25740
2577	25769
2578	25803
2579	25824
2580	25845
2581	25862
2582	25869
2583	25878
2584	25902
2585	25924
2586	25954
2587	25979
2588	25996
2589	25999
2590	26007
2591	26015
2592	26038
2593	26057
2594	26087
2595	26105
2596	26113
2597	26128
2598	26144
2599	26164
2600	26185
2601	26200
2602	26224
2603	26234
2604	26240
2605	26256
2606	26283
2607	26302
2608	26337
2609	26361
2610	26373
2611	26383
2612	26404
2613	26430
2614	26450
2615	26467
2616	26494
2617	26504
2618	26518
2619	26537
2620	26566
2621	26602
2622	26628
2623	26662
2624	26679
2625	26698
2626	26719
2627	26743
2628	26766
2629	26786
2630	26813
2631	26831
2632	26839
2633	26861
2634	26887
2635	26909
2636	26941
2637	26970
2638	26977
2639	26995
2640	27017
2641	27042
2642	27073
2643	27097
2644	27128
2645	27144
2646	27155
2647	27173
2648	27204
2649	27223
2650	27259
2651	27279
2652	27292
2653	27308
2654	27325
2655	27351
2656	27372
2657	27390
2658	27417
2659	27427
2660	27435
2661	27457
2662	27487
2663	27512
2664	27542
2665	27568
2666	27580
2667	27591
2668	27617
2669	27648
2670	27671
2671	27694
2672	27714
2673	27729
2674	27740
2675	27760
2676	27788
2677	27810
2678	27834
2679	27864
2680	27878
2681	27899
2682	27920
2683	27953
2684	27975
2685	28001
2686	28027
2687	28038
2688	28049
2689	28075
2690	28104
2691	28134
2692	28156
2693	28182
2694	28198
2695	28207
2696	28227
2697	28260
2698	28283
2699	28297
2700	28305
2701	28318
2702	28328
2703	28344
2704	28358
2705	28389
2706	28404
2707	28416
2708	28426
2709	28432
2710	28448
2711	28473
2712	28494
2713	28515
2714	28536
2715	28547
2716	28562
2717	28580
2718	28613
2719	28642
2720	28666
2721	28688
2722	28701
2723	28710
2724	28727
2725	28748
2726	28779
2727	28798
2728	28824
2729	28838
2730	28855
2731	28878
2732	28901
2733	28925
2734	28967
2735	28998
2736	29004
2737	29012
2738	29036
2739	29065
2740	29093
2741	29126
2742	29155
2743	29172
2744	29178
2745	29195
2746	29218
2747	29252
2748	29292
2749	29318
2750	29336
2751	29351
2752	29383
2753	29412
2754	29438
2755	29459
2756	29488
2757	29512
2758	29528
2759	29562
2760	29595
2761	29634
2762	29664
2763	29696
2764	29708
2765	29723
2766	29750
2767	29791
2768	29822
2769	29851
2770	29891
2771	29913
2772	29915
