1	1
2	1
3	1
4	1
5	1
6	1
7	1
8	1
9	1
10	1
11	1
12	1
13	1
14	2
15	2
16	2
17	2
18	3
19	6
20	6
21	6
22	7
23	7
24	7
25	7
26	7
27	7
28	7
29	7
30	7
31	7
32	7
33	7
34	7
35	7
36	7
37	7
38	8
39	9
40	9
41	14
42	15
43	18
44	19
45	20
46	20
47	21
48	24
49	25
50	27
51	28
52	30
53	31
54	31
55	31
56	32
57	32
58	32
59	32
60	32
61	32
62	32
63	32
64	32
65	33
66	33
67	33
68	34
69	34
70	35
71	35
72	35
73	35
74	35
75	35
76	35
77	36
78	39
79	39
80	41
81	41
82	42
83	43
84	43
85	43
86	44
87	44
88	44
89	46
90	46
91	46
92	47
93	47
94	48
95	48
96	48
97	49
98	49
99	50
100	50
101	51
102	51
103	52
104	52
105	52
106	52
107	52
108	52
109	52
110	52
111	52
112	52
113	52
114	53
115	53
116	54
117	55
118	56
119	57
120	57
121	58
122	59
123	59
124	59
125	59
126	60
127	60
128	61
129	61
130	61
131	61
132	62
133	63
134	65
135	65
136	66
137	66
138	66
139	66
140	66
141	66
142	66
143	66
144	67
145	68
146	68
147	68
148	68
149	68
150	68
151	68
152	68
153	71
154	72
155	72
156	72
157	73
158	74
159	74
160	74
161	76
162	76
163	76
164	76
165	77
166	78
167	78
168	79
169	79
170	79
171	79
172	79
173	79
174	79
175	80
176	81
177	81
178	83
179	83
180	83
181	84
182	84
183	84
184	84
185	85
186	85
187	86
188	86
189	87
190	87
191	88
192	88
193	89
194	89
195	91
196	91
197	91
198	92
199	93
200	94
201	95
202	96
203	100
204	100
205	100
206	102
207	103
208	103
209	103
210	103
211	103
212	104
213	105
214	105
215	105
216	106
217	107
218	108
219	108
220	108
221	109
222	109
223	109
224	109
225	109
226	110
227	110
228	110
229	113
230	114
231	114
232	115
233	116
234	116
235	116
236	116
237	117
238	117
239	118
240	118
241	118
242	120
243	120
244	124
245	125
246	125
247	125
248	125
249	127
250	128
251	128
252	130
253	130
254	130
255	131
256	131
257	133
258	134
259	135
260	136
261	138
262	142
263	142
264	142
265	142
266	142
267	142
268	144
269	144
270	145
271	148
272	151
273	153
274	156
275	158
276	159
277	160
278	161
279	163
280	163
281	165
282	165
283	165
284	166
285	166
286	166
287	168
288	168
289	168
290	168
291	168
292	169
293	169
294	171
295	172
296	172
297	174
298	176
299	178
300	180
301	180
302	181
303	181
304	182
305	182
306	183
307	184
308	187
309	187
310	188
311	188
312	190
313	191
314	192
315	193
316	195
317	197
318	198
319	199
320	200
321	202
322	203
323	203
324	204
325	204
326	204
327	206
328	206
329	206
330	206
331	208
332	208
333	209
334	212
335	214
336	214
337	214
338	214
339	214
340	215
341	216
342	217
343	217
344	217
345	218
346	218
347	219
348	219
349	219
350	219
351	219
352	221
353	221
354	221
355	221
356	223
357	224
358	224
359	224
360	224
361	226
362	226
363	226
364	227
365	227
366	228
367	229
368	231
369	233
370	235
371	235
372	237
373	237
374	239
375	240
376	242
377	244
378	245
379	245
380	246
381	248
382	249
383	251
384	252
385	252
386	252
387	252
388	253
389	254
390	255
391	256
392	258
393	259
394	259
395	259
396	259
397	260
398	261
399	262
400	264
401	268
402	268
403	268
404	268
405	268
406	268
407	269
408	270
409	270
410	271
411	271
412	271
413	272
414	274
415	275
416	278
417	280
418	280
419	282
420	283
421	283
422	284
423	285
424	286
425	289
426	289
427	293
428	295
429	296
430	296
431	298
432	301
433	301
434	302
435	307
436	307
437	308
438	309
439	311
440	311
441	313
442	313
443	314
444	315
445	316
446	316
447	317
448	320
449	321
450	321
451	323
452	323
453	323
454	324
455	325
456	327
457	328
458	328
459	330
460	333
461	337
462	340
463	342
464	342
465	345
466	348
467	350
468	351
469	352
470	356
471	356
472	356
473	358
474	359
475	360
476	361
477	362
478	365
479	367
480	369
481	370
482	372
483	374
484	376
485	376
486	376
487	377
488	380
489	382
490	382
491	383
492	384
493	384
494	388
495	389
496	390
497	391
498	393
499	396
500	398
501	398
502	402
503	403
504	404
505	405
506	405
507	406
508	406
509	408
510	408
511	410
512	411
513	411
514	411
515	411
516	411
517	414
518	415
519	418
520	419
521	424
522	426
523	427
524	428
525	428
526	432
527	433
528	434
529	435
530	437
531	440
532	441
533	444
534	445
535	446
536	451
537	452
538	453
539	454
540	456
541	457
542	459
543	461
544	463
545	465
546	466
547	470
548	471
549	471
550	476
551	476
552	477
553	480
554	483
555	483
556	483
557	484
558	490
559	491
560	491
561	492
562	495
563	495
564	497
565	497
566	499
567	500
568	501
569	502
570	503
571	505
572	508
573	511
574	512
575	513
576	514
577	517
578	519
579	524
580	529
581	532
582	535
583	536
584	538
585	539
586	541
587	546
588	547
589	548
590	549
591	551
592	552
593	552
594	553
595	557
596	557
597	558
598	559
599	563
600	563
601	563
602	566
603	568
604	568
605	569
606	569
607	573
608	576
609	578
610	581
611	583
612	585
613	589
614	593
615	596
616	602
617	605
618	607
619	611
620	612
621	614
622	617
623	621
624	624
625	629
626	629
627	634
628	637
629	639
630	641
631	642
632	643
633	645
634	648
635	648
636	650
637	652
638	653
639	657
640	660
641	661
642	662
643	666
644	669
645	671
646	672
647	675
648	676
649	679
650	682
651	688
652	689
653	691
654	693
655	696
656	700
657	701
658	706
659	709
660	710
661	711
662	711
663	713
664	716
665	716
666	717
667	718
668	724
669	727
670	727
671	728
672	729
673	732
674	733
675	734
676	737
677	737
678	741
679	743
680	744
681	746
682	751
683	754
684	754
685	756
686	759
687	760
688	763
689	763
690	763
691	764
692	765
693	766
694	767
695	768
696	768
697	769
698	770
699	770
700	774
701	775
702	777
703	779
704	780
705	783
706	788
707	792
708	795
709	796
710	799
711	801
712	801
713	802
714	807
715	809
716	810
717	810
718	812
719	815
720	818
721	818
722	820
723	822
724	823
725	825
726	827
727	829
728	831
729	833
730	835
731	837
732	841
733	844
734	845
735	845
736	849
737	851
738	852
739	854
740	855
741	858
742	858
743	859
744	859
745	862
746	866
747	868
748	869
749	872
750	873
751	873
752	873
753	875
754	875
755	880
756	882
757	885
758	885
759	885
760	887
761	889
762	895
763	896
764	898
765	900
766	901
767	903
768	909
769	912
770	913
771	914
772	914
773	917
774	917
775	918
776	921
777	923
778	924
779	925
780	926
781	928
782	929
783	935
784	941
785	941
786	942
787	943
788	946
789	947
790	947
791	950
792	952
793	952
794	954
795	956
796	961
797	966
798	970
799	973
800	975
801	976
802	978
803	982
804	983
805	987
806	989
807	991
808	992
809	996
810	999
811	1002
812	1006
813	1006
814	1007
815	1011
816	1014
817	1021
818	1021
819	1025
820	1030
821	1033
822	1034
823	1039
824	1047
825	1049
826	1051
827	1052
828	1054
829	1054
830	1058
831	1060
832	1064
833	1069
834	1076
835	1078
836	1079
837	1084
838	1090
839	1092
840	1094
841	1095
842	1096
843	1099
844	1102
845	1105
846	1111
847	1114
848	1115
849	1123
850	1128
851	1135
852	1137
853	1139
854	1141
855	1142
856	1144
857	1145
858	1146
859	1150
860	1153
861	1155
862	1159
863	1162
864	1165
865	1165
866	1167
867	1169
868	1169
869	1175
870	1176
871	1181
872	1183
873	1183
874	1186
875	1190
876	1192
877	1193
878	1196
879	1201
880	1204
881	1207
882	1209
883	1211
884	1211
885	1215
886	1216
887	1219
888	1219
889	1222
890	1225
891	1228
892	1232
893	1234
894	1238
895	1240
896	1245
897	1246
898	1251
899	1252
900	1256
901	1259
902	1260
903	1263
904	1267
905	1268
906	1269
907	1272
908	1275
909	1277
910	1280
911	1286
912	1287
913	1289
914	1296
915	1306
916	1308
917	1310
918	1318
919	1321
920	1322
921	1323
922	1328
923	1332
924	1333
925	1338
926	1343
927	1347
928	1352
929	1357
930	1362
931	1367
932	1368
933	1371
934	1372
935	1372
936	1376
937	1378
938	1382
939	1385
940	1386
941	1396
942	1402
943	1407
944	1411
945	1414
946	1418
947	1421
948	1425
949	1428
950	1433
951	1435
952	1439
953	1442
954	1443
955	1445
956	1453
957	1461
958	1465
959	1469
960	1471
961	1473
962	1477
963	1481
964	1484
965	1490
966	1494
967	1497
968	1500
969	1501
970	1506
971	1509
972	1515
973	1519
974	1521
975	1524
976	1529
977	1536
978	1538
979	1542
980	1544
981	1550
982	1553
983	1555
984	1559
985	1562
986	1564
987	1568
988	1571
989	1572
990	1575
991	1577
992	1579
993	1583
994	1587
995	1590
996	1594
997	1595
998	1601
999	1604
1000	1604
1001	1611
1002	1615
1003	1618
1004	1623
1005	1624
1006	1626
1007	1630
1008	1630
1009	1634
1010	1636
1011	1637
1012	1642
1013	1648
1014	1650
1015	1653
1016	1657
1017	1660
1018	1662
1019	1665
1020	1671
1021	1674
1022	1680
1023	1681
1024	1686
1025	1691
1026	1697
1027	1697
1028	1699
1029	1705
1030	1708
1031	1709
1032	1712
1033	1714
1034	1716
1035	1722
1036	1727
1037	1731
1038	1732
1039	1737
1040	1739
1041	1739
1042	1740
1043	1740
1044	1742
1045	1743
1046	1746
1047	1749
1048	1755
1049	1757
1050	1758
1051	1762
1052	1767
1053	1768
1054	1772
1055	1774
1056	1779
1057	1781
1058	1781
1059	1784
1060	1787
1061	1791
1062	1793
1063	1795
1064	1799
1065	1803
1066	1805
1067	1808
1068	1815
1069	1821
1070	1823
1071	1825
1072	1826
1073	1830
1074	1831
1075	1833
1076	1838
1077	1840
1078	1841
1079	1842
1080	1842
1081	1843
1082	1847
1083	1852
1084	1856
1085	1863
1086	1869
1087	1872
1088	1874
1089	1879
1090	1881
1091	1884
1092	1887
1093	1890
1094	1891
1095	1895
1096	1901
1097	1906
1098	1911
1099	1913
1100	1914
1101	1918
1102	1922
1103	1926
1104	1930
1105	1932
1106	1937
1107	1941
1108	1943
1109	1945
1110	1949
1111	1951
1112	1954
1113	1959
1114	1962
1115	1965
1116	1968
1117	1970
1118	1971
1119	1977
1120	1981
1121	1987
1122	1990
1123	1994
1124	1997
1125	2001
1126	2004
1127	2009
1128	2012
1129	2012
1130	2016
1131	2018
1132	2022
1133	2028
1134	2030
1135	2031
1136	2035
1137	2036
1138	2039
1139	2042
1140	2042
1141	2043
1142	2046
1143	2051
1144	2056
1145	2058
1146	2065
1147	2067
1148	2071
1149	2073
1150	2074
1151	2075
1152	2079
1153	2081
1154	2082
1155	2086
1156	2090
1157	2091
1158	2094
1159	2103
1160	2109
1161	2115
1162	2117
1163	2120
1164	2124
1165	2127
1166	2130
1167	2134
1168	2135
1169	2136
1170	2140
1171	2146
1172	2155
1173	2159
1174	2166
1175	2168
1176	2173
1177	2179
1178	2183
1179	2184
1180	2189
1181	2194
1182	2198
1183	2198
1184	2202
1185	2205
1186	2207
1187	2210
1188	2215
1189	2221
1190	2225
1191	2227
1192	2228
1193	2228
1194	2234
1195	2240
1196	2242
1197	2247
1198	2250
1199	2253
1200	2257
1201	2261
1202	2262
1203	2267
1204	2274
1205	2275
1206	2277
1207	2286
1208	2293
1209	2296
1210	2302
1211	2305
1212	2312
1213	2316
1214	2322
1215	2332
1216	2337
1217	2343
1218	2349
1219	2350
1220	2361
1221	2368
1222	2370
1223	2380
1224	2384
1225	2388
1226	2390
1227	2391
1228	2396
1229	2399
1230	2402
1231	2405
1232	2411
1233	2415
1234	2418
1235	2421
1236	2423
1237	2425
1238	2426
1239	2433
1240	2436
1241	2437
1242	2439
1243	2440
1244	2442
1245	2444
1246	2448
1247	2455
1248	2456
1249	2460
1250	2462
1251	2466
1252	2470
1253	2476
1254	2480
1255	2481
1256	2484
1257	2486
1258	2492
1259	2498
1260	2501
1261	2502
1262	2504
1263	2507
1264	2510
1265	2514
1266	2516
1267	2523
1268	2525
1269	2527
1270	2534
1271	2536
1272	2537
1273	2540
1274	2552
1275	2553
1276	2556
1277	2564
1278	2565
1279	2569
1280	2571
1281	2576
1282	2578
1283	2583
1284	2586
1285	2589
1286	2597
1287	2604
1288	2611
1289	2614
1290	2622
1291	2625
1292	2627
1293	2632
1294	2636
1295	2643
1296	2653
1297	2658
1298	2662
1299	2669
1300	2673
1301	2677
1302	2682
1303	2684
1304	2691
1305	2696
1306	2702
1307	2706
1308	2717
1309	2724
1310	2729
1311	2733
1312	2735
1313	2736
1314	2739
1315	2741
1316	2744
1317	2749
1318	2752
1319	2755
1320	2761
1321	2767
1322	2773
1323	2779
1324	2783
1325	2788
1326	2796
1327	2801
1328	2806
1329	2813
1330	2817
1331	2823
1332	2827
1333	2832
1334	2836
1335	2841
1336	2849
1337	2852
1338	2857
1339	2858
1340	2862
1341	2867
1342	2873
1343	2880
1344	2889
1345	2893
1346	2894
1347	2905
1348	2910
1349	2913
1350	2920
1351	2921
1352	2930
1353	2936
1354	2944
1355	2948
1356	2955
1357	2967
1358	2974
1359	2979
1360	2984
1361	2986
1362	2989
1363	2992
1364	2998
1365	3005
1366	3010
1367	3014
1368	3020
1369	3031
1370	3033
1371	3038
1372	3041
1373	3044
1374	3046
1375	3049
1376	3053
1377	3060
1378	3068
1379	3073
1380	3081
1381	3082
1382	3085
1383	3087
1384	3089
1385	3092
1386	3095
1387	3103
1388	3108
1389	3111
1390	3116
1391	3119
1392	3125
1393	3126
1394	3135
1395	3141
1396	3147
1397	3153
1398	3156
1399	3158
1400	3162
1401	3166
1402	3168
1403	3170
1404	3176
1405	3182
1406	3189
1407	3191
1408	3194
1409	3198
1410	3201
1411	3203
1412	3205
1413	3209
1414	3213
1415	3219
1416	3220
1417	3228
1418	3231
1419	3237
1420	3242
1421	3245
1422	3247
1423	3250
1424	3253
1425	3254
1426	3259
1427	3261
1428	3265
1429	3267
1430	3272
1431	3273
1432	3278
1433	3286
1434	3291
1435	3293
1436	3297
1437	3301
1438	3302
1439	3305
1440	3312
1441	3317
1442	3321
1443	3328
1444	3331
1445	3332
1446	3340
1447	3344
1448	3349
1449	3353
1450	3355
1451	3357
1452	3358
1453	3358
1454	3359
1455	3361
1456	3365
1457	3368
1458	3370
1459	3372
1460	3376
1461	3380
1462	3380
1463	3383
1464	3387
1465	3389
1466	3389
1467	3391
1468	3395
1469	3400
1470	3405
1471	3410
1472	3415
1473	3418
1474	3422
1475	3427
1476	3431
1477	3436
1478	3443
1479	3444
1480	3446
1481	3447
1482	3452
1483	3456
1484	3463
1485	3468
1486	3475
1487	3479
1488	3483
1489	3487
1490	3488
1491	3492
1492	3499
1493	3501
1494	3504
1495	3506
1496	3510
1497	3515
1498	3520
1499	3526
1500	3527
1501	3529
1502	3535
1503	3540
1504	3549
1505	3553
1506	3556
1507	3559
1508	3567
1509	3572
1510	3576
1511	3580
1512	3584
1513	3590
1514	3598
1515	3602
1516	3607
1517	3615
1518	3619
1519	3622
1520	3629
1521	3637
1522	3648
1523	3652
1524	3656
1525	3663
1526	3674
1527	3680
1528	3685
1529	3693
1530	3701
1531	3706
1532	3710
1533	3722
1534	3729
1535	3737
1536	3744
1537	3750
1538	3757
1539	3765
1540	3768
1541	3778
1542	3782
1543	3785
1544	3790
1545	3799
1546	3805
1547	3811
1548	3813
1549	3821
1550	3830
1551	3838
1552	3851
1553	3856
1554	3862
1555	3864
1556	3868
1557	3870
1558	3875
1559	3880
1560	3884
1561	3892
1562	3897
1563	3905
1564	3913
1565	3921
1566	3927
1567	3935
1568	3936
1569	3945
1570	3953
1571	3956
1572	3966
1573	3973
1574	3985
1575	3993
1576	3997
1577	4004
1578	4018
1579	4024
1580	4030
1581	4037
1582	4042
1583	4051
1584	4055
1585	4065
1586	4069
1587	4075
1588	4080
1589	4086
1590	4090
1591	4097
1592	4102
1593	4106
1594	4114
1595	4117
1596	4123
1597	4126
1598	4128
1599	4130
1600	4132
1601	4136
1602	4141
1603	4144
1604	4153
1605	4157
1606	4162
1607	4168
1608	4174
1609	4175
1610	4181
1611	4182
1612	4189
1613	4191
1614	4199
1615	4202
1616	4210
1617	4217
1618	4225
1619	4232
1620	4239
1621	4243
1622	4250
1623	4257
1624	4263
1625	4265
1626	4272
1627	4278
1628	4282
1629	4288
1630	4294
1631	4301
1632	4310
1633	4314
1634	4319
1635	4324
1636	4328
1637	4333
1638	4340
1639	4344
1640	4349
1641	4353
1642	4358
1643	4362
1644	4366
1645	4374
1646	4380
1647	4391
1648	4397
1649	4405
1650	4409
1651	4418
1652	4424
1653	4426
1654	4434
1655	4446
1656	4452
1657	4458
1658	4459
1659	4464
1660	4473
1661	4484
1662	4493
1663	4498
1664	4502
1665	4510
1666	4513
1667	4516
1668	4524
1669	4530
1670	4544
1671	4552
1672	4559
1673	4563
1674	4570
1675	4576
1676	4581
1677	4593
1678	4605
1679	4610
1680	4618
1681	4622
1682	4627
1683	4636
1684	4642
1685	4650
1686	4656
1687	4658
1688	4665
1689	4668
1690	4677
1691	4685
1692	4694
1693	4704
1694	4711
1695	4719
1696	4726
1697	4734
1698	4743
1699	4750
1700	4765
1701	4777
1702	4784
1703	4790
1704	4793
1705	4797
1706	4805
1707	4813
1708	4818
1709	4825
1710	4836
1711	4843
1712	4848
1713	4856
1714	4861
1715	4867
1716	4874
1717	4881
1718	4885
1719	4894
1720	4899
1721	4906
1722	4914
1723	4921
1724	4928
1725	4930
1726	4939
1727	4948
1728	4953
1729	4963
1730	4975
1731	4978
1732	4984
1733	4987
1734	4993
1735	4998
1736	5005
1737	5011
1738	5015
1739	5020
1740	5025
1741	5032
1742	5040
1743	5043
1744	5048
1745	5059
1746	5064
1747	5069
1748	5075
1749	5087
1750	5094
1751	5101
1752	5113
1753	5117
1754	5123
1755	5132
1756	5139
1757	5146
1758	5151
1759	5155
1760	5160
1761	5167
1762	5175
1763	5185
1764	5187
1765	5191
1766	5194
1767	5198
1768	5206
1769	5211
1770	5212
1771	5218
1772	5220
1773	5226
1774	5230
1775	5233
1776	5236
1777	5248
1778	5259
1779	5264
1780	5268
1781	5270
1782	5277
1783	5284
1784	5290
1785	5293
1786	5298
1787	5304
1788	5311
1789	5316
1790	5323
1791	5326
1792	5330
1793	5335
1794	5341
1795	5351
1796	5356
1797	5368
1798	5370
1799	5372
1800	5380
1801	5381
1802	5386
1803	5391
1804	5399
1805	5412
1806	5419
1807	5421
1808	5425
1809	5428
1810	5432
1811	5437
1812	5443
1813	5452
1814	5456
1815	5462
1816	5469
1817	5479
1818	5482
1819	5487
1820	5494
1821	5498
1822	5502
1823	5507
1824	5512
1825	5515
1826	5517
1827	5521
1828	5524
1829	5528
1830	5532
1831	5539
1832	5540
1833	5544
1834	5547
1835	5551
1836	5560
1837	5564
1838	5571
1839	5577
1840	5584
1841	5586
1842	5589
1843	5592
1844	5598
1845	5598
1846	5605
1847	5611
1848	5619
1849	5624
1850	5628
1851	5631
1852	5633
1853	5637
1854	5645
1855	5652
1856	5659
1857	5662
1858	5666
1859	5670
1860	5672
1861	5675
1862	5681
1863	5687
1864	5690
1865	5697
1866	5701
1867	5715
1868	5725
1869	5733
1870	5742
1871	5747
1872	5755
1873	5761
1874	5765
1875	5773
1876	5786
1877	5793
1878	5799
1879	5808
1880	5814
1881	5822
1882	5836
1883	5840
1884	5844
1885	5846
1886	5856
1887	5865
1888	5870
1889	5877
1890	5887
1891	5894
1892	5899
1893	5910
1894	5920
1895	5933
1896	5940
1897	5945
1898	5948
1899	5956
1900	5961
1901	5971
1902	5977
1903	5987
1904	5994
1905	6004
1906	6012
1907	6020
1908	6023
1909	6033
1910	6044
1911	6050
1912	6057
1913	6071
1914	6075
1915	6081
1916	6094
1917	6104
1918	6118
1919	6131
1920	6135
1921	6145
1922	6152
1923	6162
1924	6175
1925	6183
1926	6189
1927	6197
1928	6206
1929	6211
1930	6224
1931	6237
1932	6249
1933	6258
1934	6267
1935	6270
1936	6278
1937	6288
1938	6297
1939	6305
1940	6311
1941	6316
1942	6319
1943	6332
1944	6336
1945	6345
1946	6354
1947	6360
1948	6369
1949	6375
1950	6388
1951	6397
1952	6408
1953	6413
1954	6419
1955	6428
1956	6435
1957	6445
1958	6456
1959	6463
1960	6470
1961	6476
1962	6480
1963	6484
1964	6488
1965	6494
1966	6499
1967	6503
1968	6507
1969	6515
1970	6523
1971	6530
1972	6530
1973	6531
1974	6538
1975	6548
1976	6556
1977	6564
1978	6571
1979	6577
1980	6584
1981	6592
1982	6596
1983	6600
1984	6608
1985	6614
1986	6616
1987	6625
1988	6631
1989	6639
1990	6651
1991	6659
1992	6661
1993	6668
1994	6675
1995	6682
1996	6697
1997	6700
1998	6706
1999	6709
2000	6716
2001	6726
2002	6735
2003	6743
2004	6748
2005	6756
2006	6766
2007	6774
2008	6781
2009	6790
2010	6802
2011	6813
2012	6823
2013	6830
2014	6839
2015	6845
2016	6853
2017	6855
2018	6862
2019	6871
2020	6884
2021	6894
2022	6902
2023	6910
2024	6923
2025	6932
2026	6936
2027	6943
2028	6953
2029	6963
2030	6974
2031	6982
2032	6990
2033	6998
2034	7004
2035	7011
2036	7022
2037	7031
2038	7037
2039	7046
2040	7055
2041	7069
2042	7077
2043	7096
2044	7099
2045	7109
2046	7114
2047	7121
2048	7128
2049	7137
2050	7150
2051	7158
2052	7167
2053	7174
2054	7185
2055	7190
2056	7204
2057	7214
2058	7227
2059	7234
2060	7242
2061	7249
2062	7254
2063	7261
2064	7268
2065	7275
2066	7279
2067	7289
2068	7292
2069	7300
2070	7303
2071	7315
2072	7327
2073	7337
2074	7346
2075	7353
2076	7363
2077	7367
2078	7373
2079	7387
2080	7393
2081	7404
2082	7409
2083	7418
2084	7423
2085	7433
2086	7442
2087	7456
2088	7462
2089	7467
2090	7472
2091	7482
2092	7488
2093	7498
2094	7503
2095	7509
2096	7520
2097	7529
2098	7539
2099	7549
2100	7560
2101	7568
2102	7574
2103	7580
2104	7588
2105	7597
2106	7604
2107	7613
2108	7617
2109	7621
2110	7626
2111	7630
2112	7639
2113	7650
2114	7657
2115	7665
2116	7668
2117	7673
2118	7681
2119	7686
2120	7690
2121	7703
2122	7714
2123	7716
2124	7719
2125	7730
2126	7735
2127	7739
2128	7745
2129	7759
2130	7765
2131	7769
2132	7778
2133	7786
2134	7795
2135	7801
2136	7809
2137	7819
2138	7819
2139	7824
2140	7825
2141	7831
2142	7839
2143	7843
2144	7846
2145	7855
2146	7860
2147	7865
2148	7873
2149	7879
2150	7883
2151	7885
2152	7888
2153	7896
2154	7901
2155	7903
2156	7905
2157	7912
2158	7916
2159	7919
2160	7924
2161	7925
2162	7933
2163	7944
2164	7946
2165	7949
2166	7951
2167	7957
2168	7959
2169	7964
2170	7970
2171	7976
2172	7978
2173	7983
2174	7988
2175	7993
2176	8004
2177	8008
2178	8015
2179	8020
2180	8025
2181	8031
2182	8035
2183	8040
2184	8045
2185	8049
2186	8051
2187	8053
2188	8058
2189	8060
2190	8064
2191	8069
2192	8073
2193	8075
2194	8076
2195	8081
2196	8086
2197	8091
2198	8096
2199	8098
2200	8100
2201	8101
2202	8106
2203	8108
2204	8116
2205	8120
2206	8126
2207	8131
2208	8136
2209	8137
2210	8147
2211	8149
2212	8154
2213	8160
2214	8161
2215	8165
2216	8172
2217	8174
2218	8177
2219	8185
2220	8190
2221	8193
2222	8199
2223	8208
2224	8213
2225	8220
2226	8228
2227	8234
2228	8239
2229	8246
2230	8254
2231	8265
2232	8274
2233	8283
2234	8290
2235	8294
2236	8299
2237	8302
2238	8311
2239	8317
2240	8325
2241	8334
2242	8335
2243	8341
2244	8353
2245	8364
2246	8373
2247	8380
2248	8387
2249	8399
2250	8408
2251	8418
2252	8422
2253	8434
2254	8441
2255	8450
2256	8459
2257	8465
2258	8473
2259	8481
2260	8493
2261	8504
2262	8514
2263	8526
2264	8539
2265	8548
2266	8555
2267	8563
2268	8566
2269	8577
2270	8586
2271	8594
2272	8602
2273	8610
2274	8622
2275	8632
2276	8639
2277	8645
2278	8652
2279	8662
2280	8670
2281	8675
2282	8684
2283	8689
2284	8698
2285	8707
2286	8718
2287	8724
2288	8739
2289	8754
2290	8761
2291	8766
2292	8772
2293	8784
2294	8792
2295	8800
2296	8806
2297	8813
2298	8822
2299	8830
2300	8844
2301	8865
2302	8875
2303	8882
2304	8887
2305	8899
2306	8911
2307	8918
2308	8928
2309	8942
2310	8948
2311	8955
2312	8964
2313	8970
2314	8988
2315	8994
2316	9003
2317	9009
2318	9012
2319	9021
2320	9030
2321	9038
2322	9044
2323	9051
2324	9058
2325	9066
2326	9071
2327	9078
2328	9083
2329	9090
2330	9093
2331	9100
2332	9103
2333	9106
2334	9114
2335	9123
2336	9128
2337	9131
2338	9134
2339	9136
2340	9143
2341	9151
2342	9158
2343	9162
2344	9169
2345	9176
2346	9182
2347	9188
2348	9196
2349	9204
2350	9217
2351	9226
2352	9230
2353	9235
2354	9243
2355	9255
2356	9260
2357	9268
2358	9271
2359	9276
2360	9280
2361	9283
2362	9291
2363	9295
2364	9301
2365	9308
2366	9314
2367	9317
2368	9324
2369	9330
2370	9334
2371	9342
2372	9353
2373	9356
2374	9363
2375	9368
2376	9375
2377	9383
2378	9390
2379	9400
2380	9407
2381	9414
2382	9421
2383	9426
2384	9434
2385	9437
2386	9448
2387	9461
2388	9471
2389	9478
2390	9479
2391	9496
2392	9510
2393	9520
2394	9529
2395	9540
2396	9552
2397	9553
2398	9568
2399	9574
2400	9584
2401	9592
2402	9603
2403	9609
2404	9622
2405	9631
2406	9643
2407	9648
2408	9658
2409	9666
2410	9671
2411	9678
2412	9682
2413	9699
2414	9708
2415	9714
2416	9722
2417	9730
2418	9733
2419	9743
2420	9747
2421	9760
2422	9767
2423	9780
2424	9790
2425	9807
2426	9818
2427	9827
2428	9840
2429	9850
2430	9857
2431	9865
2432	9881
2433	9887
2434	9901
2435	9915
2436	9926
2437	9936
2438	9945
2439	9954
2440	9965
2441	9975
2442	9985
2443	9990
2444	9996
2445	10002
2446	10017
2447	10028
2448	10039
2449	10050
2450	10065
2451	10070
2452	10082
2453	10090
2454	10109
2455	10126
2456	10139
2457	10146
2458	10150
2459	10154
2460	10161
2461	10173
2462	10188
2463	10196
2464	10205
2465	10216
2466	10222
2467	10231
2468	10236
2469	10251
2470	10263
2471	10270
2472	10281
2473	10285
2474	10293
2475	10297
2476	10305
2477	10312
2478	10325
2479	10328
2480	10334
2481	10346
2482	10354
2483	10360
2484	10368
2485	10375
2486	10378
2487	10390
2488	10403
2489	10406
2490	10413
2491	10422
2492	10428
2493	10431
2494	10434
2495	10439
2496	10445
2497	10457
2498	10463
2499	10466
2500	10471
2501	10477
2502	10483
2503	10493
2504	10503
2505	10507
2506	10512
2507	10519
2508	10521
2509	10529
2510	10534
2511	10541
2512	10548
2513	10553
2514	10558
2515	10560
2516	10564
2517	10571
2518	10575
2519	10582
2520	10588
2521	10593
2522	10596
2523	10604
2524	10607
2525	10615
2526	10622
2527	10627
2528	10630
2529	10637
2530	10645
2531	10654
2532	10656
2533	10657
2534	10665
2535	10670
2536	10672
2537	10676
2538	10681
2539	10689
2540	10697
2541	10705
2542	10709
2543	10715
2544	10721
2545	10726
2546	10733
2547	10741
2548	10746
2549	10750
2550	10755
2551	10758
2552	10764
2553	10767
2554	10775
2555	10781
2556	10790
2557	10795
2558	10800
2559	10804
2560	10807
2561	10809
2562	10812
2563	10819
2564	10820
2565	10824
2566	10825
2567	10835
2568	10839
2569	10841
2570	10843
2571	10846
2572	10849
2573	10858
2574	10868
2575	10873
2576	10878
2577	10888
2578	10892
2579	10895
2580	10903
2581	10908
2582	10914
2583	10920
2584	10923
2585	10932
2586	10937
2587	10942
2588	10944
2589	10944
2590	10949
2591	10952
2592	10956
2593	10963
2594	10967
2595	10971
2596	10978
2597	10985
2598	10992
2599	10999
2600	11007
2601	11014
2602	11022
2603	11032
2604	11041
2605	11048
2606	11055
2607	11067
2608	11073
2609	11083
2610	11096
2611	11107
2612	11116
2613	11120
2614	11136
2615	11145
2616	11158
2617	11168
2618	11177
2619	11189
2620	11197
2621	11206
2622	11219
2623	11233
2624	11242
2625	11251
2626	11261
2627	11271
2628	11280
2629	11285
2630	11296
2631	11309
2632	11318
2633	11325
2634	11332
2635	11342
2636	11352
2637	11364
2638	11379
2639	11388
2640	11396
2641	11400
2642	11410
2643	11423
2644	11436
2645	11447
2646	11452
2647	11461
2648	11473
2649	11478
2650	11487
2651	11500
2652	11510
2653	11519
2654	11530
2655	11544
2656	11561
2657	11566
2658	11579
2659	11593
2660	11604
2661	11616
2662	11618
2663	11625
2664	11629
2665	11639
2666	11648
2667	11656
2668	11667
2669	11673
2670	11680
2671	11693
2672	11703
2673	11708
2674	11719
2675	11731
2676	11737
2677	11749
2678	11752
2679	11762
2680	11780
2681	11788
2682	11798
2683	11805
2684	11817
2685	11828
2686	11833
2687	11840
2688	11852
2689	11858
2690	11864
2691	11874
2692	11880
2693	11888
2694	11898
2695	11902
2696	11905
2697	11911
2698	11915
2699	11921
2700	11929
2701	11938
2702	11942
2703	11944
2704	11945
2705	11952
2706	11955
2707	11956
2708	11964
2709	11968
2710	11974
2711	11978
2712	11988
2713	11996
2714	12001
2715	12015
2716	12019
2717	12027
2718	12039
2719	12045
2720	12051
2721	12054
2722	12059
2723	12068
2724	12075
2725	12081
2726	12087
2727	12098
2728	12103
2729	12111
2730	12119
2731	12128
2732	12140
2733	12144
2734	12152
2735	12162
2736	12170
2737	12183
2738	12196
2739	12201
2740	12209
2741	12215
2742	12219
2743	12228
2744	12234
2745	12248
2746	12257
2747	12268
2748	12273
2749	12282
2750	12293
2751	12303
2752	12309
2753	12315
2754	12331
2755	12346
2756	12361
2757	12380
2758	12397
2759	12412
2760	12422
2761	12436
2762	12443
2763	12460
2764	12481
2765	12499
2766	12513
2767	12524
2768	12528
