1	1
2	1
3	1
4	1
5	1
6	1
7	1
8	2
9	2
10	2
11	3
12	4
13	5
14	5
15	5
16	5
17	6
18	6
19	6
20	7
21	7
22	7
23	7
24	8
25	8
26	10
27	13
28	15
29	15
30	15
31	16
32	16
33	16
34	16
35	17
36	17
37	17
38	19
39	19
40	20
41	23
42	23
43	23
44	23
45	27
46	27
47	30
48	31
49	35
50	36
51	37
52	39
53	39
54	41
55	42
56	42
57	42
58	45
59	46
60	47
61	49
62	50
63	50
64	51
65	53
66	53
67	54
68	54
69	55
70	55
71	56
72	56
73	56
74	57
75	59
76	60
77	60
78	60
79	61
80	62
81	63
82	65
83	65
84	67
85	67
86	68
87	68
88	72
89	73
90	73
91	74
92	75
93	77
94	78
95	80
96	81
97	83
98	85
99	86
100	87
101	88
102	89
103	91
104	93
105	94
106	94
107	96
108	97
109	97
110	98
111	99
112	99
113	99
114	99
115	99
116	102
117	102
118	102
119	103
120	103
121	104
122	104
123	104
124	105
125	106
126	107
127	107
128	108
129	109
130	109
131	111
132	111
133	112
134	113
135	113
136	114
137	115
138	116
139	116
140	118
141	118
142	119
143	119
144	119
145	119
146	119
147	120
148	120
149	122
150	122
151	122
152	122
153	122
154	124
155	126
156	128
157	128
158	128
159	129
160	131
161	131
162	131
163	132
164	133
165	134
166	135
167	136
168	137
169	137
170	138
171	140
172	140
173	140
174	140
175	140
176	141
177	142
178	144
179	144
180	145
181	147
182	149
183	150
184	150
185	150
186	151
187	153
188	154
189	156
190	156
191	158
192	160
193	160
194	166
195	168
196	170
197	173
198	176
199	180
200	187
201	192
202	197
203	200
204	204
205	209
206	213
207	218
208	220
209	222
210	228
211	228
212	230
213	232
214	233
215	236
216	239
217	241
218	242
219	244
220	247
221	248
222	252
223	256
224	258
225	261
226	263
227	265
228	266
229	266
230	269
231	273
232	274
233	276
234	278
235	284
236	287
237	288
238	294
239	296
240	298
241	300
242	304
243	308
244	310
245	313
246	315
247	317
248	317
249	320
250	323
251	325
252	329
253	330
254	332
255	339
256	342
257	345
258	348
259	351
260	352
261	355
262	356
263	358
264	359
265	361
266	362
267	364
268	367
269	370
270	372
271	375
272	376
273	379
274	382
275	385
276	388
277	392
278	393
279	398
280	402
281	406
282	409
283	411
284	416
285	417
286	422
287	426
288	427
289	430
290	433
291	434
292	436
293	439
294	442
295	444
296	448
297	452
298	455
299	462
300	464
301	466
302	468
303	469
304	472
305	473
306	478
307	480
308	484
309	489
310	489
311	493
312	498
313	503
314	507
315	509
316	512
317	514
318	516
319	520
320	524
321	526
322	530
323	533
324	533
325	535
326	538
327	541
328	544
329	555
330	563
331	568
332	582
333	591
334	601
335	608
336	617
337	626
338	630
339	639
340	650
341	660
342	674
343	682
344	686
345	689
346	693
347	701
348	709
349	716
350	722
351	725
352	729
353	733
354	735
355	741
356	748
357	751
358	756
359	760
360	766
361	772
362	776
363	783
364	786
365	792
366	792
367	801
368	806
369	812
370	816
371	822
372	824
373	826
374	829
375	837
376	841
377	847
378	851
379	855
380	859
381	859
382	871
383	879
384	883
385	885
386	887
387	889
388	898
389	902
390	906
391	908
392	911
393	912
394	913
395	914
396	916
397	924
398	931
399	936
400	939
401	943
402	949
403	950
404	954
405	959
406	965
407	968
408	970
409	977
410	979
411	982
412	985
413	989
414	995
415	997
416	1000
417	1005
418	1007
419	1014
420	1016
421	1020
422	1023
423	1024
424	1027
425	1030
426	1032
427	1036
428	1040
429	1041
430	1044
431	1051
432	1057
433	1057
434	1061
435	1063
436	1066
437	1069
438	1074
439	1078
440	1091
441	1108
442	1124
443	1130
444	1141
445	1152
446	1160
447	1172
448	1187
449	1195
450	1203
451	1221
452	1235
453	1239
454	1248
455	1258
456	1259
457	1266
458	1276
459	1283
460	1292
461	1301
462	1309
463	1311
464	1318
465	1323
466	1331
467	1337
468	1344
469	1350
470	1358
471	1363
472	1371
473	1382
474	1388
475	1397
476	1400
477	1407
478	1411
479	1422
480	1434
481	1440
482	1449
483	1454
484	1461
485	1464
486	1468
487	1475
488	1478
489	1484
490	1493
491	1499
492	1501
493	1506
494	1515
495	1521
496	1524
497	1529
498	1536
499	1540
500	1545
501	1551
502	1560
503	1567
504	1570
505	1574
506	1574
507	1582
508	1588
509	1595
510	1598
511	1600
512	1601
513	1603
514	1607
515	1612
516	1615
517	1619
518	1620
519	1624
520	1632
521	1639
522	1642
523	1649
524	1656
525	1658
526	1661
527	1665
528	1671
529	1673
530	1685
531	1691
532	1695
533	1697
534	1700
535	1707
536	1722
537	1753
538	1770
539	1800
540	1817
541	1828
542	1854
543	1864
544	1876
545	1885
546	1899
547	1914
548	1922
549	1931
550	1940
551	1947
552	1961
553	1966
554	1976
555	1984
556	1994
557	2011
558	2023
559	2039
560	2051
561	2061
562	2067
563	2075
564	2087
565	2099
566	2105
567	2112
568	2119
569	2125
570	2136
571	2148
572	2163
573	2177
574	2184
575	2192
576	2194
577	2200
578	2207
579	2215
580	2225
581	2236
582	2240
583	2244
584	2252
585	2264
586	2270
587	2275
588	2285
589	2295
590	2302
591	2311
592	2319
593	2326
594	2332
595	2341
596	2349
597	2352
598	2357
599	2369
600	2377
601	2382
602	2390
603	2394
604	2400
605	2409
606	2416
607	2428
608	2434
609	2438
610	2448
611	2453
612	2461
613	2473
614	2485
615	2491
616	2503
617	2506
618	2514
619	2538
620	2572
621	2606
622	2629
623	2644
624	2654
625	2671
626	2689
627	2699
628	2712
629	2729
630	2748
631	2754
632	2763
633	2776
634	2789
635	2799
636	2818
637	2829
638	2833
639	2846
640	2862
641	2880
642	2891
643	2904
644	2919
645	2922
646	2931
647	2940
648	2947
649	2960
650	2972
651	2981
652	2990
653	2999
654	3005
655	3014
656	3028
657	3040
658	3050
659	3057
660	3063
661	3082
662	3097
663	3114
664	3122
665	3137
666	3144
667	3146
668	3160
669	3165
670	3177
671	3194
672	3206
673	3213
674	3221
675	3233
676	3239
677	3251
678	3271
679	3281
680	3290
681	3296
682	3307
683	3314
684	3321
685	3337
686	3341
687	3349
688	3355
689	3366
690	3377
691	3384
692	3399
693	3410
694	3417
695	3423
696	3436
697	3444
698	3485
699	3534
700	3571
701	3587
702	3601
703	3624
704	3659
705	3690
706	3710
707	3740
708	3751
709	3771
710	3802
711	3821
712	3837
713	3869
714	3895
715	3902
716	3908
717	3917
718	3947
719	3967
720	3991
721	4019
722	4030
723	4043
724	4056
725	4074
726	4090
727	4105
728	4119
729	4127
730	4138
731	4157
732	4171
733	4190
734	4201
735	4219
736	4229
737	4236
738	4254
739	4268
740	4282
741	4298
742	4316
743	4323
744	4333
745	4344
746	4357
747	4379
748	4391
749	4410
750	4421
751	4428
752	4441
753	4459
754	4476
755	4485
756	4499
757	4502
758	4507
759	4514
760	4526
761	4534
762	4545
763	4558
764	4563
765	4572
766	4581
767	4591
768	4615
769	4661
770	4702
771	4716
772	4732
773	4756
774	4777
775	4805
776	4831
777	4851
778	4866
779	4874
780	4893
781	4910
782	4924
783	4939
784	4952
785	4971
786	4981
787	4996
788	5017
789	5034
790	5046
791	5061
792	5072
793	5083
794	5098
795	5117
796	5127
797	5145
798	5163
799	5168
800	5175
801	5184
802	5203
803	5218
804	5231
805	5248
806	5256
807	5262
808	5277
809	5306
810	5317
811	5330
812	5342
813	5354
814	5358
815	5371
816	5381
817	5391
818	5407
819	5416
820	5426
821	5430
822	5439
823	5448
824	5456
825	5465
826	5472
827	5476
828	5483
829	5489
830	5501
831	5510
832	5520
833	5531
834	5544
835	5552
836	5560
837	5597
838	5645
839	5682
840	5700
841	5716
842	5725
843	5748
844	5773
845	5800
846	5823
847	5834
848	5848
849	5860
850	5875
851	5893
852	5915
853	5940
854	5952
855	5963
856	5976
857	5991
858	6013
859	6039
860	6059
861	6079
862	6095
863	6108
864	6127
865	6144
866	6160
867	6176
868	6188
869	6193
870	6202
871	6214
872	6230
873	6245
874	6252
875	6263
876	6271
877	6281
878	6290
879	6301
880	6313
881	6324
882	6332
883	6340
884	6344
885	6348
886	6362
887	6377
888	6390
889	6401
890	6412
891	6420
892	6442
893	6455
894	6467
895	6483
896	6500
897	6513
898	6519
899	6533
900	6595
901	6654
902	6703
903	6740
904	6764
905	6777
906	6812
907	6841
908	6866
909	6901
910	6928
911	6942
912	6955
913	6977
914	7013
915	7030
916	7047
917	7064
918	7083
919	7116
920	7145
921	7168
922	7183
923	7198
924	7207
925	7218
926	7232
927	7251
928	7270
929	7290
930	7302
931	7323
932	7340
933	7352
934	7371
935	7391
936	7411
937	7434
938	7453
939	7463
940	7471
941	7487
942	7505
943	7517
944	7536
945	7551
946	7557
947	7571
948	7589
949	7607
950	7689
951	7749
952	7791
953	7818
954	7843
955	7891
956	7927
957	7962
958	7990
959	8017
960	8031
961	8046
962	8064
963	8100
964	8126
965	8158
966	8187
967	8207
968	8225
969	8243
970	8271
971	8293
972	8331
973	8349
974	8361
975	8374
976	8390
977	8416
978	8437
979	8455
980	8472
981	8479
982	8490
983	8507
984	8528
985	8555
986	8579
987	8597
988	8605
989	8618
990	8643
991	8664
992	8685
993	8695
994	8715
995	8735
996	8790
997	8854
998	8926
999	8982
1000	9023
1001	9066
1002	9095
1003	9117
1004	9154
1005	9193
1006	9228
1007	9279
1008	9322
1009	9335
1010	9355
1011	9392
1012	9423
1013	9448
1014	9473
1015	9493
1016	9502
1017	9523
1018	9546
1019	9565
1020	9584
1021	9607
1022	9636
1023	9652
1024	9661
1025	9681
1026	9700
1027	9720
1028	9743
1029	9762
1030	9773
1031	9784
1032	9802
1033	9820
1034	9845
1035	9864
1036	9881
1037	9890
1038	9902
1039	9914
1040	9924
1041	9940
1042	9992
1043	10049
1044	10088
1045	10113
1046	10152
1047	10202
1048	10249
1049	10291
1050	10329
1051	10347
1052	10362
1053	10399
1054	10434
1055	10480
1056	10516
1057	10543
1058	10557
1059	10578
1060	10605
1061	10626
1062	10662
1063	10685
1064	10713
1065	10728
1066	10737
1067	10759
1068	10788
1069	10818
1070	10845
1071	10860
1072	10879
1073	10892
1074	10913
1075	10935
1076	10957
1077	10976
1078	11004
1079	11014
1080	11023
1081	11047
1082	11059
1083	11083
1084	11097
1085	11116
1086	11129
1087	11137
1088	11214
1089	11303
1090	11373
1091	11415
1092	11451
1093	11478
1094	11501
1095	11536
1096	11578
1097	11625
1098	11671
1099	11706
1100	11724
1101	11737
1102	11758
1103	11789
1104	11825
1105	11854
1106	11882
1107	11891
1108	11903
1109	11935
1110	11963
1111	11989
1112	12018
1113	12043
1114	12055
1115	12068
1116	12100
1117	12121
1118	12152
1119	12177
1120	12199
1121	12210
1122	12230
1123	12248
1124	12269
1125	12293
1126	12312
1127	12322
1128	12329
1129	12345
1130	12358
1131	12372
1132	12406
1133	12497
1134	12557
1135	12594
1136	12627
1137	12663
1138	12710
1139	12757
1140	12795
1141	12822
1142	12836
1143	12851
1144	12885
1145	12922
1146	12950
1147	12983
1148	13009
1149	13024
1150	13042
1151	13062
1152	13082
1153	13115
1154	13139
1155	13165
1156	13181
1157	13189
1158	13205
1159	13223
1160	13246
1161	13264
1162	13281
1163	13291
1164	13301
1165	13317
1166	13332
1167	13355
1168	13375
1169	13384
1170	13396
1171	13409
1172	13426
1173	13443
1174	13460
1175	13479
1176	13495
1177	13515
1178	13554
1179	13619
1180	13688
1181	13738
1182	13794
1183	13836
1184	13856
1185	13871
1186	13910
1187	13948
1188	13980
1189	14020
1190	14059
1191	14075
1192	14097
1193	14127
1194	14146
1195	14178
1196	14213
1197	14232
1198	14246
1199	14262
1200	14281
1201	14305
1202	14329
1203	14349
1204	14365
1205	14383
1206	14406
1207	14421
1208	14443
1209	14467
1210	14484
1211	14498
1212	14509
1213	14518
1214	14544
1215	14564
1216	14578
1217	14592
1218	14605
1219	14617
1220	14624
1221	14670
1222	14756
1223	14826
1224	14885
1225	14930
1226	14956
1227	14980
1228	15021
1229	15064
1230	15098
1231	15123
1232	15151
1233	15170
1234	15189
1235	15224
1236	15245
1237	15274
1238	15294
1239	15319
1240	15334
1241	15347
1242	15362
1243	15388
1244	15413
1245	15443
1246	15458
1247	15468
1248	15474
1249	15494
1250	15518
1251	15543
1252	15564
1253	15583
1254	15597
1255	15611
1256	15639
1257	15657
1258	15679
1259	15703
1260	15721
1261	15730
1262	15738
1263	15755
1264	15763
1265	15818
1266	15907
1267	15978
1268	16011
1269	16040
1270	16080
1271	16120
1272	16164
1273	16196
1274	16233
1275	16250
1276	16275
1277	16308
1278	16337
1279	16373
1280	16398
1281	16431
1282	16449
1283	16466
1284	16481
1285	16508
1286	16536
1287	16563
1288	16581
1289	16602
1290	16614
1291	16634
1292	16660
1293	16682
1294	16707
1295	16732
1296	16755
1297	16771
1298	16791
1299	16804
1300	16829
1301	16866
1302	16903
1303	16966
1304	17021
1305	17102
1306	17150
1307	17201
1308	17251
1309	17286
1310	17313
1311	17327
1312	17365
1313	17413
1314	17443
1315	17473
1316	17500
1317	17522
1318	17544
1319	17563
1320	17594
1321	17615
1322	17636
1323	17655
1324	17672
1325	17686
1326	17713
1327	17734
1328	17761
1329	17782
1330	17795
1331	17803
1332	17816
1333	17833
1334	17848
1335	17864
1336	17881
1337	17897
1338	17906
1339	17960
1340	18064
1341	18127
1342	18185
1343	18243
1344	18287
1345	18315
1346	18341
1347	18398
1348	18434
1349	18465
1350	18498
1351	18538
1352	18548
1353	18564
1354	18590
1355	18627
1356	18656
1357	18684
1358	18708
1359	18720
1360	18729
1361	18753
1362	18782
1363	18802
1364	18827
1365	18850
1366	18865
1367	18878
1368	18903
1369	18921
1370	18942
1371	18963
1372	18982
1373	18997
1374	19005
1375	19042
1376	19152
1377	19235
1378	19299
1379	19351
1380	19382
1381	19402
1382	19443
1383	19495
1384	19517
1385	19545
1386	19582
1387	19612
1388	19625
1389	19657
1390	19687
1391	19721
1392	19745
1393	19769
1394	19784
1395	19802
1396	19828
1397	19846
1398	19870
1399	19890
1400	19923
1401	19942
1402	19963
1403	19982
1404	20004
1405	20033
1406	20048
1407	20067
1408	20080
1409	20092
1410	20104
1411	20122
1412	20217
1413	20299
1414	20356
1415	20387
1416	20419
1417	20480
1418	20524
1419	20567
1420	20619
1421	20665
1422	20690
1423	20712
1424	20748
1425	20784
1426	20825
1427	20856
1428	20880
1429	20899
1430	20923
1431	20958
1432	20979
1433	21009
1434	21039
1435	21066
1436	21087
1437	21105
1438	21128
1439	21155
1440	21187
1441	21213
1442	21236
1443	21247
1444	21259
1445	21279
1446	21302
1447	21430
1448	21511
1449	21577
1450	21621
1451	21647
1452	21700
1453	21752
1454	21790
1455	21829
1456	21869
1457	21885
1458	21907
1459	21949
1460	21994
1461	22045
1462	22081
1463	22116
1464	22129
1465	22147
1466	22176
1467	22202
1468	22232
1469	22263
1470	22281
1471	22292
1472	22311
1473	22335
1474	22359
1475	22377
1476	22393
1477	22419
1478	22431
1479	22435
1480	22450
1481	22500
1482	22614
1483	22693
1484	22747
1485	22778
1486	22805
1487	22851
1488	22898
1489	22949
1490	23005
1491	23034
1492	23049
1493	23066
1494	23102
1495	23135
1496	23165
1497	23191
1498	23216
1499	23229
1500	23236
1501	23261
1502	23292
1503	23313
1504	23338
1505	23359
1506	23367
1507	23382
1508	23408
1509	23426
1510	23441
1511	23464
1512	23485
1513	23497
1514	23513
1515	23535
1516	23603
1517	23696
1518	23766
1519	23824
1520	23841
1521	23857
1522	23903
1523	23950
1524	23997
1525	24036
1526	24070
1527	24097
1528	24105
1529	24133
1530	24153
1531	24189
1532	24231
1533	24257
1534	24270
1535	24290
1536	24319
1537	24342
1538	24380
1539	24399
1540	24420
1541	24436
1542	24452
1543	24481
1544	24508
1545	24534
1546	24543
1547	24561
1548	24579
1549	24632
1550	24716
1551	24800
1552	24870
1553	24933
1554	24974
1555	25000
1556	25025
1557	25075
1558	25116
1559	25161
1560	25190
1561	25225
1562	25239
1563	25264
1564	25290
1565	25319
1566	25351
1567	25381
1568	25411
1569	25424
1570	25435
1571	25455
1572	25489
1573	25514
1574	25536
1575	25556
1576	25565
1577	25575
1578	25596
1579	25617
1580	25632
1581	25688
1582	25771
1583	25822
1584	25855
1585	25903
1586	25961
1587	26017
1588	26064
1589	26091
1590	26118
1591	26145
1592	26189
1593	26239
1594	26274
1595	26318
1596	26354
1597	26370
1598	26396
1599	26439
1600	26469
1601	26497
1602	26522
1603	26546
1604	26556
1605	26565
1606	26586
1607	26597
1608	26618
1609	26638
1610	26667
1611	26688
1612	26698
1613	26713
1614	26726
1615	26742
1616	26755
1617	26829
1618	26891
1619	26936
1620	27006
1621	27068
1622	27124
1623	27181
1624	27227
1625	27260
1626	27278
1627	27311
1628	27353
1629	27405
1630	27443
1631	27477
1632	27489
1633	27493
1634	27518
1635	27551
1636	27592
1637	27615
1638	27637
1639	27648
1640	27659
1641	27688
1642	27719
1643	27738
1644	27760
1645	27781
1646	27790
1647	27799
1648	27903
1649	27971
1650	28051
1651	28111
1652	28155
1653	28187
1654	28214
1655	28261
1656	28299
1657	28344
1658	28387
1659	28418
1660	28444
1661	28460
1662	28490
1663	28524
1664	28558
1665	28591
1666	28620
1667	28633
1668	28652
1669	28688
1670	28713
1671	28739
1672	28772
1673	28806
1674	28820
1675	28830
1676	28907
1677	29016
1678	29096
1679	29168
1680	29218
1681	29258
1682	29275
1683	29323
1684	29355
1685	29402
1686	29449
1687	29493
1688	29507
1689	29524
1690	29561
1691	29587
1692	29630
1693	29653
1694	29681
1695	29699
1696	29712
1697	29749
1698	29785
1699	29810
1700	29827
1701	29852
1702	29867
1703	29915
1704	29999
1705	30072
1706	30144
1707	30211
1708	30271
1709	30302
1710	30334
1711	30376
1712	30418
1713	30458
1714	30496
1715	30540
1716	30564
1717	30579
1718	30610
1719	30645
1720	30670
1721	30699
1722	30721
1723	30734
1724	30743
1725	30763
1726	30789
1727	30810
1728	30825
1729	30845
1730	30876
1731	30932
1732	31014
1733	31072
1734	31127
1735	31173
1736	31229
1737	31275
1738	31304
1739	31350
1740	31385
1741	31418
1742	31444
1743	31487
1744	31507
1745	31525
1746	31557
1747	31586
1748	31615
1749	31634
1750	31659
1751	31678
1752	31692
1753	31717
1754	31739
1755	31759
1756	31772
1757	31790
1758	31801
1759	31808
1760	31839
1761	31929
1762	31996
1763	32059
1764	32116
1765	32142
1766	32163
1767	32198
1768	32237
1769	32286
1770	32324
1771	32357
1772	32378
1773	32394
1774	32421
1775	32446
1776	32479
1777	32505
1778	32522
1779	32538
1780	32549
1781	32573
1782	32601
1783	32618
1784	32646
1785	32667
1786	32679
1787	32689
1788	32705
1789	32765
1790	32859
1791	32929
1792	32992
1793	33021
1794	33040
1795	33079
1796	33110
1797	33144
1798	33187
1799	33227
1800	33238
1801	33252
1802	33281
1803	33319
1804	33348
1805	33375
1806	33394
1807	33411
1808	33422
1809	33446
1810	33470
1811	33500
1812	33530
1813	33548
1814	33563
1815	33575
1816	33599
1817	33629
1818	33718
1819	33789
1820	33840
1821	33874
1822	33903
1823	33959
1824	34003
1825	34042
1826	34077
1827	34106
1828	34123
1829	34140
1830	34172
1831	34206
1832	34239
1833	34274
1834	34292
1835	34299
1836	34314
1837	34340
1838	34370
1839	34397
1840	34412
1841	34434
1842	34444
1843	34452
1844	34466
1845	34486
1846	34586
1847	34657
1848	34721
1849	34743
1850	34775
1851	34818
1852	34870
1853	34916
1854	34964
1855	35008
1856	35027
1857	35038
1858	35081
1859	35130
1860	35161
1861	35195
1862	35216
1863	35234
1864	35256
1865	35284
1866	35309
1867	35333
1868	35360
1869	35384
1870	35401
1871	35415
1872	35437
1873	35455
1874	35530
1875	35633
1876	35726
1877	35767
1878	35812
1879	35869
1880	35951
1881	36004
1882	36072
1883	36122
1884	36150
1885	36173
1886	36209
1887	36260
1888	36294
1889	36323
1890	36363
1891	36379
1892	36398
1893	36440
1894	36485
1895	36516
1896	36550
1897	36577
1898	36593
1899	36612
1900	36640
1901	36665
1902	36765
1903	36868
1904	36940
1905	36993
1906	37031
1907	37093
1908	37156
1909	37213
1910	37266
1911	37309
1912	37333
1913	37356
1914	37392
1915	37441
1916	37474
1917	37502
1918	37532
1919	37542
1920	37557
1921	37587
1922	37612
1923	37644
1924	37667
1925	37691
1926	37711
1927	37723
1928	37750
1929	37865
1930	37959
1931	38036
1932	38087
1933	38120
1934	38157
1935	38208
1936	38260
1937	38309
1938	38357
1939	38405
1940	38419
1941	38437
1942	38468
1943	38509
1944	38550
1945	38578
1946	38604
1947	38623
1948	38641
1949	38657
1950	38675
1951	38707
1952	38737
1953	38761
1954	38783
1955	38851
1956	38945
1957	39016
1958	39097
1959	39166
1960	39216
1961	39242
1962	39271
1963	39322
1964	39363
1965	39416
1966	39459
1967	39486
1968	39509
1969	39527
1970	39559
1971	39582
1972	39601
1973	39641
1974	39669
1975	39684
1976	39705
1977	39722
1978	39746
1979	39756
1980	39773
1981	39788
1982	39801
1983	39813
1984	39836
1985	39909
1986	40048
1987	40140
1988	40219
1989	40255
1990	40294
1991	40343
1992	40395
1993	40451
1994	40506
1995	40547
1996	40573
1997	40589
1998	40627
1999	40657
2000	40684
2001	40725
2002	40757
2003	40775
2004	40794
2005	40821
2006	40852
2007	40881
2008	40921
2009	40945
2010	40999
2011	41063
2012	41140
2013	41215
2014	41293
2015	41365
2016	41423
2017	41450
2018	41475
2019	41522
2020	41565
2021	41611
2022	41671
2023	41709
2024	41737
2025	41760
2026	41787
2027	41826
2028	41867
2029	41898
2030	41941
2031	41958
2032	41982
2033	42012
2034	42072
2035	42199
2036	42299
2037	42377
2038	42418
2039	42457
2040	42517
2041	42575
2042	42631
2043	42673
2044	42733
2045	42763
2046	42784
2047	42815
2048	42862
2049	42898
2050	42939
2051	42973
2052	42992
2053	43019
2054	43056
2055	43092
2056	43113
2057	43163
2058	43297
2059	43365
2060	43416
2061	43484
2062	43574
2063	43634
2064	43679
2065	43730
2066	43759
2067	43776
2068	43825
2069	43871
2070	43907
2071	43948
2072	43987
2073	44008
2074	44022
2075	44058
2076	44102
2077	44141
2078	44177
2079	44203
2080	44223
2081	44241
2082	44297
2083	44426
2084	44524
2085	44610
2086	44671
2087	44705
2088	44735
2089	44796
2090	44845
2091	44897
2092	44950
2093	44988
2094	45011
2095	45036
2096	45070
2097	45115
2098	45143
2099	45168
2100	45206
2101	45230
2102	45247
2103	45275
2104	45306
2105	45328
2106	45355
2107	45376
2108	45392
2109	45456
2110	45560
2111	45664
2112	45738
2113	45791
2114	45834
2115	45860
2116	45891
2117	45939
2118	45975
2119	46027
2120	46073
2121	46118
2122	46152
2123	46179
2124	46213
2125	46256
2126	46286
2127	46321
2128	46358
2129	46369
2130	46382
2131	46408
2132	46437
2133	46463
2134	46500
2135	46516
2136	46535
2137	46549
2138	46634
2139	46743
2140	46828
2141	46892
2142	46948
2143	46980
2144	47013
2145	47064
2146	47120
2147	47171
2148	47227
2149	47270
2150	47288
2151	47309
2152	47342
2153	47383
2154	47414
2155	47457
2156	47489
2157	47506
2158	47522
2159	47562
2160	47584
2161	47608
2162	47634
2163	47665
2164	47675
2165	47691
2166	47718
2167	47754
2168	47878
2169	47979
2170	48065
2171	48103
2172	48142
2173	48211
2174	48281
2175	48341
2176	48386
2177	48444
2178	48467
2179	48483
2180	48520
2181	48565
2182	48604
2183	48638
2184	48663
2185	48678
2186	48710
2187	48746
2188	48782
2189	48810
2190	48842
2191	48876
2192	48889
2193	48907
2194	48922
2195	48950
2196	49022
2197	49126
2198	49212
2199	49240
2200	49272
2201	49336
2202	49390
2203	49454
2204	49499
2205	49527
2206	49547
2207	49561
2208	49613
2209	49649
2210	49693
2211	49732
2212	49766
2213	49782
2214	49798
2215	49840
2216	49879
2217	49908
2218	49941
2219	49972
2220	49994
2221	50011
2222	50031
2223	50054
2224	50083
2225	50115
2226	50167
2227	50215
2228	50266
2229	50344
2230	50397
2231	50469
2232	50517
2233	50568
2234	50599
2235	50625
2236	50672
2237	50714
2238	50763
2239	50807
2240	50847
2241	50878
2242	50899
2243	50938
2244	50981
2245	51014
2246	51049
2247	51089
2248	51108
2249	51125
2250	51159
2251	51195
2252	51222
2253	51249
2254	51268
2255	51287
2256	51301
2257	51371
2258	51467
2259	51550
2260	51629
2261	51683
2262	51716
2263	51745
2264	51793
2265	51850
2266	51891
2267	51956
2268	51993
2269	52012
2270	52037
2271	52099
2272	52139
2273	52175
2274	52194
2275	52238
2276	52258
2277	52270
2278	52298
2279	52323
2280	52343
2281	52375
2282	52394
2283	52405
2284	52415
2285	52438
2286	52491
2287	52574
2288	52676
2289	52739
2290	52778
2291	52809
2292	52866
2293	52928
2294	52980
2295	53028
2296	53061
2297	53082
2298	53104
2299	53143
2300	53173
2301	53211
2302	53244
2303	53273
2304	53289
2305	53296
2306	53322
2307	53354
2308	53388
2309	53415
2310	53435
2311	53446
2312	53458
2313	53482
2314	53514
2315	53621
2316	53699
2317	53753
2318	53789
2319	53819
2320	53871
2321	53921
2322	53966
2323	54004
2324	54049
2325	54074
2326	54094
2327	54125
2328	54157
2329	54187
2330	54225
2331	54245
2332	54259
2333	54272
2334	54299
2335	54330
2336	54342
2337	54352
2338	54364
2339	54371
2340	54382
2341	54407
2342	54428
2343	54449
2344	54459
2345	54473
2346	54483
2347	54497
2348	54536
2349	54616
2350	54677
2351	54735
2352	54783
2353	54810
2354	54840
2355	54890
2356	54930
2357	54957
2358	54997
2359	55036
2360	55060
2361	55084
2362	55112
2363	55137
2364	55183
2365	55212
2366	55238
2367	55247
2368	55260
2369	55281
2370	55311
2371	55343
2372	55371
2373	55406
2374	55420
2375	55430
2376	55446
2377	55473
2378	55595
2379	55665
2380	55724
2381	55756
2382	55778
2383	55826
2384	55882
2385	55940
2386	55979
2387	56020
2388	56036
2389	56059
2390	56087
2391	56122
2392	56155
2393	56183
2394	56204
2395	56218
2396	56234
2397	56264
2398	56287
2399	56329
2400	56352
2401	56374
2402	56386
2403	56401
2404	56417
2405	56473
2406	56563
2407	56630
2408	56694
2409	56721
2410	56755
2411	56815
2412	56865
2413	56910
2414	56959
2415	57009
2416	57036
2417	57060
2418	57098
2419	57139
2420	57174
2421	57204
2422	57235
2423	57246
2424	57263
2425	57285
2426	57321
2427	57349
2428	57374
2429	57397
2430	57412
2431	57436
2432	57456
2433	57584
2434	57670
2435	57749
2436	57801
2437	57829
2438	57854
2439	57903
2440	57948
2441	57996
2442	58040
2443	58084
2444	58103
2445	58125
2446	58157
2447	58191
2448	58225
2449	58259
2450	58300
2451	58322
2452	58339
2453	58374
2454	58411
2455	58435
2456	58463
2457	58495
2458	58505
2459	58514
2460	58613
2461	58701
2462	58761
2463	58821
2464	58863
2465	58894
2466	58913
2467	58957
2468	58990
2469	59028
2470	59073
2471	59101
2472	59123
2473	59140
2474	59169
2475	59198
2476	59238
2477	59262
2478	59287
2479	59305
2480	59316
2481	59337
2482	59367
2483	59394
2484	59419
2485	59446
2486	59499
2487	59537
2488	59607
2489	59689
2490	59747
2491	59811
2492	59849
2493	59871
2494	59891
2495	59925
2496	59973
2497	60012
2498	60051
2499	60089
2500	60102
2501	60127
2502	60159
2503	60197
2504	60236
2505	60261
2506	60283
2507	60300
2508	60314
2509	60336
2510	60372
2511	60391
2512	60411
2513	60493
2514	60542
2515	60576
2516	60643
2517	60706
2518	60759
2519	60820
2520	60871
2521	60891
2522	60925
2523	60972
2524	61018
2525	61071
2526	61106
2527	61149
2528	61160
2529	61179
2530	61217
2531	61252
2532	61287
2533	61325
2534	61358
2535	61373
2536	61390
2537	61419
2538	61451
2539	61481
2540	61534
2541	61616
2542	61660
2543	61702
2544	61766
2545	61837
2546	61886
2547	61945
2548	61995
2549	62015
2550	62036
2551	62079
2552	62117
2553	62158
2554	62203
2555	62239
2556	62255
2557	62272
2558	62293
2559	62326
2560	62364
2561	62392
2562	62424
2563	62438
2564	62454
2565	62481
2566	62509
2567	62544
2568	62647
2569	62731
2570	62766
2571	62792
2572	62856
2573	62921
2574	62974
2575	63020
2576	63065
2577	63083
2578	63095
2579	63124
2580	63158
2581	63190
2582	63224
2583	63258
2584	63269
2585	63282
2586	63316
2587	63345
2588	63376
2589	63411
2590	63434
2591	63441
2592	63452
2593	63478
2594	63503
2595	63521
2596	63568
2597	63646
2598	63680
2599	63706
2600	63771
2601	63832
2602	63893
2603	63949
2604	63991
2605	64016
2606	64033
2607	64075
2608	64133
2609	64170
2610	64214
2611	64238
2612	64254
2613	64269
2614	64294
2615	64337
2616	64367
2617	64398
2618	64424
2619	64439
2620	64448
2621	64479
2622	64495
2623	64518
2624	64551
2625	64621
2626	64671
2627	64720
2628	64779
2629	64841
2630	64912
2631	64965
2632	65004
2633	65024
2634	65048
2635	65080
2636	65121
2637	65155
2638	65181
2639	65209
2640	65232
2641	65253
2642	65277
2643	65307
2644	65332
2645	65374
2646	65400
2647	65415
2648	65429
2649	65452
2650	65477
2651	65491
2652	65510
2653	65585
2654	65620
2655	65650
2656	65701
2657	65746
2658	65794
2659	65823
2660	65839
2661	65856
2662	65873
2663	65915
2664	65966
2665	65998
2666	66021
2667	66051
2668	66070
2669	66081
2670	66105
2671	66135
2672	66158
2673	66177
2674	66196
2675	66201
2676	66217
2677	66233
2678	66260
2679	66289
2680	66315
2681	66415
2682	66453
2683	66473
2684	66529
2685	66585
2686	66635
2687	66675
2688	66707
2689	66726
2690	66745
2691	66776
2692	66803
2693	66831
2694	66858
2695	66879
2696	66892
2697	66901
2698	66926
2699	66947
2700	66964
2701	66981
2702	67001
2703	67017
2704	67031
2705	67050
2706	67075
2707	67093
2708	67107
2709	67113
2710	67121
2711	67129
2712	67152
2713	67232
2714	67292
2715	67362
2716	67417
2717	67447
2718	67473
2719	67522
2720	67562
2721	67615
2722	67654
2723	67685
2724	67695
2725	67708
2726	67736
2727	67773
2728	67807
2729	67848
2730	67880
2731	67893
2732	67908
2733	67935
2734	67958
2735	67991
2736	68013
2737	68045
2738	68057
2739	68066
2740	68136
2741	68217
2742	68289
2743	68337
2744	68374
2745	68399
2746	68414
2747	68457
2748	68500
2749	68535
2750	68568
2751	68603
2752	68621
2753	68642
2754	68691
2755	68729
2756	68771
2757	68807
2758	68839
2759	68852
2760	68870
2761	68902
2762	68941
2763	68964
2764	68990
2765	69043
2766	69086
2767	69117
2768	69203
2769	69266
2770	69349
2771	69424
2772	69461
2773	69495
2774	69501
