1	3
2	5
3	5
4	6
5	6
6	6
7	6
8	6
9	6
10	6
11	6
12	6
13	7
14	7
15	8
16	8
17	8
18	8
19	8
20	8
21	8
22	8
23	9
24	9
25	9
26	9
27	17
28	17
29	17
30	17
31	17
32	17
33	17
34	17
35	17
36	17
37	17
38	17
39	19
40	19
41	19
42	20
43	20
44	20
45	23
46	26
47	28
48	28
49	28
50	28
51	29
52	32
53	32
54	32
55	32
56	34
57	34
58	35
59	37
60	37
61	37
62	37
63	37
64	37
65	37
66	37
67	38
68	39
69	39
70	41
71	41
72	41
73	55
74	56
75	56
76	56
77	56
78	56
79	56
80	56
81	56
82	56
83	59
84	61
85	61
86	62
87	62
88	63
89	63
90	64
91	64
92	66
93	66
94	66
95	69
96	72
97	74
98	74
99	74
100	75
101	75
102	76
103	76
104	77
105	77
106	80
107	80
108	80
109	80
110	81
111	81
112	82
113	82
114	82
115	83
116	83
117	83
118	83
119	84
120	84
121	84
122	84
123	84
124	84
125	86
126	86
127	86
128	87
129	87
130	87
131	89
132	90
133	90
134	90
135	90
136	90
137	91
138	91
139	91
140	91
141	93
142	93
143	93
144	93
145	93
146	94
147	94
148	94
149	95
150	95
151	96
152	99
153	100
154	100
155	100
156	102
157	103
158	105
159	107
160	108
161	108
162	108
163	108
164	108
165	108
166	111
167	111
168	115
169	116
170	117
171	117
172	117
173	117
174	117
175	118
176	118
177	119
178	119
179	119
180	120
181	121
182	121
183	121
184	121
185	125
186	126
187	127
188	128
189	129
190	129
191	130
192	131
193	131
194	131
195	132
196	132
197	132
198	133
199	137
200	137
201	138
202	138
203	138
204	138
205	139
206	139
207	140
208	141
209	142
210	143
211	143
212	143
213	144
214	145
215	146
216	146
217	146
218	147
219	147
220	147
221	147
222	147
223	149
224	150
225	150
226	151
227	183
228	183
229	185
230	190
231	193
232	198
233	201
234	206
235	207
236	209
237	210
238	217
239	219
240	223
241	226
242	232
243	236
244	240
245	243
246	244
247	249
248	252
249	252
250	254
251	261
252	263
253	266
254	269
255	280
256	283
257	285
258	292
259	294
260	295
261	299
262	306
263	310
264	313
265	315
266	320
267	325
268	328
269	329
270	331
271	333
272	335
273	339
274	341
275	344
276	349
277	350
278	351
279	358
280	360
281	362
282	362
283	365
284	370
285	374
286	377
287	381
288	381
289	382
290	387
291	389
292	396
293	400
294	404
295	408
296	412
297	421
298	426
299	427
300	429
301	431
302	433
303	435
304	436
305	438
306	438
307	438
308	439
309	443
310	447
311	449
312	451
313	452
314	453
315	455
316	456
317	458
318	459
319	463
320	465
321	501
322	507
323	507
324	520
325	521
326	523
327	528
328	536
329	537
330	538
331	541
332	544
333	548
334	548
335	549
336	551
337	552
338	555
339	564
340	568
341	569
342	572
343	576
344	581
345	587
346	589
347	593
348	601
349	604
350	607
351	609
352	611
353	612
354	616
355	624
356	627
357	627
358	630
359	633
360	633
361	635
362	638
363	641
364	644
365	647
366	650
367	657
368	660
369	695
370	701
371	702
372	705
373	710
374	715
375	718
376	720
377	727
378	730
379	735
380	739
381	741
382	741
383	742
384	745
385	747
386	747
387	749
388	751
389	757
390	768
391	775
392	783
393	783
394	786
395	792
396	796
397	806
398	807
399	808
400	810
401	811
402	811
403	814
404	817
405	819
406	819
407	823
408	826
409	831
410	836
411	839
412	842
413	844
414	851
415	855
416	857
417	860
418	867
419	868
420	870
421	875
422	881
423	881
424	883
425	887
426	892
427	894
428	900
429	903
430	907
431	914
432	919
433	923
434	928
435	933
436	936
437	939
438	944
439	948
440	956
441	959
442	961
443	965
444	967
445	969
446	970
447	974
448	977
449	978
450	981
451	986
452	991
453	994
454	999
455	1001
456	1003
457	1003
458	1008
459	1017
460	1020
461	1030
462	1036
463	1038
464	1038
465	1039
466	1043
467	1046
468	1047
469	1049
470	1051
471	1055
472	1058
473	1074
474	1077
475	1082
476	1085
477	1092
478	1097
479	1103
480	1104
481	1108
482	1114
483	1117
484	1119
485	1124
486	1128
487	1130
488	1134
489	1141
490	1143
491	1144
492	1146
493	1147
494	1149
495	1151
496	1157
497	1159
498	1161
499	1163
500	1165
501	1165
502	1167
503	1173
504	1178
505	1179
506	1179
507	1182
508	1185
509	1186
510	1188
511	1190
512	1192
513	1192
514	1194
515	1199
516	1205
517	1207
518	1212
519	1214
520	1219
521	1223
522	1225
523	1228
524	1234
525	1241
526	1243
527	1245
528	1251
529	1253
530	1255
531	1257
532	1261
533	1262
534	1265
535	1268
536	1271
537	1274
538	1277
539	1281
540	1282
541	1287
542	1289
543	1292
544	1294
545	1300
546	1302
547	1304
548	1307
549	1309
550	1314
551	1314
552	1319
553	1323
554	1328
555	1330
556	1334
557	1338
558	1338
559	1346
560	1348
561	1350
562	1354
563	1356
564	1359
565	1363
566	1364
567	1367
568	1372
569	1375
570	1376
571	1379
572	1384
573	1389
574	1395
575	1399
576	1400
577	1402
578	1411
579	1415
580	1417
581	1423
582	1427
583	1430
584	1433
585	1441
586	1450
587	1453
588	1455
589	1459
590	1464
591	1468
592	1469
593	1474
594	1483
595	1488
596	1490
597	1495
598	1495
599	1500
600	1509
601	1523
602	1526
603	1526
604	1527
605	1528
606	1532
607	1535
608	1537
609	1539
610	1539
611	1543
612	1546
613	1549
614	1554
615	1558
616	1561
617	1565
618	1570
619	1587
620	1591
621	1594
622	1598
623	1602
624	1604
625	1610
626	1618
627	1623
628	1625
629	1628
630	1631
631	1636
632	1639
633	1645
634	1650
635	1659
636	1661
637	1664
638	1666
639	1670
640	1677
641	1677
642	1684
643	1699
644	1702
645	1707
646	1715
647	1721
648	1727
649	1732
650	1738
651	1746
652	1754
653	1761
654	1768
655	1770
656	1773
657	1778
658	1782
659	1785
660	1790
661	1799
662	1803
663	1808
664	1811
665	1812
666	1817
667	1822
668	1823
669	1827
670	1830
671	1831
672	1833
673	1864
674	1873
675	1876
676	1885
677	1889
678	1892
679	1896
680	1911
681	1928
682	1936
683	1942
684	1947
685	1953
686	1958
687	1964
688	1969
689	1979
690	1982
691	1988
692	1994
693	1996
694	2004
695	2012
696	2016
697	2025
698	2033
699	2035
700	2041
701	2045
702	2052
703	2056
704	2062
705	2064
706	2066
707	2071
708	2076
709	2079
710	2085
711	2090
712	2097
713	2102
714	2105
715	2110
716	2116
717	2119
718	2119
719	2125
720	2131
721	2132
722	2137
723	2154
724	2160
725	2173
726	2178
727	2189
728	2199
729	2206
730	2211
731	2222
732	2226
733	2231
734	2246
735	2249
736	2254
737	2260
738	2266
739	2276
740	2281
741	2289
742	2293
743	2300
744	2312
745	2321
746	2332
747	2342
748	2349
749	2355
750	2359
751	2362
752	2373
753	2382
754	2390
755	2406
756	2429
757	2431
758	2435
759	2441
760	2443
761	2450
762	2454
763	2470
764	2479
765	2481
766	2487
767	2491
768	2497
769	2502
770	2509
771	2514
772	2520
773	2528
774	2532
775	2541
776	2551
777	2562
778	2566
779	2567
780	2570
781	2572
782	2582
783	2589
784	2595
785	2600
786	2605
787	2611
788	2618
789	2626
790	2637
791	2654
792	2664
793	2669
794	2680
795	2686
796	2691
797	2702
798	2709
799	2711
800	2718
801	2734
802	2743
803	2753
804	2766
805	2774
806	2779
807	2784
808	2789
809	2796
810	2802
811	2806
812	2815
813	2824
814	2828
815	2834
816	2846
817	2853
818	2858
819	2865
820	2874
821	2884
822	2891
823	2899
824	2906
825	2911
826	2920
827	2937
828	2945
829	2948
830	2954
831	2959
832	2964
833	2978
834	2981
835	2990
836	3021
837	3036
838	3041
839	3046
840	3055
841	3057
842	3060
843	3071
844	3079
845	3083
846	3089
847	3094
848	3102
849	3109
850	3120
851	3179
852	3188
853	3197
854	3204
855	3210
856	3217
857	3229
858	3307
859	3313
860	3322
861	3337
862	3350
863	3355
864	3360
865	3377
866	3393
867	3400
868	3403
869	3405
870	3407
871	3418
872	3425
873	3430
874	3434
875	3442
876	3447
877	3458
878	3467
879	3474
880	3484
881	3495
882	3506
883	3510
884	3515
885	3521
886	3531
887	3555
888	3562
889	3579
890	3586
891	3587
892	3589
893	3603
894	3613
895	3620
896	3626
897	3630
898	3636
899	3643
900	3649
901	3672
902	3677
903	3684
904	3689
905	3694
906	3701
907	3704
908	3712
909	3723
910	3728
911	3734
912	3738
913	3748
914	3755
915	3771
916	3778
917	3783
918	3791
919	3792
920	3798
921	3813
922	3824
923	3855
924	3864
925	3868
926	3874
927	3883
928	3896
929	3903
930	3912
931	3918
932	3930
933	3939
934	3946
935	3954
936	3966
937	3975
938	3987
939	3995
940	4000
941	4028
942	4047
943	4218
944	4228
945	4244
946	4248
947	4253
948	4277
949	4301
950	4312
951	4322
952	4332
953	4341
954	4345
955	4352
956	4374
957	4386
958	4399
959	4426
960	4433
961	4440
962	4451
963	4463
964	4474
965	4483
966	4500
967	4511
968	4526
969	4539
970	4550
971	4557
972	4565
973	4580
974	4594
975	4605
976	4616
977	4620
978	4644
979	4664
980	4676
981	4688
982	4700
983	4707
984	4714
985	4729
986	4742
987	4752
988	4764
989	4772
990	4781
991	4812
992	4822
993	4845
994	4854
995	4865
996	4875
997	4890
998	4900
999	4911
1000	4924
1001	4933
1002	4958
1003	4971
1004	4983
1005	4991
1006	5002
1007	5010
1008	5024
1009	5036
1010	5047
1011	5059
1012	5068
1013	5080
1014	5088
1015	5104
1016	5107
1017	5116
1018	5142
1019	5157
1020	5167
1021	5173
1022	5183
1023	5190
1024	5203
1025	5213
1026	5229
1027	5242
1028	5256
1029	5297
1030	5301
1031	5306
1032	5324
1033	5351
1034	5366
1035	5378
1036	5387
1037	5398
1038	5408
1039	5488
1040	5503
1041	5521
1042	5550
1043	5560
1044	5573
1045	5599
1046	5626
1047	5645
1048	5670
1049	5694
1050	5705
1051	5718
1052	5737
1053	5749
1054	5764
1055	5782
1056	5800
1057	5814
1058	5826
1059	5842
1060	5862
1061	5892
1062	5905
1063	5915
1064	5931
1065	5944
1066	5964
1067	5983
1068	5998
1069	6020
1070	6033
1071	6046
1072	6064
1073	6098
1074	6118
1075	6131
1076	6150
1077	6167
1078	6174
1079	6230
1080	6248
1081	6268
1082	6282
1083	6303
1084	6356
1085	6364
1086	6392
1087	6406
1088	6422
1089	6453
1090	6487
1091	6504
1092	6525
1093	6544
1094	6564
1095	6587
1096	6605
1097	6641
1098	6662
1099	6675
1100	6692
1101	6730
1102	6750
1103	6762
1104	6779
1105	6826
1106	6842
1107	6859
1108	6872
1109	6888
1110	6903
1111	6963
1112	6985
1113	6998
1114	7011
1115	7036
1116	7081
1117	7098
1118	7127
1119	7147
1120	7175
1121	7268
1122	7286
1123	7328
1124	7348
1125	7360
1126	7375
1127	7409
1128	7422
1129	7463
1130	7482
1131	7505
1132	7541
1133	7574
1134	7592
1135	7619
1136	7647
1137	7674
1138	7697
1139	7750
1140	7775
1141	7798
1142	7814
1143	7825
1144	7859
1145	7911
1146	7937
1147	7955
1148	7977
1149	7996
1150	8014
1151	8035
1152	8053
1153	8071
1154	8098
1155	8109
1156	8131
1157	8152
1158	8224
1159	8255
1160	8286
1161	8328
1162	8347
1163	8360
1164	8390
1165	8406
1166	8426
1167	8448
1168	8487
1169	8516
1170	8547
1171	8572
1172	8595
1173	8618
1174	8665
1175	8677
1176	8698
1177	8721
1178	8730
1179	8753
1180	8774
1181	8791
1182	8809
1183	8828
1184	8849
1185	8858
1186	8891
1187	8918
1188	8934
1189	8954
1190	8997
1191	9020
1192	9035
1193	9059
1194	9119
1195	9147
1196	9158
1197	9182
1198	9193
1199	9214
1200	9232
1201	9263
1202	9287
1203	9309
1204	9330
1205	9354
1206	9373
1207	9410
1208	9447
1209	9475
1210	9508
1211	9531
1212	9551
1213	9566
1214	9585
1215	9613
1216	9646
1217	9681
1218	9735
1219	9745
1220	9762
1221	9779
1222	9802
1223	9840
1224	9869
1225	9895
1226	9904
1227	9922
1228	9963
1229	9983
1230	10008
1231	10069
1232	10113
1233	10178
1234	10196
1235	10215
1236	10244
1237	10260
1238	10292
1239	10312
1240	10326
1241	10342
1242	10369
1243	10397
1244	10428
1245	10449
1246	10483
1247	10512
1248	10535
1249	10569
1250	10609
1251	10640
1252	10667
1253	10680
1254	10702
1255	10726
1256	10802
1257	10828
1258	10865
1259	10888
1260	10910
1261	10947
1262	10964
1263	10993
1264	11013
1265	11046
1266	11108
1267	11203
1268	11219
1269	11260
1270	11276
1271	11295
1272	11328
1273	11354
1274	11421
1275	11434
1276	11456
1277	11484
1278	11519
1279	11551
1280	11638
1281	11691
1282	11725
1283	11750
1284	11779
1285	11834
1286	11876
1287	11912
1288	11935
1289	11967
1290	11996
1291	12030
1292	12060
1293	12084
1294	12115
1295	12145
1296	12174
1297	12193
1298	12234
1299	12271
1300	12306
1301	12347
1302	12387
1303	12414
1304	12438
1305	12484
1306	12519
1307	12558
1308	12599
1309	12630
1310	12655
1311	12680
1312	12700
1313	12726
1314	12766
1315	12789
1316	12870
1317	12885
1318	12900
1319	12927
1320	12966
1321	12996
1322	13093
1323	13117
1324	13147
1325	13169
1326	13237
1327	13272
1328	13317
1329	13374
1330	13402
1331	13428
1332	13454
1333	13485
1334	13528
1335	13564
1336	13602
1337	13641
1338	13690
1339	13712
1340	13747
1341	13776
1342	13808
1343	13861
1344	13927
1345	13965
1346	13993
1347	14038
1348	14077
1349	14127
1350	14170
1351	14199
1352	14228
1353	14253
1354	14294
1355	14348
1356	14390
1357	14430
1358	14461
1359	14490
1360	14521
1361	14553
1362	14611
1363	14717
1364	14768
1365	14821
1366	14869
1367	14900
1368	14929
1369	14974
1370	15068
1371	15116
1372	15161
1373	15201
1374	15233
1375	15288
1376	15329
1377	15384
1378	15417
1379	15454
1380	15498
1381	15522
1382	15572
1383	15602
1384	15651
1385	15688
1386	15754
1387	15789
1388	15824
1389	15866
1390	15913
1391	15955
1392	15991
1393	16031
1394	16046
1395	16071
1396	16096
1397	16135
1398	16168
1399	16199
1400	16230
1401	16254
1402	16279
1403	16326
1404	16378
1405	16458
1406	16505
1407	16566
1408	16608
1409	16650
1410	16699
1411	16780
1412	16826
1413	16882
1414	16930
1415	16991
1416	17023
1417	17057
1418	17126
1419	17185
1420	17256
1421	17329
1422	17364
1423	17401
1424	17448
1425	17515
1426	17566
1427	17628
1428	17697
1429	17739
1430	17788
1431	17868
1432	17931
1433	18006
1434	18117
1435	18218
1436	18262
1437	18298
1438	18374
1439	18482
1440	18546
1441	18616
1442	18688
1443	18731
1444	18808
1445	18886
1446	18983
1447	19066
1448	19262
1449	19350
1450	19413
1451	19472
1452	19559
1453	19659
1454	19788
1455	19914
1456	20004
1457	20076
1458	20127
1459	20253
1460	20381
1461	20481
1462	20542
1463	20683
1464	20729
1465	20768
1466	20845
1467	20917
1468	20999
1469	21080
1470	21136
1471	21187
1472	21233
1473	21294
1474	21372
1475	21443
1476	21536
1477	21642
1478	21710
1479	21803
1480	21921
1481	22016
1482	22110
1483	22198
1484	22288
1485	22379
1486	22466
1487	22551
1488	22647
1489	22740
1490	22823
1491	22915
1492	22998
1493	23071
1494	23148
1495	23296
1496	23414
1497	23546
1498	23642
1499	23722
1500	23789
1501	23894
1502	24039
1503	24156
1504	24267
1505	24382
1506	24461
1507	24552
1508	24655
1509	24773
1510	24905
1511	24988
1512	25075
1513	25153
1514	25226
1515	25326
1516	25439
1517	25561
1518	25675
1519	25761
1520	25818
1521	25893
1522	25980
1523	26086
1524	26191
1525	26294
1526	26443
1527	26506
1528	26613
1529	26717
1530	26811
1531	26917
1532	27029
1533	27110
1534	27208
1535	27278
1536	27389
1537	27498
1538	27598
1539	27752
1540	27862
1541	27919
1542	27996
1543	28124
1544	28249
1545	28347
1546	28461
1547	28551
1548	28626
1549	28689
1550	28779
1551	28934
1552	29014
1553	29124
1554	29246
1555	29335
1556	29491
1557	29626
1558	29767
1559	29879
1560	30074
1561	30192
1562	30284
1563	30358
1564	30465
1565	30621
1566	30718
1567	30807
1568	30940
1569	31028
1570	31104
1571	31197
1572	31297
1573	31414
1574	31509
1575	31648
1576	31722
1577	31784
1578	31927
1579	32152
1580	32260
1581	32387
1582	32481
1583	32564
1584	32645
1585	32775
1586	32881
1587	32975
1588	33100
1589	33231
1590	33294
1591	33362
1592	33434
1593	33554
1594	33671
1595	33779
1596	33877
1597	33994
1598	34079
1599	34210
1600	34326
1601	34420
1602	34531
1603	34622
1604	34712
1605	34804
1606	34941
1607	35055
1608	35171
1609	35288
1610	35396
1611	35474
1612	35562
1613	35670
1614	35806
1615	35927
1616	36090
1617	36238
1618	36361
1619	36481
1620	36643
1621	36868
1622	37074
1623	37259
1624	37377
1625	37473
1626	37576
1627	37744
1628	37911
1629	38064
1630	38196
1631	38302
1632	38381
1633	38476
1634	38653
1635	38807
1636	38941
1637	39067
1638	39171
1639	39267
1640	39371
1641	39498
1642	39634
1643	39736
1644	39858
1645	39978
1646	40051
1647	40146
1648	40273
1649	40464
1650	40639
1651	40870
1652	40996
1653	41099
1654	41207
1655	41330
1656	41447
1657	41567
1658	41703
1659	41834
1660	41918
1661	42011
1662	42145
1663	42267
1664	42386
1665	42530
1666	42639
1667	42724
1668	42810
1669	42950
1670	43068
1671	43171
1672	43279
1673	43390
1674	43470
1675	43541
1676	43653
1677	43766
1678	43867
1679	43944
1680	44040
1681	44113
1682	44189
1683	44311
1684	44464
1685	44593
1686	44717
1687	44826
1688	44973
1689	45050
1690	45165
1691	45286
1692	45398
1693	45529
1694	45622
1695	45682
1696	45754
1697	45877
1698	46008
1699	46097
1700	46200
1701	46295
1702	46362
1703	46456
1704	46563
1705	46681
1706	46789
1707	46912
1708	47022
1709	47106
1710	47191
1711	47313
1712	47474
1713	47628
1714	47823
1715	48016
1716	48149
1717	48298
1718	48484
1719	48659
1720	48842
1721	49001
1722	49156
1723	49322
1724	49449
1725	49584
1726	49732
1727	49854
1728	49942
1729	50014
1730	50074
1731	50135
1732	50247
1733	50368
1734	50474
1735	50617
1736	50757
1737	50876
1738	51009
1739	51147
1740	51305
1741	51459
1742	51614
1743	51755
1744	51871
1745	51970
1746	52138
1747	52295
1748	52435
1749	52571
1750	52719
1751	52804
1752	52905
1753	53030
1754	53128
1755	53208
1756	53295
1757	53390
1758	53442
1759	53492
1760	53565
1761	53614
1762	53706
1763	53829
1764	53961
1765	54058
1766	54165
1767	54217
1768	54275
1769	54369
1770	54476
1771	54558
1772	54621
1773	54688
1774	54894
1775	55059
1776	55204
1777	55373
1778	55504
1779	55575
1780	55672
1781	55788
1782	55879
1783	56007
1784	56193
1785	56362
1786	56483
1787	56605
1788	56800
1789	56966
1790	57178
1791	57403
1792	57581
1793	57712
1794	57866
1795	58042
1796	58273
1797	58463
1798	58652
1799	58800
1800	58933
1801	59062
1802	59250
1803	59453
1804	59659
1805	59868
1806	60039
1807	60169
1808	60302
1809	60487
1810	60668
1811	60835
1812	61027
1813	61199
1814	61331
1815	61518
1816	61750
1817	61954
1818	62149
1819	62366
1820	62558
1821	62676
1822	62821
1823	62989
1824	63179
1825	63393
1826	63591
1827	63768
1828	63931
1829	64055
1830	64253
1831	64386
1832	64549
1833	64759
1834	64937
1835	65077
1836	65234
1837	65403
1838	65603
1839	65792
1840	66008
1841	66237
1842	66442
1843	66637
1844	66882
1845	67162
1846	67497
1847	67856
1848	68217
1849	68453
1850	68529
1851	68662
1852	68939
1853	69274
1854	69523
1855	69777
1856	69966
1857	70124
1858	70388
1859	70652
1860	70872
1861	71110
1862	71374
1863	71568
1864	71791
1865	72026
1866	72296
1867	72550
1868	72812
1869	73079
1870	73267
1871	73440
1872	73710
1873	73969
1874	74224
1875	74418
1876	74722
1877	74931
1878	75109
1879	75337
1880	75611
1881	75765
1882	75876
1883	76000
1884	76140
1885	76366
1886	76612
1887	76845
1888	77105
1889	77370
1890	77606
1891	77781
1892	77994
1893	78251
1894	78507
1895	78752
1896	78972
1897	79173
1898	79328
1899	79531
1900	79757
1901	79974
1902	80196
1903	80407
1904	80588
1905	80742
1906	80901
1907	81126
1908	81248
1909	81390
1910	81526
1911	81662
1912	81801
1913	81942
1914	82109
1915	82289
1916	82478
1917	82674
1918	82776
1919	82844
1920	82919
1921	83033
1922	83248
1923	83458
1924	83638
1925	83831
1926	83970
1927	84137
1928	84290
1929	84451
1930	84631
1931	84832
1932	84995
1933	85122
1934	85254
1935	85444
1936	85666
1937	85840
1938	86029
1939	86199
1940	86457
1941	86754
1942	87101
1943	87484
1944	87861
1945	88266
1946	88621
1947	88853
1948	89064
1949	89380
1950	89711
1951	90040
1952	90351
1953	90634
1954	90869
1955	91089
1956	91456
1957	91780
1958	92115
1959	92400
1960	92625
1961	92835
1962	93067
1963	93339
1964	93629
1965	93930
1966	94129
1967	94272
1968	94404
1969	94544
1970	94831
1971	95127
1972	95413
1973	95672
1974	95904
1975	96062
1976	96240
1977	96487
1978	96752
1979	96996
1980	97317
1981	97571
1982	97784
1983	97950
1984	98231
1985	98446
1986	98680
1987	98931
1988	99172
1989	99374
1990	99591
1991	99809
1992	99920
1993	100152
1994	100379
1995	100595
1996	100783
1997	100929
1998	101162
1999	101388
2000	101656
2001	101905
2002	102144
2003	102305
2004	102493
2005	102685
2006	102925
2007	103202
2008	103473
2009	103730
2010	103975
2011	104265
2012	104605
2013	104969
2014	105359
2015	105736
2016	106107
2017	106383
2018	106674
2019	107038
2020	107427
2021	107861
2022	108247
2023	108581
2024	108718
2025	108843
2026	109025
2027	109264
2028	109602
2029	109929
2030	110256
2031	110502
2032	110793
2033	111210
2034	111569
2035	111934
2036	112292
2037	112625
2038	112898
2039	113184
2040	113512
2041	113874
2042	114187
2043	114443
2044	114723
2045	114955
2046	115214
2047	115497
2048	115844
2049	116135
2050	116453
2051	116780
2052	117023
2053	117253
2054	117530
2055	117885
2056	118307
2057	118630
2058	118909
2059	119119
2060	119342
2061	119594
2062	119868
2063	120107
2064	120374
2065	120587
2066	120749
2067	120951
2068	121210
2069	121446
2070	121712
2071	121974
2072	122195
2073	122400
2074	122621
2075	122888
2076	123181
2077	123454
2078	123843
2079	124359
2080	124762
2081	125147
2082	125654
2083	126154
2084	126625
2085	127064
2086	127547
2087	127906
2088	128222
2089	128668
2090	129112
2091	129521
2092	129937
2093	130341
2094	130599
2095	130846
2096	131196
2097	131580
2098	131908
2099	132208
2100	132478
2101	132728
2102	132975
2103	133310
2104	133674
2105	134009
2106	134328
2107	134599
2108	134800
2109	135026
2110	135359
2111	135696
2112	136010
2113	136265
2114	136570
2115	136787
2116	136986
2117	137304
2118	137583
2119	137831
2120	138103
2121	138331
2122	138512
2123	138693
2124	138911
2125	139133
2126	139312
2127	139492
2128	139678
2129	139853
2130	140022
2131	140267
2132	140514
2133	140698
2134	140951
2135	141173
2136	141367
2137	141569
2138	141826
2139	142069
2140	142379
2141	142701
2142	143093
2143	143387
2144	143826
2145	144344
2146	144917
2147	145550
2148	146050
2149	146549
2150	146895
2151	147192
2152	147628
2153	148059
2154	148471
2155	148911
2156	149351
2157	149663
2158	149959
2159	150267
2160	150483
2161	150785
2162	151177
2163	151495
2164	151763
2165	152056
2166	152412
2167	152749
2168	153098
2169	153448
2170	153770
2171	154059
2172	154328
2173	154684
2174	155115
2175	155385
2176	155718
2177	156036
2178	156327
2179	156557
2180	156922
2181	157296
2182	157622
2183	157951
2184	158275
2185	158497
2186	158749
2187	159076
2188	159410
2189	159767
2190	160087
2191	160367
2192	160610
2193	160881
2194	161185
2195	161533
2196	161919
2197	162646
2198	163293
2199	163770
2200	164254
2201	164888
2202	165449
2203	166009
2204	166473
2205	166944
2206	167318
2207	167674
2208	168142
2209	168620
2210	169123
2211	169641
2212	170157
2213	170512
2214	170875
2215	171319
2216	171748
2217	172118
2218	172573
2219	173009
2220	173314
2221	173625
2222	173948
2223	174386
2224	174763
2225	175171
2226	175519
2227	175778
2228	176046
2229	176381
2230	176739
2231	177132
2232	177479
2233	177812
2234	178068
2235	178357
2236	178696
2237	178958
2238	179310
2239	179644
2240	179946
2241	180150
2242	180399
2243	180736
2244	181200
2245	181697
2246	182149
2247	182605
2248	182939
2249	183365
2250	183987
2251	184585
2252	185104
2253	185564
2254	185986
2255	186210
2256	186532
2257	187027
2258	187467
2259	187963
2260	188327
2261	188712
2262	189007
2263	189338
2264	189889
2265	190401
2266	190941
2267	191200
2268	191380
2269	191524
2270	191799
2271	192199
2272	192622
2273	192922
2274	193179
2275	193500
2276	193736
2277	194063
2278	194415
2279	194674
2280	194926
2281	195176
2282	195493
2283	195668
2284	195825
2285	196083
2286	196304
2287	196514
2288	196873
2289	197104
2290	197274
2291	197440
2292	197620
2293	197852
2294	198049
2295	198249
2296	198409
2297	198541
2298	198665
2299	198837
2300	199116
2301	199294
2302	199497
2303	199676
2304	199812
2305	199946
2306	200158
2307	200368
2308	200598
2309	201090
2310	201446
2311	201686
2312	201983
2313	202319
2314	202610
2315	202908
2316	203181
2317	203400
2318	203561
2319	203728
2320	204038
2321	204339
2322	204672
2323	204894
2324	205097
2325	205258
2326	205450
2327	205697
2328	205911
2329	206124
2330	206325
2331	206526
2332	206691
2333	206846
2334	207050
2335	207277
2336	207470
2337	207777
2338	207965
2339	208127
2340	208271
2341	208460
2342	208672
2343	208884
2344	209145
2345	209310
2346	209438
2347	209584
2348	209770
2349	210015
2350	210229
2351	210417
2352	210697
2353	210823
2354	210993
2355	211192
2356	211348
2357	211578
2358	211718
2359	211836
2360	211966
2361	212077
2362	212264
2363	212459
2364	212658
2365	212902
2366	213233
2367	213524
2368	213782
2369	214026
2370	214383
2371	214744
2372	215104
2373	215440
2374	215620
2375	215761
2376	216027
2377	216260
2378	216539
2379	216803
2380	217040
2381	217189
2382	217323
2383	217526
2384	217812
2385	218055
2386	218295
2387	218581
2388	218854
2389	219027
2390	219318
2391	219614
2392	219915
2393	220245
2394	220530
2395	220767
2396	220960
2397	221312
2398	221615
2399	221951
2400	222217
2401	222448
2402	222609
2403	222785
2404	223027
2405	223271
2406	223542
2407	223887
2408	224138
2409	224276
2410	224436
2411	224626
2412	224922
2413	225183
2414	225454
2415	225736
2416	225927
2417	226252
2418	226699
2419	227166
2420	227563
2421	227998
2422	228330
2423	228633
2424	228914
2425	229300
2426	229724
2427	230060
2428	230455
2429	230921
2430	231177
2431	231424
2432	231741
2433	232082
2434	232395
2435	232697
2436	232960
2437	233176
2438	233396
2439	233661
2440	233920
2441	234155
2442	234365
2443	234591
2444	234723
2445	234900
2446	235178
2447	235499
2448	235871
2449	236364
2450	236800
2451	237090
2452	237431
2453	237881
2454	238285
2455	238700
2456	239132
2457	239486
2458	239800
2459	240093
2460	240455
2461	240829
2462	241207
2463	241554
2464	241859
2465	242101
2466	242366
2467	242707
2468	243088
2469	243454
2470	243780
2471	244085
2472	244369
2473	244641
2474	245033
2475	245393
2476	245762
2477	246168
2478	246680
2479	247023
2480	247340
2481	247740
2482	248060
2483	248511
2484	248949
2485	249401
2486	249770
2487	250112
2488	250552
2489	250945
2490	251157
2491	251345
2492	251545
2493	251726
2494	251891
2495	252116
2496	252374
2497	252594
2498	252726
2499	253009
2500	253374
2501	253894
2502	254525
2503	255060
2504	255563
2505	256041
2506	256486
2507	256791
2508	257247
2509	257870
2510	258615
2511	259335
2512	260027
2513	260690
2514	261081
2515	261396
2516	261792
2517	262216
2518	262618
2519	263001
2520	263407
2521	263663
2522	263949
2523	264333
2524	264726
2525	265093
2526	265453
2527	266178
2528	266670
2529	267141
2530	267747
2531	268316
2532	268928
2533	269477
2534	269959
2535	270308
2536	270632
2537	271132
2538	271551
2539	271989
2540	272408
2541	272808
2542	273055
2543	273292
2544	273623
2545	273939
2546	274197
2547	274576
2548	274942
2549	275322
2550	275570
2551	275848
2552	276212
2553	276709
2554	277449
2555	278148
2556	278580
2557	278991
2558	279522
2559	280249
2560	281088
2561	281627
2562	282088
2563	282434
2564	282737
2565	283191
2566	283796
2567	284457
2568	285123
2569	285914
2570	286513
2571	287119
2572	287886
2573	288588
2574	289179
2575	289625
2576	290031
2577	290355
2578	290708
2579	291701
2580	292599
2581	293390
2582	294340
2583	295074
2584	295521
2585	295950
2586	296566
2587	297154
2588	297987
2589	298748
2590	299280
2591	299601
2592	299921
2593	300368
2594	300890
2595	301444
2596	301894
2597	302323
2598	302667
2599	302962
2600	303400
2601	303869
2602	304297
2603	305024
2604	305804
2605	306293
2606	306842
2607	307524
2608	308193
2609	308785
2610	309350
2611	309831
2612	310202
2613	310568
2614	311039
2615	311765
2616	312295
2617	312776
2618	313163
2619	313465
2620	313753
2621	314229
2622	314702
2623	315141
2624	315561
2625	316109
2626	316531
2627	316953
2628	317577
2629	318429
2630	319513
2631	320262
2632	320839
2633	321287
2634	321705
2635	322272
2636	322866
2637	323424
2638	324002
2639	324478
2640	324816
2641	325157
2642	325543
2643	326000
2644	326442
2645	327019
2646	327566
2647	327872
2648	328150
2649	328534
2650	328956
2651	329424
2652	329823
2653	330158
2654	330450
2655	330953
2656	331739
2657	332678
2658	333507
2659	334156
2660	334708
2661	335043
2662	335448
2663	336029
2664	336678
2665	337329
2666	338008
2667	338662
2668	339092
2669	339612
2670	340196
2671	340819
2672	341483
2673	342096
2674	342520
2675	342812
2676	343078
2677	343482
2678	343929
2679	344315
2680	345050
2681	345449
2682	345621
2683	345837
2684	346210
2685	346708
2686	347167
2687	347609
2688	348033
2689	348332
2690	348638
2691	349067
2692	349507
2693	349895
2694	350297
2695	350720
2696	351067
2697	351433
2698	351887
2699	352384
2700	352861
2701	353256
2702	353573
2703	353818
2704	354071
2705	354410
2706	354767
2707	355132
2708	355562
2709	355810
2710	356105
2711	356411
2712	356784
2713	357191
2714	357641
2715	358009
2716	358322
2717	358577
2718	358819
2719	359134
2720	359449
2721	359827
2722	360315
2723	360800
2724	361163
2725	361599
2726	362111
2727	362651
2728	363164
2729	363579
2730	364025
2731	364326
2732	364638
2733	365045
2734	365430
2735	365810
2736	366241
2737	366581
2738	366826
2739	367096
2740	367391
2741	367980
2742	368622
2743	369191
2744	369696
2745	370088
2746	370502
2747	370977
2748	371575
2749	372099
2750	372616
2751	373079
2752	373420
2753	373744
2754	374211
2755	374825
2756	375299
2757	375861
2758	376498
2759	376986
2760	377516
2761	378190
2762	378776
2763	379339
2764	379977
2765	380545
2766	380934
2767	381369
2768	381945
2769	382520
2770	383175
2771	383705
2772	384355
2773	384969
2774	385555
2775	386231
2776	386806
2777	387159
2778	387547
2779	387738
2780	387890
2781	388081
2782	388386
2783	388887
2784	389418
2785	389986
2786	390381
2787	390518
2788	390653
2789	390863
2790	391207
2791	391726
2792	392321
2793	392653
2794	392777
2795	392879
2796	393071
2797	393244
2798	393491
2799	393691
2800	393842
2801	393950
2802	394047
2803	394203
2804	394574
2805	394994
2806	395555
2807	395984
2808	396123
2809	396272
2810	396736
2811	397374
2812	397674
2813	397895
2814	398051
2815	398164
2816	398283
2817	398464
2818	398816
2819	399112
2820	399373
2821	399522
2822	399783
2823	400060
2824	400438
2825	400718
2826	401022
2827	401489
2828	401889
2829	402378
2830	402914
2831	403576
2832	404059
2833	404515
2834	404781
2835	405384
2836	405961
2837	406528
2838	406848
2839	407107
2840	407690
2841	407916
2842	408068
2843	408186
2844	408304
2845	408458
2846	408629
2847	408774
2848	408925
2849	409038
2850	409137
2851	409248
2852	409383
2853	409513
2854	409603
2855	409689
2856	409777
2857	409848
2858	409920
2859	410045
2860	410165
2861	410275
2862	410375
2863	410495
2864	410636
2865	410788
2866	410980
2867	411189
2868	411484
2869	411855
2870	412039
2871	412159
2872	412278
2873	412441
2874	412603
2875	412759
2876	412897
2877	413011
