1	1
2	1
3	1
4	1
5	1
6	1
7	1
8	1
9	1
10	1
11	2
12	2
13	2
14	2
15	2
16	2
17	2
18	2
19	3
20	3
21	3
22	3
23	4
24	4
25	4
26	4
27	4
28	4
29	4
30	4
31	4
32	4
33	5
34	5
35	5
36	5
37	5
38	5
39	5
40	5
41	5
42	6
43	7
44	7
45	7
46	7
47	7
48	7
49	7
50	7
51	7
52	7
53	7
54	7
55	7
56	7
57	7
58	7
59	7
60	7
61	7
62	7
63	7
64	7
65	7
66	7
67	7
68	7
69	7
70	7
71	7
72	7
73	7
74	8
75	8
76	8
77	8
78	8
79	8
80	8
81	8
82	8
83	8
84	8
85	8
86	8
87	8
88	8
89	8
90	8
91	8
92	8
93	8
94	8
95	8
96	9
97	9
98	9
99	9
100	9
101	9
102	9
103	9
104	9
105	9
106	9
107	9
108	9
109	9
110	10
111	10
112	10
113	10
114	10
115	10
116	10
117	10
118	10
119	10
120	10
121	10
122	10
123	10
124	10
125	10
126	10
127	10
128	10
129	10
130	10
131	10
132	10
133	10
134	10
135	10
136	10
137	10
138	10
139	10
140	10
141	10
142	10
143	10
144	10
145	11
146	11
147	11
148	12
149	12
150	12
151	12
152	12
153	12
154	12
155	12
156	12
157	13
158	14
159	14
160	14
161	15
162	16
163	16
164	16
165	16
166	16
167	16
168	16
169	16
170	17
171	17
172	17
173	18
174	18
175	18
176	18
177	19
178	20
179	20
180	20
181	20
182	20
183	20
184	20
185	20
186	20
187	20
188	20
189	20
190	20
191	20
192	20
193	20
194	20
195	20
196	20
197	20
198	20
199	20
200	20
201	20
202	20
203	20
204	21
205	21
206	21
207	21
208	21
209	21
210	21
211	21
212	21
213	21
214	21
215	21
216	21
217	22
218	22
219	22
220	22
221	22
222	22
223	22
224	22
225	22
226	22
227	22
228	22
229	22
230	22
231	22
232	22
233	22
234	22
235	22
236	23
237	24
238	24
239	25
240	25
241	25
242	26
243	27
244	27
245	27
246	27
247	27
248	27
249	27
250	27
251	27
252	29
253	29
254	29
255	30
256	30
257	30
258	30
259	30
260	30
261	31
262	31
263	31
264	33
265	33
266	33
267	35
268	35
269	35
270	35
271	35
272	35
273	35
274	35
275	35
276	36
277	36
278	36
279	37
280	37
281	37
282	38
283	38
284	38
285	39
286	39
287	39
288	40
289	41
290	41
291	41
292	41
293	42
294	43
295	43
296	43
297	43
298	43
299	45
300	46
301	46
302	46
303	46
304	46
305	46
306	47
307	47
308	48
309	48
310	48
311	48
312	48
313	48
314	48
315	49
316	49
317	49
318	49
319	49
320	49
321	49
322	49
323	49
324	50
325	50
326	50
327	50
328	52
329	52
330	53
331	53
332	53
333	53
334	54
335	54
336	54
337	57
338	57
339	57
340	62
341	64
342	64
343	65
344	65
345	66
346	70
347	70
348	70
349	70
350	71
351	72
352	72
353	73
354	73
355	73
356	74
357	75
358	76
359	77
360	77
361	77
362	77
363	77
364	77
365	77
366	77
367	80
368	80
369	83
370	84
371	86
372	88
373	88
374	89
375	89
376	89
377	90
378	91
379	92
380	93
381	93
382	93
383	93
384	93
385	93
386	95
387	96
388	96
389	96
390	98
391	100
392	100
393	100
394	101
395	101
396	102
397	103
398	103
399	103
400	104
401	105
402	105
403	106
404	106
405	106
406	106
407	106
408	108
409	110
410	110
411	112
412	113
413	114
414	114
415	116
416	117
417	120
418	120
419	122
420	123
421	124
422	124
423	125
424	125
425	126
426	126
427	126
428	129
429	129
430	129
431	129
432	131
433	133
434	134
435	134
436	138
437	140
438	140
439	140
440	141
441	141
442	142
443	143
444	143
445	143
446	145
447	146
448	146
449	147
450	149
451	149
452	149
453	149
454	150
455	151
456	151
457	151
458	153
459	153
460	155
461	156
462	156
463	156
464	156
465	157
466	157
467	158
468	159
469	159
470	161
471	162
472	164
473	164
474	165
475	166
476	166
477	167
478	168
479	170
480	170
481	171
482	171
483	172
484	174
485	174
486	174
487	178
488	179
489	179
490	179
491	181
492	182
493	184
494	186
495	187
496	190
497	191
498	191
499	195
500	197
501	199
502	200
503	202
504	204
505	204
506	205
507	206
508	208
509	213
510	215
511	217
512	218
513	218
514	225
515	227
516	229
517	229
518	233
519	237
520	238
521	240
522	242
523	244
524	244
525	244
526	247
527	249
528	251
529	252
530	253
531	253
532	254
533	254
534	254
535	255
536	256
537	256
538	258
539	258
540	259
541	260
542	264
543	267
544	269
545	270
546	271
547	271
548	271
549	274
550	277
551	278
552	278
553	281
554	282
555	283
556	285
557	287
558	287
559	287
560	288
561	291
562	297
563	297
564	297
565	300
566	301
567	301
568	303
569	305
570	313
571	315
572	316
573	319
574	320
575	322
576	323
577	323
578	324
579	327
580	328
581	331
582	332
583	334
584	335
585	339
586	341
587	341
588	343
589	343
590	343
591	348
592	348
593	351
594	351
595	353
596	356
597	356
598	357
599	358
600	360
601	360
602	361
603	362
604	368
605	370
606	371
607	374
608	374
609	375
610	376
611	381
612	382
613	385
614	387
615	387
616	388
617	388
618	390
619	392
620	393
621	395
622	395
623	398
624	406
625	409
626	410
627	413
628	415
629	415
630	415
631	416
632	418
633	420
634	420
635	423
636	423
637	427
638	429
639	432
640	436
641	437
642	437
643	438
644	439
645	442
646	445
647	446
648	449
649	451
650	452
651	452
652	453
653	455
654	455
655	461
656	465
657	465
658	466
659	471
660	471
661	472
662	477
663	477
664	478
665	478
666	479
667	480
668	483
669	485
670	487
671	489
672	490
673	492
674	494
675	494
676	497
677	502
678	506
679	508
680	513
681	517
682	518
683	520
684	522
685	524
686	528
687	530
688	531
689	534
690	535
691	536
692	540
693	544
694	545
695	548
696	551
697	557
698	559
699	560
700	564
701	566
702	567
703	572
704	578
705	582
706	588
707	588
708	589
709	592
710	595
711	597
712	603
713	605
714	605
715	611
716	613
717	613
718	616
719	619
720	619
721	621
722	626
723	629
724	630
725	631
726	633
727	636
728	638
729	639
730	644
731	647
732	654
733	657
734	662
735	665
736	665
737	668
738	671
739	675
740	679
741	680
742	683
743	685
744	688
745	693
746	704
747	706
748	708
749	711
750	714
751	719
752	725
753	728
754	740
755	744
756	744
757	749
758	752
759	768
760	772
761	775
762	778
763	778
764	779
765	780
766	782
767	783
768	784
769	786
770	788
771	791
772	792
773	793
774	796
775	797
776	797
777	798
778	798
779	798
780	804
781	810
782	813
783	816
784	817
785	820
786	820
787	820
788	822
789	825
790	826
791	829
792	833
793	837
794	838
795	843
796	845
797	852
798	853
799	853
800	856
801	860
802	862
803	865
804	868
805	868
806	870
807	872
808	875
809	880
810	884
811	888
812	889
813	890
814	892
815	896
816	898
817	899
818	902
819	905
820	908
821	913
822	921
823	922
824	925
825	929
826	931
827	935
828	938
829	946
830	948
831	950
832	951
833	952
834	953
835	957
836	960
837	964
838	968
839	968
840	969
841	973
842	975
843	976
844	986
845	989
846	992
847	994
848	997
849	1001
850	1008
851	1014
852	1019
853	1020
854	1021
855	1022
856	1024
857	1024
858	1026
859	1030
860	1033
861	1036
862	1040
863	1040
864	1041
865	1046
866	1051
867	1052
868	1055
869	1058
870	1061
871	1061
872	1137
873	1141
874	1143
875	1150
876	1160
877	1162
878	1168
879	1171
880	1174
881	1177
882	1178
883	1181
884	1184
885	1184
886	1192
887	1195
888	1197
889	1198
890	1199
891	1202
892	1206
893	1208
894	1213
895	1214
896	1216
897	1239
898	1246
899	1253
900	1258
901	1263
902	1264
903	1266
904	1269
905	1274
906	1286
907	1290
908	1296
909	1307
910	1309
911	1312
912	1313
913	1315
914	1319
915	1323
916	1323
917	1325
918	1328
919	1332
920	1335
921	1338
922	1339
923	1340
924	1347
925	1350
926	1356
927	1359
928	1365
929	1368
930	1369
931	1369
932	1374
933	1378
934	1382
935	1387
936	1395
937	1398
938	1405
939	1413
940	1419
941	1427
942	1433
943	1437
944	1448
945	1452
946	1473
947	1476
948	1486
949	1490
950	1492
951	1494
952	1497
953	1506
954	1516
955	1520
956	1533
957	1536
958	1537
959	1540
960	1544
961	1549
962	1552
963	1557
964	1575
965	1583
966	1587
967	1589
968	1594
969	1602
970	1607
971	1609
972	1611
973	1613
974	1617
975	1631
976	1635
977	1642
978	1649
979	1659
980	1665
981	1678
982	1692
983	1697
984	1703
985	1710
986	1713
987	1717
988	1721
989	1724
990	1726
991	1759
992	1762
993	1767
994	1773
995	1778
996	1785
997	1789
998	1791
999	1797
1000	1804
1001	1816
1002	1826
1003	1829
1004	1836
1005	1841
1006	1848
1007	1849
1008	1854
1009	1865
1010	1871
1011	1874
1012	1884
1013	1888
1014	1891
1015	1892
1016	1897
1017	1906
1018	1914
1019	1922
1020	1935
1021	1937
1022	1941
1023	1947
1024	1954
1025	1956
1026	1960
1027	1965
1028	1968
1029	1973
1030	1977
1031	1980
1032	1988
1033	1991
1034	1992
1035	1993
1036	1997
1037	2003
1038	2009
1039	2014
1040	2024
1041	2035
1042	2042
1043	2047
1044	2051
1045	2063
1046	2065
1047	2072
1048	2078
1049	2087
1050	2089
1051	2094
1052	2100
1053	2105
1054	2119
1055	2123
1056	2131
1057	2140
1058	2147
1059	2158
1060	2164
1061	2167
1062	2181
1063	2185
1064	2189
1065	2199
1066	2214
1067	2232
1068	2238
1069	2250
1070	2255
1071	2263
1072	2308
1073	2319
1074	2332
1075	2336
1076	2353
1077	2362
1078	2367
1079	2379
1080	2389
1081	2395
1082	2404
1083	2424
1084	2427
1085	2433
1086	2438
1087	2445
1088	2455
1089	2463
1090	2474
1091	2483
1092	2490
1093	2501
1094	2507
1095	2515
1096	2530
1097	2539
1098	2544
1099	2558
1100	2567
1101	2580
1102	2620
1103	2626
1104	2633
1105	2640
1106	2648
1107	2656
1108	2663
1109	2670
1110	2676
1111	2687
1112	2695
1113	2698
1114	2702
1115	2704
1116	2717
1117	2724
1118	2731
1119	2737
1120	2748
1121	2759
1122	2771
1123	2780
1124	2802
1125	2813
1126	2836
1127	2839
1128	2848
1129	2865
1130	2895
1131	2908
1132	2914
1133	2916
1134	2926
1135	2939
1136	2952
1137	2959
1138	2986
1139	2999
1140	3005
1141	3010
1142	3013
1143	3027
1144	3034
1145	3042
1146	3056
1147	3059
1148	3069
1149	3075
1150	3091
1151	3102
1152	3109
1153	3120
1154	3127
1155	3136
1156	3146
1157	3179
1158	3195
1159	3204
1160	3220
1161	3223
1162	3228
1163	3240
1164	3253
1165	3262
1166	3272
1167	3279
1168	3285
1169	3291
1170	3305
1171	3312
1172	3327
1173	3337
1174	3346
1175	3355
1176	3358
1177	3376
1178	3389
1179	3403
1180	3420
1181	3430
1182	3437
1183	3445
1184	3453
1185	3461
1186	3468
1187	3493
1188	3505
1189	3516
1190	3522
1191	3533
1192	3544
1193	3553
1194	3563
1195	3571
1196	3575
1197	3590
1198	3599
1199	3606
1200	3615
1201	3625
1202	3652
1203	3667
1204	3681
1205	3696
1206	3712
1207	3726
1208	3760
1209	3770
1210	3776
1211	3790
1212	3806
1213	3879
1214	4033
1215	4092
1216	4099
1217	4107
1218	4115
1219	4127
1220	4217
1221	4231
1222	4238
1223	4247
1224	4250
1225	4256
1226	4268
1227	4278
1228	4286
1229	4295
1230	4300
1231	4306
1232	4315
1233	4323
1234	4377
1235	4383
1236	4398
1237	4425
1238	4428
1239	4438
1240	4459
1241	4479
1242	4500
1243	4509
1244	4520
1245	4530
1246	4538
1247	4551
1248	4563
1249	4579
1250	4598
1251	4613
1252	4627
1253	4632
1254	4649
1255	4685
1256	4702
1257	4709
1258	4722
1259	4735
1260	4748
1261	4763
1262	4781
1263	4794
1264	4807
1265	4816
1266	4827
1267	4829
1268	4847
1269	4861
1270	4869
1271	4881
1272	4892
1273	4896
1274	4908
1275	4920
1276	4940
1277	4956
1278	4971
1279	4978
1280	4987
1281	4998
1282	5013
1283	5063
1284	5076
1285	5091
1286	5109
1287	5121
1288	5127
1289	5143
1290	5163
1291	5180
1292	5202
1293	5218
1294	5228
1295	5236
1296	5250
1297	5267
1298	5291
1299	5308
1300	5324
1301	5338
1302	5354
1303	5368
1304	5387
1305	5405
1306	5427
1307	5443
1308	5449
1309	5463
1310	5483
1311	5498
1312	5508
1313	5519
1314	5557
1315	5576
1316	5588
1317	5668
1318	5683
1319	5696
1320	5710
1321	5724
1322	5727
1323	5741
1324	5756
1325	5770
1326	5799
1327	5811
1328	5827
1329	5837
1330	5853
1331	5874
1332	5891
1333	5915
1334	5942
1335	5956
1336	5972
1337	5985
1338	6003
1339	6016
1340	6038
1341	6064
1342	6086
1343	6103
1344	6119
1345	6140
1346	6163
1347	6180
1348	6201
1349	6219
1350	6232
1351	6241
1352	6262
1353	6289
1354	6310
1355	6327
1356	6339
1357	6353
1358	6362
1359	6380
1360	6419
1361	6445
1362	6461
1363	6502
1364	6512
1365	6525
1366	6540
1367	6562
1368	6583
1369	6607
1370	6655
1371	6667
1372	6683
1373	6717
1374	6752
1375	6790
1376	6805
1377	6825
1378	6835
1379	6842
1380	6862
1381	6887
1382	6906
1383	6940
1384	6963
1385	6974
1386	6986
1387	7054
1388	7103
1389	7118
1390	7140
1391	7150
1392	7164
1393	7174
1394	7186
1395	7205
1396	7229
1397	7248
1398	7269
1399	7289
1400	7301
1401	7319
1402	7350
1403	7376
1404	7405
1405	7431
1406	7468
1407	7487
1408	7519
1409	7555
1410	7584
1411	7623
1412	7649
1413	7670
1414	7696
1415	7726
1416	7757
1417	7794
1418	7844
1419	7877
1420	7899
1421	7914
1422	7942
1423	7991
1424	8034
1425	8088
1426	8122
1427	8158
1428	8185
1429	8217
1430	8272
1431	8309
1432	8333
1433	8362
1434	8392
1435	8415
1436	8455
1437	8516
1438	8539
1439	8577
1440	8613
1441	8642
1442	8685
1443	8735
1444	8793
1445	8844
1446	8895
1447	8951
1448	9011
1449	9065
1450	9125
1451	9304
1452	9358
1453	9415
1454	9489
1455	9519
1456	9564
1457	9630
1458	9694
1459	9763
1460	9796
1461	9842
1462	9873
1463	9901
1464	9939
1465	9987
1466	10028
1467	10060
1468	10096
1469	10112
1470	10146
1471	10192
1472	10228
1473	10276
1474	10348
1475	10394
1476	10442
1477	10474
1478	10524
1479	10583
1480	10657
1481	10711
1482	10773
1483	10808
1484	10846
1485	10903
1486	10970
1487	11038
1488	11104
1489	11175
1490	11224
1491	11269
1492	11335
1493	11406
1494	11477
1495	11544
1496	11590
1497	11626
1498	11675
1499	11740
1500	11804
1501	11895
1502	11954
1503	11999
1504	12038
1505	12073
1506	12148
1507	12242
1508	12308
1509	12377
1510	12473
1511	12529
1512	12589
1513	12663
1514	12822
1515	12889
1516	12970
1517	13030
1518	13066
1519	13104
1520	13147
1521	13195
1522	13297
1523	13367
1524	13411
1525	13474
1526	13516
1527	13560
1528	13654
1529	13725
1530	13792
1531	13859
1532	13895
1533	13945
1534	14000
1535	14083
1536	14137
1537	14189
1538	14231
1539	14259
1540	14306
1541	14393
1542	14466
1543	14532
1544	14606
1545	14708
1546	14751
1547	14781
1548	14828
1549	14962
1550	15033
1551	15084
1552	15144
1553	15184
1554	15235
1555	15295
1556	15382
1557	15452
1558	15519
1559	15595
1560	15658
1561	15714
1562	15759
1563	15851
1564	15926
1565	15987
1566	16038
1567	16093
1568	16156
1569	16270
1570	16337
1571	16397
1572	16472
1573	16530
1574	16575
1575	16606
1576	16719
1577	16774
1578	16841
1579	16913
1580	16959
1581	17009
1582	17061
1583	17139
1584	17224
1585	17285
1586	17403
1587	17464
1588	17499
1589	17547
1590	17602
1591	17665
1592	17727
1593	17794
1594	17887
1595	17935
1596	17976
1597	18042
1598	18113
1599	18229
1600	18276
1601	18348
1602	18578
1603	18637
1604	18712
1605	18790
1606	18860
1607	18941
1608	19007
1609	19046
1610	19099
1611	19189
1612	19272
1613	19362
1614	19491
1615	19586
1616	19657
1617	19743
1618	19839
1619	19944
1620	20036
1621	20126
1622	20204
1623	20255
1624	20322
1625	20461
1626	20547
1627	20623
1628	20713
1629	20813
1630	20879
1631	20935
1632	21006
1633	21118
1634	21229
1635	21318
1636	21395
1637	21447
1638	21494
1639	21580
1640	21646
1641	21732
1642	21865
1643	21938
1644	21976
1645	22023
1646	22162
1647	22258
1648	22337
1649	22416
1650	22510
1651	22568
1652	22624
1653	22712
1654	22803
1655	22888
1656	22965
1657	23035
1658	23087
1659	23147
1660	23266
1661	23335
1662	23422
1663	23517
1664	23581
1665	23630
1666	23664
1667	23740
1668	23807
1669	23893
1670	24012
1671	24072
1672	24138
1673	24184
1674	24261
1675	24333
1676	24398
1677	24487
1678	24577
1679	24606
1680	24658
1681	24743
1682	24825
1683	24899
1684	24983
1685	25041
1686	25079
1687	25132
1688	25197
1689	25265
1690	25385
1691	25450
1692	25498
1693	25549
1694	25591
1695	25655
1696	25726
1697	25790
1698	25851
1699	25913
1700	25965
1701	26000
1702	26046
1703	26114
1704	26171
1705	26239
1706	26314
1707	26353
1708	26398
1709	26478
1710	26568
1711	26668
1712	26796
1713	26913
1714	27051
1715	27164
1716	27296
1717	27440
1718	27538
1719	27702
1720	27820
1721	27902
1722	27958
1723	28036
1724	28116
1725	28195
1726	28239
1727	28266
1728	28289
1729	28322
1730	28364
1731	28437
1732	28499
1733	28594
1734	28664
1735	28721
1736	28774
1737	28860
1738	28943
1739	29038
1740	29125
1741	29183
1742	29248
1743	29295
1744	29397
1745	29506
1746	29594
1747	29682
1748	29760
1749	29817
1750	29874
1751	29961
1752	30054
1753	30111
1754	30174
1755	30222
1756	30260
1757	30292
1758	30322
1759	30353
1760	30406
1761	30483
1762	30552
1763	30610
1764	30651
1765	30683
1766	30702
1767	30765
1768	30825
1769	30866
1770	30922
1771	30957
1772	31026
1773	31166
1774	31274
1775	31367
1776	31465
1777	31502
1778	31546
1779	31613
1780	31667
1781	31730
1782	31802
1783	31898
1784	31951
1785	32031
1786	32111
1787	32197
1788	32292
1789	32396
1790	32494
1791	32593
1792	32666
1793	32780
1794	32885
1795	33080
1796	33169
1797	33285
1798	33354
1799	33411
1800	33513
1801	33626
1802	33728
1803	33830
1804	33927
1805	34007
1806	34067
1807	34148
1808	34227
1809	34317
1810	34408
1811	34495
1812	34583
1813	34669
1814	34789
1815	34902
1816	35010
1817	35125
1818	35251
1819	35325
1820	35422
1821	35520
1822	35622
1823	35745
1824	35863
1825	35968
1826	36049
1827	36127
1828	36248
1829	36336
1830	36430
1831	36510
1832	36607
1833	36707
1834	36793
1835	36904
1836	37036
1837	37149
1838	37290
1839	37445
1840	37567
1841	37700
1842	37860
1843	38052
1844	38269
1845	38487
1846	38689
1847	38825
1848	38881
1849	38981
1850	39156
1851	39359
1852	39516
1853	39677
1854	39809
1855	39925
1856	40058
1857	40204
1858	40379
1859	40525
1860	40677
1861	40797
1862	40910
1863	41090
1864	41244
1865	41401
1866	41557
1867	41712
1868	41836
1869	41944
1870	42105
1871	42264
1872	42452
1873	42620
1874	42781
1875	42892
1876	43024
1877	43198
1878	43405
1879	43515
1880	43618
1881	43721
1882	43837
1883	43979
1884	44156
1885	44322
1886	44482
1887	44643
1888	44772
1889	44856
1890	44947
1891	45107
1892	45260
1893	45418
1894	45575
1895	45707
1896	45787
1897	45887
1898	46050
1899	46190
1900	46342
1901	46493
1902	46631
1903	46749
1904	46842
1905	46959
1906	47062
1907	47158
1908	47247
1909	47330
1910	47417
1911	47508
1912	47634
1913	47756
1914	47878
1915	47999
1916	48076
1917	48117
1918	48157
1919	48227
1920	48334
1921	48459
1922	48586
1923	48687
1924	48772
1925	48856
1926	48952
1927	49081
1928	49201
1929	49324
1930	49420
1931	49493
1932	49554
1933	49662
1934	49769
1935	49904
1936	50012
1937	50115
1938	50267
1939	50431
1940	50665
1941	50956
1942	51159
1943	51374
1944	51578
1945	51714
1946	51838
1947	52056
1948	52289
1949	52530
1950	52702
1951	52876
1952	52997
1953	53118
1954	53306
1955	53487
1956	53689
1957	53876
1958	54025
1959	54147
1960	54253
1961	54449
1962	54612
1963	54845
1964	54993
1965	55074
1966	55159
1967	55262
1968	55437
1969	55608
1970	55820
1971	55999
1972	56168
1973	56272
1974	56387
1975	56528
1976	56687
1977	56842
1978	57017
1979	57164
1980	57267
1981	57366
1982	57504
1983	57633
1984	57807
1985	57965
1986	58100
1987	58204
1988	58296
1989	58420
1990	58506
1991	58671
1992	58825
1993	58982
1994	59064
1995	59147
1996	59296
1997	59433
1998	59562
1999	59748
2000	59904
2001	60017
2002	60116
2003	60258
2004	60417
2005	60587
2006	60756
2007	60911
2008	61052
2009	61182
2010	61388
2011	61592
2012	61831
2013	62024
2014	62224
2015	62384
2016	62532
2017	62738
2018	63012
2019	63249
2020	63504
2021	63734
2022	63809
2023	63881
2024	63981
2025	64135
2026	64333
2027	64604
2028	64809
2029	64964
2030	65133
2031	65338
2032	65574
2033	65833
2034	66039
2035	66239
2036	66390
2037	66521
2038	66734
2039	66934
2040	67132
2041	67301
2042	67476
2043	67600
2044	67696
2045	67864
2046	68084
2047	68286
2048	68474
2049	68640
2050	68753
2051	68862
2052	69044
2053	69255
2054	69465
2055	69653
2056	69820
2057	69936
2058	70053
2059	70235
2060	70423
2061	70591
2062	70728
2063	70890
2064	70976
2065	71082
2066	71288
2067	71437
2068	71592
2069	71749
2070	71849
2071	71963
2072	72069
2073	72245
2074	72390
2075	72565
2076	72849
2077	73198
2078	73426
2079	73663
2080	74015
2081	74361
2082	74677
2083	74973
2084	75210
2085	75383
2086	75569
2087	75813
2088	76063
2089	76323
2090	76601
2091	76815
2092	76967
2093	77130
2094	77381
2095	77595
2096	77815
2097	78023
2098	78204
2099	78317
2100	78424
2101	78635
2102	78867
2103	79041
2104	79222
2105	79432
2106	79559
2107	79665
2108	79884
2109	80077
2110	80258
2111	80451
2112	80619
2113	80739
2114	80851
2115	81020
2116	81179
2117	81359
2118	81508
2119	81638
2120	81738
2121	81827
2122	81963
2123	82064
2124	82142
2125	82249
2126	82359
2127	82457
2128	82535
2129	82638
2130	82728
2131	82792
2132	82929
2133	83073
2134	83186
2135	83314
2136	83448
2137	83637
2138	83858
2139	84095
2140	84302
2141	84532
2142	84745
2143	85083
2144	85413
2145	85737
2146	86040
2147	86331
2148	86523
2149	86693
2150	86945
2151	87211
2152	87484
2153	87764
2154	88084
2155	88407
2156	88616
2157	88806
2158	88960
2159	89177
2160	89419
2161	89658
2162	89787
2163	89932
2164	90145
2165	90397
2166	90601
2167	90843
2168	91063
2169	91198
2170	91345
2171	91548
2172	91738
2173	91919
2174	92175
2175	92354
2176	92514
2177	92687
2178	92962
2179	93197
2180	93425
2181	93682
2182	93918
2183	94061
2184	94203
2185	94452
2186	94698
2187	94921
2188	95152
2189	95319
2190	95451
2191	95608
2192	95818
2193	96126
2194	96408
2195	96908
2196	97326
2197	97608
2198	97875
2199	98225
2200	98617
2201	98962
2202	99267
2203	99557
2204	99804
2205	100030
2206	100330
2207	100702
2208	101006
2209	101288
2210	101585
2211	101771
2212	101977
2213	102198
2214	102449
2215	102708
2216	102979
2217	103231
2218	103386
2219	103520
2220	103722
2221	103989
2222	104218
2223	104484
2224	104697
2225	104853
2226	105025
2227	105316
2228	105567
2229	105824
2230	106061
2231	106278
2232	106439
2233	106592
2234	106774
2235	106945
2236	107186
2237	107368
2238	107548
2239	107649
2240	107781
2241	107988
2242	108318
2243	108609
2244	108928
2245	109228
2246	109464
2247	109709
2248	110111
2249	110503
2250	110862
2251	111143
2252	111435
2253	111577
2254	111754
2255	112048
2256	112319
2257	112618
2258	112974
2259	113315
2260	113496
2261	113723
2262	114068
2263	114409
2264	114796
2265	114981
2266	115170
2267	115266
2268	115426
2269	115681
2270	115962
2271	116163
2272	116386
2273	116574
2274	116706
2275	116872
2276	117122
2277	117279
2278	117438
2279	117651
2280	117802
2281	117900
2282	118014
2283	118173
2284	118355
2285	118537
2286	118663
2287	118827
2288	118922
2289	119033
2290	119155
2291	119287
2292	119512
2293	119705
2294	119847
2295	119953
2296	120046
2297	120169
2298	120319
2299	120456
2300	120609
2301	120753
2302	120872
2303	120944
2304	121113
2305	121261
2306	121428
2307	121688
2308	121982
2309	122123
2310	122330
2311	122683
2312	123021
2313	123254
2314	123536
2315	123780
2316	123905
2317	124044
2318	124314
2319	124556
2320	124789
2321	124971
2322	125231
2323	125336
2324	125466
2325	125616
2326	125772
2327	125960
2328	126141
2329	126288
2330	126391
2331	126491
2332	126651
2333	126854
2334	127067
2335	127245
2336	127419
2337	127537
2338	127657
2339	127814
2340	128015
2341	128168
2342	128316
2343	128473
2344	128575
2345	128657
2346	128790
2347	128934
2348	129119
2349	129248
2350	129374
2351	129475
2352	129571
2353	129701
2354	129881
2355	130047
2356	130175
2357	130289
2358	130375
2359	130464
2360	130606
2361	130748
2362	130882
2363	131017
2364	131317
2365	131553
2366	131728
2367	131939
2368	132359
2369	132643
2370	132927
2371	133140
2372	133321
2373	133438
2374	133735
2375	134078
2376	134383
2377	134589
2378	134808
2379	134948
2380	135092
2381	135362
2382	135605
2383	135917
2384	136122
2385	136314
2386	136469
2387	136611
2388	136896
2389	137176
2390	137446
2391	137717
2392	137899
2393	138093
2394	138267
2395	138536
2396	138839
2397	139104
2398	139416
2399	139645
2400	139768
2401	139921
2402	140081
2403	140347
2404	140528
2405	140702
2406	140943
2407	141096
2408	141247
2409	141461
2410	141659
2411	141874
2412	142098
2413	142381
2414	142560
2415	142795
2416	143145
2417	143606
2418	143984
2419	144345
2420	144641
2421	144883
2422	145083
2423	145433
2424	145736
2425	146160
2426	146530
2427	146785
2428	146970
2429	147152
2430	147407
2431	147721
2432	147952
2433	148217
2434	148420
2435	148564
2436	148726
2437	148991
2438	149272
2439	149432
2440	149584
2441	149734
2442	149851
2443	149972
2444	150173
2445	150433
2446	150714
2447	151254
2448	151688
2449	151992
2450	152282
2451	152695
2452	153105
2453	153507
2454	153866
2455	154162
2456	154388
2457	154601
2458	154879
2459	155185
2460	155454
2461	155722
2462	155989
2463	156206
2464	156413
2465	156689
2466	156961
2467	157233
2468	157505
2469	157760
2470	158054
2471	158299
2472	158651
2473	158942
2474	159270
2475	159615
2476	160046
2477	160255
2478	160431
2479	160709
2480	160977
2481	161328
2482	161707
2483	161993
2484	162207
2485	162433
2486	162747
2487	163015
2488	163155
2489	163244
2490	163370
2491	163493
2492	163619
2493	163769
2494	163917
2495	164029
2496	164102
2497	164311
2498	164564
2499	164839
2500	165190
2501	165549
2502	165866
2503	166172
2504	166447
2505	166678
2506	167009
2507	167467
2508	168036
2509	168543
2510	169056
2511	169511
2512	169743
2513	169910
2514	170183
2515	170454
2516	170720
2517	171013
2518	171362
2519	171645
2520	171799
2521	172018
2522	172265
2523	172534
2524	172781
2525	173276
2526	173605
2527	173887
2528	174320
2529	174747
2530	175172
2531	175565
2532	175901
2533	176127
2534	176343
2535	176731
2536	177071
2537	177392
2538	177709
2539	177978
2540	178164
2541	178335
2542	178564
2543	178771
2544	178962
2545	179208
2546	179474
2547	179788
2548	179986
2549	180237
2550	180577
2551	181011
2552	181611
2553	182235
2554	182603
2555	182922
2556	183299
2557	183824
2558	184473
2559	184892
2560	185248
2561	185435
2562	185642
2563	186004
2564	186442
2565	186966
2566	187531
2567	188110
2568	188556
2569	188974
2570	189562
2571	190158
2572	190568
2573	190924
2574	191245
2575	191493
2576	191720
2577	192429
2578	193158
2579	193709
2580	194367
2581	194914
2582	195224
2583	195518
2584	195971
2585	196482
2586	197070
2587	197659
2588	198004
2589	198238
2590	198428
2591	198672
2592	198996
2593	199324
2594	199672
2595	199959
2596	200198
2597	200416
2598	200701
2599	200995
2600	201264
2601	201684
2602	202222
2603	202606
2604	202937
2605	203363
2606	203814
2607	204250
2608	204652
2609	205048
2610	205286
2611	205492
2612	205859
2613	206357
2614	206729
2615	207066
2616	207332
2617	207540
2618	207755
2619	208085
2620	208440
2621	208737
2622	209066
2623	209554
2624	209924
2625	210268
2626	210774
2627	211567
2628	212556
2629	213157
2630	213614
2631	213945
2632	214215
2633	214673
2634	215127
2635	215591
2636	216128
2637	216495
2638	216745
2639	216941
2640	217239
2641	217599
2642	217935
2643	218423
2644	218994
2645	219210
2646	219385
2647	219681
2648	220031
2649	220406
2650	220713
2651	220994
2652	221177
2653	221538
2654	222167
2655	222973
2656	223625
2657	224133
2658	224551
2659	224796
2660	225040
2661	225429
2662	225952
2663	226495
2664	227085
2665	227588
2666	227965
2667	228291
2668	228791
2669	229303
2670	229847
2671	230345
2672	230740
2673	230909
2674	231087
2675	231374
2676	231659
2677	231993
2678	232593
2679	232949
2680	233116
2681	233302
2682	233668
2683	234142
2684	234600
2685	235079
2686	235431
2687	235705
2688	235974
2689	236404
2690	236789
2691	237141
2692	237473
2693	237905
2694	238240
2695	238550
2696	238990
2697	239433
2698	239836
2699	240261
2700	240559
2701	240803
2702	241058
2703	241390
2704	241798
2705	242139
2706	242573
2707	242803
2708	243132
2709	243447
2710	243882
2711	244302
2712	244767
2713	245161
2714	245461
2715	245742
2716	245989
2717	246353
2718	246738
2719	247123
2720	247554
2721	248094
2722	248493
2723	248839
2724	249302
2725	249841
2726	250401
2727	250884
2728	251406
2729	251835
2730	252173
2731	252627
2732	253042
2733	253461
2734	253870
2735	254227
2736	254476
2737	254708
2738	254972
2739	255606
2740	256267
2741	256811
2742	257281
2743	257633
2744	258034
2745	258561
2746	259085
2747	259599
2748	260109
2749	260611
2750	260977
2751	261424
2752	261848
2753	262342
2754	262765
2755	263265
2756	263817
2757	264310
2758	264760
2759	265321
2760	265917
2761	266484
2762	266993
2763	267504
2764	267947
2765	268336
2766	268889
2767	269402
2768	269974
2769	270518
2770	271119
2771	271640
2772	272075
2773	272711
2774	273255
2775	273575
2776	273927
2777	274087
2778	274202
2779	274401
2780	274642
2781	275128
2782	275674
2783	276211
2784	276600
2785	276697
2786	276830
2787	276977
2788	277284
2789	277816
2790	278306
2791	278577
2792	278686
2793	278742
2794	278919
2795	279058
2796	279273
2797	279420
2798	279547
2799	279615
2800	279674
2801	279809
2802	280147
2803	280517
2804	281068
2805	281443
2806	281550
2807	281647
2808	281995
2809	282528
2810	282753
2811	282894
2812	282978
2813	283041
2814	283115
2815	283207
2816	283518
2817	283774
2818	283966
2819	284088
2820	284346
2821	284562
2822	284921
2823	285116
2824	285335
2825	285694
2826	286060
2827	286476
2828	286969
2829	287580
2830	288077
2831	288548
2832	288729
2833	289295
2834	289834
2835	290331
2836	290568
2837	290776
2838	291365
2839	291558
2840	291681
2841	291741
2842	291814
2843	291915
2844	292053
2845	292167
2846	292260
2847	292362
2848	292408
2849	292457
2850	292549
2851	292634
2852	292708
2853	292777
2854	292819
2855	292856
2856	292901
2857	292976
2858	293063
2859	293138
2860	293213
2861	293273
2862	293350
2863	293429
2864	293561
2865	293718
2866	293864
2867	294228
2868	294362
2869	294439
2870	294508
2871	294636
2872	294775
2873	294898
2874	295034
2875	295133
