1	1
2	1
3	1
4	1
5	3
6	3
7	3
8	3
9	3
10	3
11	3
12	3
13	3
14	4
15	4
16	4
17	4
18	5
19	5
20	5
21	5
22	5
23	5
24	5
25	5
26	5
27	5
28	5
29	6
30	6
31	6
32	6
33	6
34	6
35	6
36	6
37	7
38	8
39	8
40	8
41	8
42	9
43	9
44	9
45	9
46	9
47	12
48	13
49	13
50	14
51	15
52	15
53	16
54	17
55	24
56	24
57	24
58	24
59	28
60	28
61	28
62	28
63	28
64	28
65	29
66	29
67	31
68	33
69	33
70	35
71	37
72	37
73	37
74	37
75	37
76	39
77	46
78	47
79	48
80	49
81	50
82	52
83	54
84	68
85	68
86	68
87	68
88	69
89	70
90	71
91	72
92	72
93	72
94	75
95	77
96	78
97	79
98	80
99	80
100	80
101	80
102	81
103	82
104	85
105	85
106	85
107	86
108	88
109	91
110	91
111	93
112	93
113	94
114	95
115	97
116	101
117	101
118	102
119	103
120	104
121	104
122	104
123	108
124	109
125	109
126	110
127	110
128	111
129	112
130	113
131	115
132	116
133	116
134	117
135	120
136	123
137	124
138	125
139	125
140	125
141	126
142	127
143	127
144	129
145	129
146	130
147	131
148	132
149	133
150	134
151	135
152	135
153	136
154	138
155	140
156	141
157	144
158	144
159	145
160	145
161	147
162	147
163	148
164	150
165	150
166	150
167	150
168	152
169	155
170	156
171	157
172	161
173	161
174	161
175	161
176	162
177	165
178	165
179	167
180	168
181	169
182	172
183	172
184	177
185	177
186	177
187	178
188	180
189	181
190	183
191	187
192	190
193	191
194	191
195	192
196	193
197	194
198	197
199	198
200	199
201	200
202	206
203	206
204	207
205	213
206	213
207	216
208	217
209	219
210	223
211	226
212	228
213	229
214	229
215	234
216	236
217	237
218	240
219	244
220	244
221	247
222	248
223	250
224	251
225	252
226	254
227	257
228	258
229	260
230	261
231	284
232	288
233	292
234	293
235	294
236	299
237	299
238	302
239	303
240	307
241	307
242	309
243	312
244	314
245	314
246	316
247	317
248	319
249	321
250	322
251	322
252	327
253	330
254	331
255	333
256	333
257	334
258	335
259	350
260	351
261	353
262	356
263	359
264	359
265	360
266	360
267	365
268	367
269	372
270	379
271	381
272	381
273	384
274	390
275	391
276	394
277	403
278	404
279	404
280	407
281	410
282	411
283	416
284	418
285	420
286	420
287	423
288	424
289	426
290	429
291	438
292	438
293	438
294	444
295	449
296	452
297	454
298	456
299	460
300	463
301	470
302	473
303	473
304	476
305	479
306	480
307	483
308	485
309	525
310	533
311	539
312	561
313	566
314	567
315	571
316	577
317	578
318	585
319	591
320	591
321	592
322	597
323	606
324	609
325	619
326	633
327	637
328	639
329	646
330	651
331	655
332	656
333	657
334	660
335	697
336	699
337	702
338	703
339	705
340	708
341	715
342	719
343	724
344	727
345	731
346	734
347	736
348	739
349	740
350	744
351	762
352	765
353	768
354	800
355	805
356	808
357	811
358	815
359	817
360	821
361	828
362	831
363	834
364	840
365	841
366	850
367	873
368	881
369	883
370	886
371	895
372	901
373	910
374	914
375	916
376	919
377	923
378	925
379	928
380	928
381	933
382	938
383	940
384	944
385	954
386	958
387	966
388	971
389	974
390	981
391	984
392	991
393	997
394	1000
395	1007
396	1014
397	1018
398	1020
399	1025
400	1029
401	1033
402	1037
403	1046
404	1052
405	1053
406	1057
407	1063
408	1067
409	1081
410	1083
411	1088
412	1094
413	1117
414	1128
415	1134
416	1139
417	1147
418	1149
419	1150
420	1153
421	1172
422	1175
423	1178
424	1184
425	1190
426	1191
427	1195
428	1204
429	1212
430	1218
431	1230
432	1235
433	1239
434	1245
435	1253
436	1258
437	1266
438	1271
439	1274
440	1279
441	1288
442	1295
443	1302
444	1308
445	1313
446	1317
447	1318
448	1332
449	1334
450	1339
451	1347
452	1355
453	1359
454	1362
455	1373
456	1376
457	1381
458	1387
459	1391
460	1397
461	1403
462	1409
463	1414
464	1416
465	1422
466	1427
467	1430
468	1436
469	1445
470	1448
471	1450
472	1459
473	1462
474	1463
475	1468
476	1478
477	1485
478	1492
479	1502
480	1510
481	1511
482	1513
483	1515
484	1521
485	1544
486	1551
487	1557
488	1561
489	1569
490	1577
491	1586
492	1587
493	1598
494	1605
495	1608
496	1610
497	1616
498	1626
499	1630
500	1631
501	1634
502	1636
503	1638
504	1644
505	1649
506	1656
507	1657
508	1662
509	1667
510	1668
511	1677
512	1705
513	1709
514	1715
515	1725
516	1726
517	1740
518	1752
519	1758
520	1765
521	1769
522	1773
523	1778
524	1783
525	1792
526	1795
527	1809
528	1815
529	1820
530	1825
531	1830
532	1834
533	1836
534	1849
535	1854
536	1859
537	1862
538	1863
539	1866
540	1872
541	1879
542	1886
543	1902
544	1906
545	1907
546	1909
547	1916
548	1920
549	1931
550	1938
551	1940
552	1944
553	1954
554	1957
555	1963
556	1966
557	1972
558	1973
559	1976
560	1982
561	1985
562	1990
563	2001
564	2002
565	2005
566	2009
567	2013
568	2023
569	2027
570	2032
571	2040
572	2044
573	2045
574	2054
575	2063
576	2069
577	2074
578	2079
579	2088
580	2092
581	2099
582	2105
583	2111
584	2116
585	2121
586	2123
587	2129
588	2135
589	2140
590	2149
591	2157
592	2167
593	2169
594	2176
595	2181
596	2192
597	2198
598	2204
599	2209
600	2215
601	2219
602	2222
603	2227
604	2237
605	2242
606	2253
607	2257
608	2260
609	2264
610	2279
611	2293
612	2297
613	2307
614	2309
615	2327
616	2335
617	2347
618	2353
619	2359
620	2369
621	2376
622	2378
623	2395
624	2399
625	2405
626	2431
627	2438
628	2441
629	2446
630	2459
631	2465
632	2484
633	2496
634	2519
635	2522
636	2524
637	2533
638	2539
639	2548
640	2553
641	2570
642	2574
643	2582
644	2589
645	2602
646	2610
647	2619
648	2628
649	2631
650	2637
651	2645
652	2652
653	2657
654	2665
655	2676
656	2678
657	2685
658	2691
659	2701
660	2709
661	2721
662	2725
663	2730
664	2737
665	2745
666	2759
667	2776
668	2786
669	2795
670	2805
671	2817
672	2822
673	2831
674	2844
675	2853
676	2870
677	2878
678	2889
679	2899
680	2915
681	2922
682	2940
683	2956
684	2963
685	2969
686	2985
687	2996
688	3017
689	3025
690	3039
691	3048
692	3050
693	3056
694	3060
695	3070
696	3076
697	3082
698	3091
699	3105
700	3122
701	3132
702	3135
703	3143
704	3147
705	3152
706	3160
707	3168
708	3212
709	3229
710	3246
711	3262
712	3266
713	3269
714	3282
715	3301
716	3305
717	3318
718	3340
719	3347
720	3355
721	3360
722	3383
723	3392
724	3415
725	3425
726	3435
727	3445
728	3457
729	3471
730	3479
731	3489
732	3531
733	3547
734	3554
735	3569
736	3578
737	3590
738	3598
739	3607
740	3612
741	3620
742	3630
743	3639
744	3651
745	3659
746	3666
747	3675
748	3687
749	3699
750	3748
751	3758
752	3771
753	3783
754	3804
755	3821
756	3842
757	3853
758	3864
759	3884
760	3893
761	3902
762	3912
763	3922
764	3939
765	3969
766	3984
767	4005
768	4015
769	4019
770	4039
771	4070
772	4077
773	4093
774	4102
775	4123
776	4141
777	4165
778	4175
779	4188
780	4200
781	4237
782	4248
783	4254
784	4265
785	4281
786	4292
787	4308
788	4319
789	4328
790	4346
791	4397
792	4410
793	4429
794	4443
795	4463
796	4472
797	4479
798	4488
799	4507
800	4521
801	4530
802	4583
803	4594
804	4605
805	4619
806	4629
807	4650
808	4657
809	4677
810	4688
811	4696
812	4707
813	4741
814	4756
815	4768
816	4785
817	4796
818	4804
819	4816
820	4830
821	4843
822	4853
823	4864
824	4871
825	4880
826	4912
827	4935
828	4964
829	4971
830	4986
831	4992
832	5003
833	5023
834	5044
835	5077
836	5085
837	5113
838	5125
839	5136
840	5147
841	5158
842	5188
843	5203
844	5223
845	5230
846	5240
847	5247
848	5256
849	5287
850	5307
851	5320
852	5337
853	5356
854	5373
855	5393
856	5413
857	5458
858	5472
859	5482
860	5486
861	5506
862	5522
863	5547
864	5588
865	5650
866	5664
867	5682
868	5699
869	5713
870	5729
871	5752
872	5769
873	5785
874	5794
875	5815
876	5837
877	5870
878	5886
879	5911
880	5921
881	5932
882	5953
883	5973
884	5995
885	6010
886	6020
887	6030
888	6045
889	6121
890	6168
891	6194
892	6212
893	6230
894	6252
895	6258
896	6282
897	6317
898	6364
899	6404
900	6421
901	6429
902	6445
903	6476
904	6492
905	6529
906	6576
907	6597
908	6610
909	6620
910	6635
911	6660
912	6676
913	6710
914	6732
915	6743
916	6751
917	6766
918	6790
919	6811
920	6828
921	6843
922	6849
923	6862
924	6893
925	6920
926	6940
927	6973
928	6993
929	7006
930	7022
931	7040
932	7063
933	7095
934	7125
935	7171
936	7186
937	7202
938	7219
939	7233
940	7268
941	7281
942	7315
943	7325
944	7346
945	7363
946	7384
947	7406
948	7429
949	7452
950	7467
951	7475
952	7499
953	7532
954	7561
955	7606
956	7639
957	7656
958	7687
959	7721
960	7778
961	7827
962	7906
963	7951
964	7986
965	8017
966	8048
967	8149
968	8189
969	8221
970	8256
971	8293
972	8309
973	8347
974	8385
975	8436
976	8469
977	8504
978	8531
979	8557
980	8589
981	8642
982	8691
983	8710
984	8756
985	8771
986	8794
987	8814
988	8838
989	8867
990	8899
991	8932
992	8961
993	8976
994	9074
995	9110
996	9136
997	9170
998	9215
999	9236
1000	9257
1001	9296
1002	9342
1003	9384
1004	9418
1005	9452
1006	9470
1007	9487
1008	9545
1009	9599
1010	9642
1011	9679
1012	9707
1013	9734
1014	9752
1015	9769
1016	9820
1017	9857
1018	9894
1019	9933
1020	9957
1021	9974
1022	10034
1023	10065
1024	10102
1025	10131
1026	10156
1027	10173
1028	10197
1029	10221
1030	10255
1031	10290
1032	10312
1033	10335
1034	10358
1035	10380
1036	10415
1037	10440
1038	10515
1039	10551
1040	10605
1041	10625
1042	10645
1043	10667
1044	10707
1045	10752
1046	10782
1047	10810
1048	10831
1049	10853
1050	10889
1051	10929
1052	10970
1053	10995
1054	11017
1055	11033
1056	11043
1057	11064
1058	11088
1059	11124
1060	11164
1061	11175
1062	11186
1063	11199
1064	11220
1065	11248
1066	11290
1067	11328
1068	11345
1069	11358
1070	11382
1071	11407
1072	11447
1073	11515
1074	11548
1075	11591
1076	11621
1077	11639
1078	11733
1079	11753
1080	11810
1081	11845
1082	11947
1083	11977
1084	11993
1085	12025
1086	12076
1087	12122
1088	12211
1089	12274
1090	12329
1091	12378
1092	12413
1093	12450
1094	12490
1095	12555
1096	12585
1097	12625
1098	12652
1099	12676
1100	12764
1101	12826
1102	12894
1103	12938
1104	12979
1105	13012
1106	13080
1107	13129
1108	13182
1109	13253
1110	13296
1111	13340
1112	13371
1113	13409
1114	13438
1115	13483
1116	13534
1117	13572
1118	13598
1119	13631
1120	13672
1121	13720
1122	13959
1123	14004
1124	14076
1125	14109
1126	14145
1127	14194
1128	14341
1129	14394
1130	14438
1131	14484
1132	14523
1133	14545
1134	14590
1135	14637
1136	14690
1137	14742
1138	14793
1139	14836
1140	14875
1141	14921
1142	14988
1143	15072
1144	15113
1145	15146
1146	15185
1147	15222
1148	15277
1149	15331
1150	15385
1151	15467
1152	15524
1153	15565
1154	15615
1155	15679
1156	15757
1157	15826
1158	15891
1159	15990
1160	16020
1161	16060
1162	16134
1163	16213
1164	16309
1165	16396
1166	16455
1167	16495
1168	16527
1169	16613
1170	16698
1171	16761
1172	16826
1173	16910
1174	16951
1175	16991
1176	17096
1177	17148
1178	17209
1179	17265
1180	17338
1181	17366
1182	17393
1183	17443
1184	17560
1185	17634
1186	17703
1187	17774
1188	17820
1189	17855
1190	17901
1191	17978
1192	18046
1193	18123
1194	18238
1195	18275
1196	18310
1197	18399
1198	18479
1199	18535
1200	18616
1201	18681
1202	18720
1203	18761
1204	18853
1205	18905
1206	18968
1207	19156
1208	19234
1209	19270
1210	19306
1211	19382
1212	19436
1213	19574
1214	19647
1215	19752
1216	19802
1217	19832
1218	19904
1219	19982
1220	20066
1221	20147
1222	20302
1223	20348
1224	20388
1225	20459
1226	20549
1227	20648
1228	20712
1229	20795
1230	20843
1231	20885
1232	20957
1233	21024
1234	21111
1235	21195
1236	21288
1237	21372
1238	21417
1239	21479
1240	21544
1241	21618
1242	21691
1243	21770
1244	21826
1245	21869
1246	21938
1247	22013
1248	22096
1249	22160
1250	22220
1251	22273
1252	22322
1253	22437
1254	22524
1255	22648
1256	22749
1257	22815
1258	22876
1259	22921
1260	22995
1261	23068
1262	23147
1263	23233
1264	23374
1265	23428
1266	23478
1267	23674
1268	23743
1269	23855
1270	23933
1271	24008
1272	24043
1273	24103
1274	24168
1275	24258
1276	24379
1277	24470
1278	24719
1279	24774
1280	24825
1281	24889
1282	24990
1283	25098
1284	25217
1285	25315
1286	25372
1287	25414
1288	25521
1289	25597
1290	25696
1291	25779
1292	25876
1293	25943
1294	25994
1295	26070
1296	26204
1297	26325
1298	26415
1299	26528
1300	26603
1301	26668
1302	26805
1303	26925
1304	27005
1305	27122
1306	27225
1307	27279
1308	27357
1309	27539
1310	27626
1311	27714
1312	27793
1313	28070
1314	28128
1315	28195
1316	28298
1317	28426
1318	28565
1319	28741
1320	28822
1321	28903
1322	28982
1323	29084
1324	29240
1325	29443
1326	29604
1327	29689
1328	29755
1329	29822
1330	29951
1331	30103
1332	30253
1333	30344
1334	30469
1335	30540
1336	30641
1337	30782
1338	30897
1339	31057
1340	31253
1341	31355
1342	31427
1343	31489
1344	31609
1345	31699
1346	31921
1347	32029
1348	32152
1349	32213
1350	32284
1351	32382
1352	32489
1353	32584
1354	32712
1355	32835
1356	32916
1357	32980
1358	33096
1359	33201
1360	33318
1361	33500
1362	33605
1363	33676
1364	33753
1365	33910
1366	34056
1367	34193
1368	34320
1369	34448
1370	34515
1371	34587
1372	34690
1373	34830
1374	34969
1375	35056
1376	35178
1377	35264
1378	35368
1379	35619
1380	35716
1381	35826
1382	35948
1383	36094
1384	36218
1385	36290
1386	36438
1387	36642
1388	36826
1389	36928
1390	37108
1391	37173
1392	37264
1393	37415
1394	37560
1395	37720
1396	37819
1397	37944
1398	38018
1399	38095
1400	38232
1401	38401
1402	38567
1403	38700
1404	38880
1405	38980
1406	39062
1407	39211
1408	39335
1409	39587
1410	39807
1411	39977
1412	40069
1413	40204
1414	40333
1415	40462
1416	40708
1417	40942
1418	41108
1419	41197
1420	41297
1421	41408
1422	41596
1423	41762
1424	41889
1425	42027
1426	42105
1427	42162
1428	42253
1429	42407
1430	42542
1431	42690
1432	42830
1433	42933
1434	43018
1435	43181
1436	43426
1437	43581
1438	43844
1439	44044
1440	44176
1441	44297
1442	44491
1443	44750
1444	44995
1445	45214
1446	45408
1447	45509
1448	45635
1449	45827
1450	46120
1451	46390
1452	46630
1453	46819
1454	46964
1455	47106
1456	47304
1457	47555
1458	47789
1459	48000
1460	48268
1461	48437
1462	48608
1463	48934
1464	49166
1465	49428
1466	49717
1467	50012
1468	50204
1469	50377
1470	50595
1471	50897
1472	51216
1473	51443
1474	51658
1475	51837
1476	52059
1477	52348
1478	52694
1479	53051
1480	53412
1481	53907
1482	54133
1483	54380
1484	54708
1485	55040
1486	55400
1487	55917
1488	56276
1489	56552
1490	56808
1491	57249
1492	57589
1493	57884
1494	58122
1495	58467
1496	58676
1497	58856
1498	59090
1499	59361
1500	59594
1501	59901
1502	60195
1503	60384
1504	60530
1505	60777
1506	61073
1507	61368
1508	61746
1509	62076
1510	62267
1511	62490
1512	62856
1513	63277
1514	63677
1515	64055
1516	64399
1517	64650
1518	64872
1519	65188
1520	65594
1521	66004
1522	66458
1523	66881
1524	67129
1525	67342
1526	67730
1527	68152
1528	68494
1529	68857
1530	69274
1531	69535
1532	69715
1533	70033
1534	70512
1535	70992
1536	71538
1537	71886
1538	72191
1539	72452
1540	72789
1541	73184
1542	73567
1543	73986
1544	74343
1545	74597
1546	74849
1547	75262
1548	75679
1549	76246
1550	76643
1551	77065
1552	77335
1553	77542
1554	77944
1555	78303
1556	78675
1557	79050
1558	79396
1559	79682
1560	79896
1561	80325
1562	80669
1563	81096
1564	81597
1565	82043
1566	82315
1567	82581
1568	83021
1569	83477
1570	83854
1571	84245
1572	84609
1573	84848
1574	85058
1575	85473
1576	85963
1577	86445
1578	86887
1579	87342
1580	87659
1581	87914
1582	88330
1583	88898
1584	89417
1585	89895
1586	90417
1587	90726
1588	90989
1589	91432
1590	91864
1591	92321
1592	92779
1593	93262
1594	93563
1595	93843
1596	94374
1597	94919
1598	95365
1599	95806
1600	96214
1601	96467
1602	96757
1603	97195
1604	97715
1605	98182
1606	98692
1607	99132
1608	99381
1609	99656
1610	100139
1611	100696
1612	101220
1613	101706
1614	102189
1615	102516
1616	102817
1617	103284
1618	103833
1619	104286
1620	104768
1621	105261
1622	105513
1623	105761
1624	106256
1625	106834
1626	107342
1627	107950
1628	108493
1629	108852
1630	109149
1631	109718
1632	110299
1633	110821
1634	111340
1635	111826
1636	112177
1637	112471
1638	113040
1639	113525
1640	114102
1641	114616
1642	115150
1643	115433
1644	115762
1645	116339
1646	116918
1647	117622
1648	118773
1649	119854
1650	120442
1651	121004
1652	122067
1653	123273
1654	124387
1655	125318
1656	126152
1657	126747
1658	127299
1659	128263
1660	129461
1661	130532
1662	131509
1663	132467
1664	132993
1665	133527
1666	134400
1667	135349
1668	136346
1669	137291
1670	138196
1671	138849
1672	139403
1673	140346
1674	141259
1675	142233
1676	143117
1677	143884
1678	144425
1679	145029
1680	145758
1681	146662
1682	147546
1683	148405
1684	149179
1685	149716
1686	150241
1687	151114
1688	151927
1689	152855
1690	153716
1691	154404
1692	154901
1693	155451
1694	156198
1695	157087
1696	157859
1697	158660
1698	159402
1699	159923
1700	160366
1701	161147
1702	161964
1703	162947
1704	163908
1705	164593
1706	165103
1707	165513
1708	166228
1709	166873
1710	167187
1711	167530
1712	167860
1713	168049
1714	168225
1715	168600
1716	169065
1717	169523
1718	169923
1719	170350
1720	170589
1721	170832
1722	171249
1723	171656
1724	172050
1725	172441
1726	172795
1727	173024
1728	173230
1729	173606
1730	173991
1731	174399
1732	174771
1733	175121
1734	175375
1735	175627
1736	176091
1737	176520
1738	176953
1739	177327
1740	177685
1741	177964
1742	178245
1743	178712
1744	179387
1745	179942
1746	180752
1747	181561
1748	182197
1749	182709
1750	183506
1751	184312
1752	185137
1753	185909
1754	186635
1755	187171
1756	187576
1757	188107
1758	188617
1759	189032
1760	189370
1761	189633
1762	189894
1763	190153
1764	190524
1765	191008
1766	191428
1767	191963
1768	192521
1769	192904
1770	193299
1771	193894
1772	194503
1773	195118
1774	195728
1775	196337
1776	196707
1777	197075
1778	197649
1779	198247
1780	198983
1781	199680
1782	200262
1783	200676
1784	201012
1785	201633
1786	202201
1787	202536
1788	202830
1789	203147
1790	203321
1791	203455
1792	203658
1793	203840
1794	204217
1795	204797
1796	205336
1797	205708
1798	206014
1799	206181
1800	206331
1801	206653
1802	207020
1803	207294
1804	207496
1805	207713
1806	208152
1807	208827
1808	209671
1809	210415
1810	210990
1811	211242
1812	211503
1813	211832
1814	212211
1815	212628
1816	213183
1817	213779
1818	214177
1819	214572
1820	215121
1821	215684
1822	216380
1823	217104
1824	217695
1825	218237
1826	218714
1827	219433
1828	220115
1829	220819
1830	221523
1831	222223
1832	222784
1833	223264
1834	223902
1835	224614
1836	225427
1837	226243
1838	227011
1839	227590
1840	228041
1841	228757
1842	229457
1843	230200
1844	230860
1845	231530
1846	232096
1847	232658
1848	233527
1849	234355
1850	235232
1851	236111
1852	236955
1853	237602
1854	238092
1855	238789
1856	239687
1857	240594
1858	241468
1859	242373
1860	243057
1861	243637
1862	244457
1863	244984
1864	245612
1865	246248
1866	247092
1867	247681
1868	248269
1869	249105
1870	250043
1871	250956
1872	251694
1873	252547
1874	253164
1875	253747
1876	254636
1877	255606
1878	256515
1879	257425
1880	258241
1881	258791
1882	259010
1883	259343
1884	259967
1885	260799
1886	261475
1887	262069
1888	262436
1889	262838
1890	263413
1891	264062
1892	264740
1893	265368
1894	266029
1895	266615
1896	267104
1897	267924
1898	268649
1899	269459
1900	270324
1901	271132
1902	271685
1903	272179
1904	272872
1905	273642
1906	274421
1907	275218
1908	275879
1909	276424
1910	276900
1911	277682
1912	278441
1913	278932
1914	279328
1915	279720
1916	280167
1917	280742
1918	281578
1919	282367
1920	283026
1921	283806
1922	284524
1923	285059
1924	285538
1925	286305
1926	287068
1927	287949
1928	288744
1929	289442
1930	289948
1931	290455
1932	291319
1933	292158
1934	292952
1935	293717
1936	294455
1937	294921
1938	295425
1939	296179
1940	296659
1941	297216
1942	297706
1943	298292
1944	298819
1945	299295
1946	299973
1947	300798
1948	301649
1949	302621
1950	303221
1951	303589
1952	303813
1953	304229
1954	305073
1955	305921
1956	306752
1957	307561
1958	308067
1959	308592
1960	309254
1961	309960
1962	310747
1963	311569
1964	312267
1965	312917
1966	313650
1967	314422
1968	315337
1969	316188
1970	317036
1971	317789
1972	318212
1973	318736
1974	319500
1975	320347
1976	321123
1977	321991
1978	322869
1979	323393
1980	323913
1981	324853
1982	325861
1983	326843
1984	327971
1985	329181
1986	330196
1987	331450
1988	333077
1989	335239
1990	337938
1991	339710
1992	341031
1993	341881
1994	342733
1995	343863
1996	344993
1997	346096
1998	346874
1999	347366
2000	347883
2001	348380
2002	349317
2003	350280
2004	351202
2005	352123
2006	352902
2007	353385
2008	353905
2009	354772
2010	355648
2011	356371
2012	357214
2013	357994
2014	358471
2015	358893
2016	359603
2017	360338
2018	361091
2019	361815
2020	362562
2021	363066
2022	363587
2023	364231
2024	364623
2025	365454
2026	366160
2027	366827
2028	367298
2029	367687
2030	368492
2031	369307
2032	370183
2033	371009
2034	371742
2035	372203
2036	372685
2037	373400
2038	374222
2039	375092
2040	375885
2041	376455
2042	376880
2043	377267
2044	377888
2045	378569
2046	379335
2047	380066
2048	380745
2049	381160
2050	381555
2051	382235
2052	382965
2053	383750
2054	384511
2055	385250
2056	385548
2057	385734
2058	386161
2059	386585
2060	387219
2061	388007
2062	388752
2063	389325
2064	389851
2065	390649
2066	391383
2067	392187
2068	392942
2069	393680
2070	394196
2071	394761
2072	395552
2073	396370
2074	397044
2075	397727
2076	398448
2077	398941
2078	399388
2079	400134
2080	400979
2081	401830
2082	402632
2083	403357
2084	403923
2085	404407
2086	405146
2087	405944
2088	406835
2089	407597
2090	408322
2091	408811
2092	409223
2093	409935
2094	410667
2095	411485
2096	412332
2097	413081
2098	413507
2099	414004
2100	414822
2101	415585
2102	416378
2103	417098
2104	417747
2105	418248
2106	418754
2107	419472
2108	420269
2109	421078
2110	421864
2111	422657
2112	423208
2113	423690
2114	424536
2115	425344
2116	426120
2117	426932
2118	427624
2119	428138
2120	428670
2121	429479
2122	430340
2123	431105
2124	431950
2125	432658
2126	433187
2127	433664
2128	434425
2129	435198
2130	435982
2131	436666
2132	437245
2133	437641
2134	438091
2135	438821
2136	439577
2137	440319
2138	441079
2139	441770
2140	442258
2141	442721
2142	443432
2143	444196
2144	444919
2145	445623
2146	446269
2147	446701
2148	447118
2149	447794
2150	448485
2151	449126
2152	449804
2153	450338
2154	450728
2155	451146
2156	451676
2157	452161
2158	452572
2159	453061
2160	453602
2161	453935
2162	454282
2163	454783
2164	455207
2165	455506
2166	456057
2167	456625
2168	457020
2169	457458
2170	458082
2171	458926
2172	459721
2173	460557
2174	461300
2175	461729
2176	462185
2177	462879
2178	463572
2179	464271
2180	465015
2181	465671
2182	466159
2183	466638
2184	467345
2185	468091
2186	468825
2187	469616
2188	470367
2189	471007
2190	471518
2191	472089
2192	472534
2193	473246
2194	474060
2195	474784
2196	475254
2197	475797
2198	476497
2199	477253
2200	478080
2201	478877
2202	479584
2203	480183
2204	480715
2205	481495
2206	482263
2207	483037
2208	483902
2209	484646
2210	485231
2211	485767
2212	486622
2213	487482
2214	488303
2215	489188
2216	490030
2217	490673
2218	491179
2219	491999
2220	492848
2221	493759
2222	494579
2223	495398
2224	496020
2225	496564
2226	497371
2227	498240
2228	499471
2229	503325
2230	506517
2231	508510
2232	510459
2233	513341
2234	516426
2235	519416
2236	522393
2237	524898
2238	526630
2239	528308
2240	530997
2241	533937
2242	536767
2243	539248
2244	541556
2245	543174
2246	544701
2247	547085
2248	549459
2249	551717
2250	554137
2251	556224
2252	557654
2253	558986
2254	560648
2255	562708
2256	564860
2257	567049
2258	569150
2259	570527
2260	571901
2261	573861
2262	575922
2263	577896
2264	579802
2265	581635
2266	582911
2267	584135
2268	585619
2269	586929
2270	588785
2271	590382
2272	591868
2273	592735
2274	593760
2275	595324
2276	597372
2277	599359
2278	601116
2279	602883
2280	604057
2281	605240
2282	606904
2283	608738
2284	610427
2285	611764
2286	613099
2287	613649
2288	614596
2289	616286
2290	617900
2291	619437
2292	620809
2293	622294
2294	623097
2295	624143
2296	626443
2297	628614
2298	630596
2299	631575
2300	632332
2301	632956
2302	633995
2303	635861
2304	637768
2305	638987
2306	640058
2307	641131
2308	641797
2309	642701
2310	644161
2311	645338
2312	646384
2313	647431
2314	648358
2315	648998
2316	649532
2317	650482
2318	651394
2319	652432
2320	653386
2321	654375
2322	654940
2323	655444
2324	656354
2325	657427
2326	658439
2327	659459
2328	660387
2329	660896
2330	661350
2331	662168
2332	663134
2333	663997
2334	664954
2335	665788
2336	666365
2337	666908
2338	667803
2339	668719
2340	669559
2341	670404
2342	671287
2343	671758
2344	672225
2345	673121
2346	673950
2347	674803
2348	675527
2349	676089
2350	676494
2351	676987
2352	677816
2353	678727
2354	679606
2355	680465
2356	681246
2357	681762
2358	682171
2359	683052
2360	684030
2361	684914
2362	685636
2363	686419
2364	686906
2365	687348
2366	688168
2367	688959
2368	689882
2369	690716
2370	691495
2371	691980
2372	692514
2373	693311
2374	694060
2375	694912
2376	695686
2377	696454
2378	696860
2379	697283
2380	698058
2381	698814
2382	699485
2383	700442
2384	701222
2385	701710
2386	702174
2387	702879
2388	703666
2389	704505
2390	705238
2391	705851
2392	706273
2393	706711
2394	707459
2395	708201
2396	709166
2397	709860
2398	710578
2399	711049
2400	711445
2401	712129
2402	712973
2403	713881
2404	714694
2405	715423
2406	715851
2407	716154
2408	716617
2409	717373
2410	718080
2411	718626
2412	719214
2413	719662
2414	719954
2415	720652
2416	721408
2417	722102
2418	722786
2419	723415
2420	723957
2421	724391
2422	725229
2423	726238
2424	727243
2425	728276
2426	729281
2427	729969
2428	730452
2429	731256
2430	732180
2431	733177
2432	733970
2433	734798
2434	735362
2435	735847
2436	736686
2437	737588
2438	738237
2439	738973
2440	739770
2441	740348
2442	740866
2443	741558
2444	742277
2445	743043
2446	743935
2447	744599
2448	745161
2449	745598
2450	746301
2451	747096
2452	747826
2453	748590
2454	749247
2455	749797
2456	750294
2457	751104
2458	751889
2459	752690
2460	753414
2461	754122
2462	754665
2463	755104
2464	755933
2465	756753
2466	757496
2467	758197
2468	758874
2469	759357
2470	759828
2471	760583
2472	761319
2473	761916
2474	762301
2475	762722
2476	763062
2477	763384
2478	764005
2479	764763
2480	765509
2481	766395
2482	767265
2483	767967
2484	768615
2485	769496
2486	770389
2487	771262
2488	772170
2489	772906
2490	773545
2491	774101
2492	774906
2493	775702
2494	776492
2495	777181
2496	777837
2497	778368
2498	778935
2499	779698
2500	780431
2501	781378
2502	782223
2503	782922
2504	783653
2505	784243
2506	785127
2507	785947
2508	786669
2509	787582
2510	788669
2511	789385
2512	789992
2513	791023
2514	792039
2515	793254
2516	794540
2517	795641
2518	796466
2519	797219
2520	798366
2521	799396
2522	799968
2523	800404
2524	800921
2525	801407
2526	801893
2527	802638
2528	803323
2529	803843
2530	804241
2531	804803
2532	805340
2533	805919
2534	806863
2535	807869
2536	808779
2537	809864
2538	810693
2539	811269
2540	812021
2541	813359
2542	814800
2543	816125
2544	817497
2545	818749
2546	819449
2547	820081
2548	821021
2549	822042
2550	823044
2551	824081
2552	824969
2553	825643
2554	826301
2555	827268
2556	828292
2557	829296
2558	830308
2559	831223
2560	831903
2561	832504
2562	833534
2563	834641
2564	835656
2565	836695
2566	837687
2567	838338
2568	839006
2569	840092
2570	841172
2571	842160
2572	843176
2573	844093
2574	844622
2575	845189
2576	845990
2577	846798
2578	847580
2579	848564
2580	849428
2581	850254
2582	850869
2583	851589
2584	852586
2585	854877
2586	858485
2587	861855
2588	863898
2589	865648
2590	868141
2591	871331
2592	874794
2593	877619
2594	880031
2595	881543
2596	882969
2597	885252
2598	888207
2599	891251
2600	894396
2601	897162
2602	899192
2603	901351
2604	904299
2605	907417
2606	909960
2607	912124
2608	913967
2609	915274
2610	916532
2611	918601
2612	920888
2613	923046
2614	925441
2615	927587
2616	928789
2617	929994
2618	931816
2619	933835
2620	936385
2621	938805
2622	940383
2623	941423
2624	942399
2625	943828
2626	945575
2627	947414
2628	949134
2629	950848
2630	952021
2631	953073
2632	954758
2633	956471
2634	958210
2635	959857
2636	961333
2637	962374
2638	963317
2639	964918
2640	966628
2641	968230
2642	969776
2643	971194
2644	972200
2645	973183
2646	974721
2647	976747
2648	978256
2649	979710
2650	980812
2651	981697
2652	982588
2653	984024
2654	985471
2655	986943
2656	988449
2657	990279
2658	991672
2659	992911
2660	994883
2661	997061
2662	999088
2663	1000520
2664	1001768
2665	1002687
2666	1003535
2667	1004964
2668	1006339
2669	1007865
2670	1009430
2671	1010718
2672	1011548
2673	1012342
2674	1013592
2675	1014971
2676	1016361
2677	1018137
2678	1020050
2679	1020902
2680	1021797
2681	1023116
2682	1024521
2683	1026017
2684	1027375
2685	1028645
2686	1029506
2687	1030271
2688	1031670
2689	1033516
2690	1035170
2691	1036552
2692	1037775
2693	1038676
2694	1039552
2695	1040927
2696	1042547
2697	1044296
2698	1046049
2699	1047753
2700	1049017
2701	1050131
2702	1051884
2703	1053674
2704	1055534
2705	1057261
2706	1058518
2707	1059293
2708	1060090
2709	1061375
2710	1062683
2711	1063975
2712	1065428
2713	1066124
2714	1066466
2715	1066880
2716	1067609
2717	1068714
2718	1069750
2719	1070780
2720	1071718
2721	1072376
2722	1073104
2723	1074284
2724	1075259
2725	1076316
2726	1077243
2727	1078054
2728	1078725
2729	1079476
2730	1080618
2731	1081628
2732	1082756
2733	1083911
2734	1084832
2735	1085550
2736	1086239
2737	1087233
2738	1088311
2739	1089310
2740	1090204
2741	1090824
2742	1091436
2743	1092009
2744	1092998
2745	1093993
2746	1095111
2747	1096044
2748	1096950
2749	1097631
2750	1098304
2751	1099325
2752	1100359
2753	1101387
2754	1102388
2755	1103253
2756	1103899
2757	1104566
2758	1105451
2759	1106447
2760	1107433
2761	1108452
2762	1109417
2763	1110066
2764	1110728
2765	1111740
2766	1112709
2767	1113673
2768	1114723
2769	1115763
2770	1116447
2771	1117115
2772	1118334
2773	1120736
2774	1123208
2775	1125431
2776	1127432
2777	1128927
2778	1130592
2779	1132713
2780	1135274
2781	1137833
2782	1140465
2783	1142766
2784	1144530
2785	1146114
2786	1148543
2787	1150809
2788	1153130
2789	1155449
2790	1157630
2791	1159475
2792	1160895
2793	1163087
2794	1165225
2795	1167214
2796	1169342
2797	1171303
2798	1172802
2799	1174047
2800	1176103
2801	1178143
2802	1180174
2803	1181957
2804	1184252
2805	1186343
2806	1188289
2807	1191057
2808	1193277
2809	1194223
2810	1195128
2811	1195681
2812	1196003
2813	1196497
2814	1197251
2815	1198594
2816	1200080
2817	1201819
2818	1202923
2819	1203310
2820	1203641
2821	1204261
2822	1205240
2823	1206913
2824	1208551
2825	1209691
2826	1210159
2827	1210472
2828	1211144
2829	1211749
2830	1212691
2831	1213391
2832	1213938
2833	1214233
2834	1214531
2835	1215072
2836	1215887
2837	1216748
2838	1217957
2839	1218839
2840	1219171
2841	1219451
2842	1220539
2843	1222191
2844	1222972
2845	1223526
2846	1223976
2847	1224299
2848	1224601
2849	1225116
2850	1226135
2851	1227027
2852	1227887
2853	1228393
2854	1229339
2855	1229962
2856	1231064
2857	1231812
2858	1232501
2859	1233615
2860	1234606
2861	1235746
2862	1236780
2863	1238503
2864	1240151
2865	1241464
2866	1242245
2867	1243423
2868	1244523
2869	1245558
2870	1246223
2871	1246875
2872	1248309
2873	1249028
2874	1249438
2875	1249697
2876	1249914
2877	1250338
2878	1250782
2879	1251221
2880	1251589
2881	1251944
2882	1252185
2883	1252393
2884	1252754
2885	1253193
2886	1253494
2887	1253724
2888	1253908
2889	1254115
2890	1254298
2891	1254601
2892	1254903
2893	1255246
2894	1255482
2895	1255662
2896	1255856
2897	1256080
2898	1256435
2899	1256902
2900	1257313
2901	1258372
2902	1258829
2903	1259077
2904	1259282
2905	1259709
2906	1260243
2907	1260713
2908	1261172
2909	1261541
