1	1
2	1
3	1
4	1
5	1
6	1
7	1
8	1
9	1
10	1
11	1
12	1
13	1
14	1
15	1
16	1
17	1
18	1
19	1
20	1
21	1
22	1
23	1
24	3
25	3
26	3
27	3
28	3
29	3
30	3
31	3
32	3
33	3
34	3
35	3
36	3
37	3
38	3
39	3
40	3
41	3
42	3
43	3
44	3
45	3
46	3
47	3
48	3
49	4
50	4
51	24
52	25
53	25
54	25
55	26
56	26
57	26
58	27
59	27
60	28
61	29
62	29
63	29
64	29
65	30
66	30
67	30
68	30
69	30
70	30
71	30
72	30
73	30
74	30
75	30
76	30
77	30
78	31
79	31
80	32
81	32
82	34
83	35
84	37
85	38
86	39
87	39
88	39
89	39
90	39
91	41
92	42
93	42
94	42
95	42
96	42
97	44
98	44
99	44
100	45
101	45
102	46
103	46
104	46
105	46
106	47
107	47
108	47
109	47
110	49
111	49
112	52
113	53
114	54
115	54
116	54
117	54
118	54
119	54
120	55
121	57
122	58
123	58
124	58
125	58
126	60
127	61
128	61
129	61
130	61
131	63
132	63
133	63
134	64
135	64
136	64
137	64
138	64
139	64
140	64
141	66
142	66
143	66
144	66
145	66
146	66
147	66
148	68
149	68
150	68
151	69
152	69
153	69
154	70
155	72
156	72
157	72
158	73
159	73
160	73
161	73
162	74
163	74
164	75
165	75
166	75
167	75
168	75
169	77
170	80
171	80
172	81
173	81
174	82
175	84
176	84
177	85
178	85
179	85
180	85
181	85
182	85
183	85
184	85
185	86
186	87
187	87
188	89
189	89
190	91
191	91
192	91
193	91
194	91
195	93
196	93
197	94
198	94
199	94
200	94
201	94
202	97
203	97
204	97
205	97
206	97
207	97
208	98
209	98
210	98
211	99
212	99
213	99
214	99
215	100
216	100
217	100
218	101
219	101
220	101
221	103
222	104
223	105
224	105
225	108
226	108
227	108
228	108
229	108
230	108
231	108
232	108
233	109
234	109
235	109
236	109
237	109
238	109
239	109
240	111
241	111
242	112
243	112
244	113
245	114
246	114
247	115
248	116
249	116
250	117
251	117
252	117
253	117
254	119
255	119
256	119
257	120
258	120
259	122
260	122
261	123
262	123
263	124
264	124
265	124
266	126
267	126
268	126
269	127
270	127
271	128
272	129
273	129
274	131
275	132
276	132
277	132
278	133
279	133
280	134
281	134
282	135
283	137
284	137
285	137
286	138
287	139
288	141
289	142
290	143
291	144
292	147
293	147
294	149
295	150
296	151
297	151
298	152
299	152
300	152
301	152
302	152
303	155
304	155
305	155
306	159
307	160
308	161
309	161
310	161
311	161
312	162
313	163
314	163
315	164
316	164
317	165
318	167
319	167
320	167
321	168
322	168
323	169
324	169
325	169
326	170
327	170
328	172
329	172
330	172
331	172
332	172
333	172
334	173
335	175
336	177
337	178
338	180
339	181
340	181
341	182
342	183
343	183
344	184
345	185
346	185
347	186
348	189
349	193
350	193
351	194
352	196
353	196
354	196
355	196
356	197
357	197
358	200
359	202
360	204
361	205
362	205
363	206
364	206
365	206
366	208
367	209
368	209
369	210
370	212
371	213
372	215
373	216
374	217
375	219
376	219
377	219
378	221
379	221
380	226
381	229
382	229
383	232
384	233
385	235
386	238
387	240
388	240
389	242
390	243
391	244
392	245
393	245
394	248
395	250
396	251
397	252
398	252
399	253
400	256
401	260
402	260
403	260
404	260
405	263
406	263
407	264
408	266
409	268
410	269
411	269
412	269
413	270
414	273
415	275
416	276
417	276
418	278
419	278
420	279
421	281
422	283
423	285
424	285
425	286
426	286
427	286
428	287
429	287
430	288
431	289
432	290
433	290
434	291
435	292
436	293
437	295
438	297
439	298
440	298
441	299
442	299
443	299
444	300
445	303
446	305
447	307
448	310
449	314
450	315
451	315
452	318
453	321
454	322
455	324
456	326
457	329
458	329
459	331
460	333
461	335
462	337
463	338
464	340
465	340
466	341
467	342
468	342
469	343
470	343
471	343
472	344
473	345
474	346
475	348
476	348
477	350
478	352
479	352
480	353
481	354
482	361
483	361
484	363
485	364
486	368
487	374
488	375
489	376
490	377
491	379
492	381
493	381
494	382
495	386
496	386
497	389
498	390
499	392
500	392
501	392
502	392
503	393
504	393
505	393
506	395
507	397
508	399
509	400
510	402
511	409
512	409
513	411
514	414
515	415
516	417
517	418
518	421
519	423
520	425
521	426
522	426
523	429
524	429
525	437
526	439
527	442
528	442
529	443
530	445
531	448
532	450
533	450
534	452
535	452
536	470
537	471
538	474
539	476
540	481
541	481
542	483
543	483
544	486
545	494
546	495
547	498
548	501
549	504
550	517
551	518
552	519
553	526
554	526
555	531
556	532
557	534
558	535
559	535
560	536
561	540
562	542
563	544
564	546
565	547
566	551
567	554
568	555
569	560
570	562
571	566
572	570
573	573
574	574
575	576
576	578
577	579
578	579
579	587
580	588
581	590
582	592
583	595
584	596
585	596
586	597
587	601
588	602
589	603
590	611
591	614
592	615
593	616
594	616
595	619
596	621
597	622
598	623
599	625
600	626
601	626
602	631
603	632
604	632
605	633
606	633
607	636
608	638
609	651
610	653
611	655
612	657
613	659
614	663
615	670
616	671
617	672
618	675
619	677
620	678
621	681
622	688
623	690
624	695
625	695
626	699
627	700
628	702
629	706
630	707
631	708
632	710
633	712
634	715
635	717
636	721
637	723
638	725
639	729
640	732
641	735
642	738
643	740
644	742
645	745
646	750
647	750
648	751
649	752
650	756
651	757
652	757
653	758
654	760
655	764
656	765
657	769
658	775
659	778
660	780
661	784
662	786
663	789
664	792
665	799
666	801
667	804
668	805
669	806
670	807
671	809
672	811
673	815
674	815
675	816
676	818
677	821
678	826
679	831
680	834
681	835
682	838
683	840
684	844
685	852
686	855
687	858
688	862
689	865
690	867
691	870
692	871
693	872
694	876
695	879
696	882
697	888
698	889
699	890
700	895
701	899
702	901
703	903
704	906
705	911
706	913
707	915
708	918
709	921
710	926
711	929
712	931
713	933
714	936
715	937
716	940
717	941
718	945
719	946
720	949
721	953
722	954
723	958
724	959
725	960
726	964
727	966
728	971
729	974
730	979
731	982
732	984
733	988
734	988
735	1001
736	1008
737	1009
738	1011
739	1018
740	1019
741	1025
742	1027
743	1028
744	1028
745	1028
746	1036
747	1036
748	1037
749	1039
750	1042
751	1046
752	1047
753	1054
754	1060
755	1064
756	1065
757	1068
758	1072
759	1075
760	1079
761	1081
762	1085
763	1088
764	1090
765	1097
766	1100
767	1107
768	1109
769	1115
770	1118
771	1127
772	1130
773	1131
774	1133
775	1137
776	1138
777	1146
778	1151
779	1155
780	1157
781	1158
782	1162
783	1175
784	1183
785	1193
786	1301
787	1304
788	1306
789	1310
790	1312
791	1315
792	1324
793	1329
794	1331
795	1336
796	1340
797	1341
798	1343
799	1348
800	1353
801	1355
802	1360
803	1363
804	1364
805	1368
806	1379
807	1382
808	1385
809	1387
810	1394
811	1395
812	1404
813	1408
814	1413
815	1416
816	1416
817	1418
818	1421
819	1428
820	1430
821	1434
822	1437
823	1441
824	1448
825	1454
826	1455
827	1458
828	1459
829	1464
830	1465
831	1468
832	1473
833	1483
834	1487
835	1495
836	1495
837	1497
838	1500
839	1504
840	1512
841	1517
842	1523
843	1530
844	1530
845	1534
846	1540
847	1543
848	1550
849	1553
850	1554
851	1555
852	1560
853	1562
854	1566
855	1568
856	1595
857	1598
858	1598
859	1604
860	1611
861	1622
862	1631
863	1639
864	1642
865	1644
866	1647
867	1650
868	1654
869	1656
870	1659
871	1661
872	1665
873	1673
874	1676
875	1679
876	1686
877	1688
878	1693
879	1699
880	1700
881	1707
882	1709
883	1717
884	1722
885	1728
886	1733
887	1737
888	1743
889	1751
890	1764
891	1781
892	1783
893	1786
894	1790
895	1794
896	1800
897	1805
898	1813
899	1821
900	1824
901	1829
902	1835
903	1839
904	1845
905	1857
906	1861
907	1865
908	1872
909	1879
910	1884
911	1890
912	1897
913	1905
914	1916
915	1924
916	1930
917	1933
918	1936
919	1946
920	1954
921	1960
922	1965
923	1975
924	1991
925	1995
926	2004
927	2008
928	2013
929	2016
930	2021
931	2025
932	2031
933	2034
934	2038
935	2044
936	2053
937	2057
938	2064
939	2072
940	2081
941	2086
942	2088
943	2094
944	2106
945	2107
946	2110
947	2117
948	2121
949	2132
950	2138
951	2147
952	2152
953	2159
954	2184
955	2201
956	2209
957	2214
958	2221
959	2225
960	2240
961	2249
962	2251
963	2255
964	2261
965	2319
966	2326
967	2337
968	2344
969	2351
970	2358
971	2363
972	2374
973	2378
974	2388
975	2401
976	2407
977	2416
978	2426
979	2432
980	2441
981	2452
982	2464
983	2471
984	2476
985	2485
986	2496
987	2515
988	2531
989	2541
990	2548
991	2551
992	2553
993	2569
994	2579
995	2582
996	2592
997	2597
998	2601
999	2607
1000	2613
1001	2625
1002	2647
1003	2670
1004	2676
1005	2682
1006	2690
1007	2699
1008	2709
1009	2721
1010	2723
1011	2727
1012	2739
1013	2751
1014	2765
1015	2776
1016	2789
1017	2798
1018	2803
1019	2817
1020	2825
1021	2830
1022	2837
1023	2847
1024	2854
1025	2863
1026	2868
1027	2985
1028	2995
1029	3001
1030	3014
1031	3025
1032	3031
1033	3038
1034	3052
1035	3063
1036	3091
1037	3104
1038	3109
1039	3116
1040	3119
1041	3122
1042	3126
1043	3131
1044	3135
1045	3140
1046	3147
1047	3153
1048	3164
1049	3171
1050	3180
1051	3185
1052	3204
1053	3211
1054	3226
1055	3247
1056	3258
1057	3271
1058	3374
1059	3382
1060	3387
1061	3400
1062	3411
1063	3420
1064	3430
1065	3438
1066	3447
1067	3461
1068	3470
1069	3480
1070	3485
1071	3492
1072	3502
1073	3522
1074	3532
1075	3542
1076	3548
1077	3571
1078	3583
1079	3588
1080	3595
1081	3604
1082	3618
1083	3624
1084	3637
1085	3644
1086	3659
1087	3668
1088	3674
1089	3686
1090	3695
1091	3708
1092	3726
1093	3740
1094	3792
1095	3804
1096	3814
1097	3822
1098	3837
1099	3855
1100	3869
1101	3887
1102	3899
1103	3916
1104	3937
1105	3956
1106	3969
1107	3983
1108	3995
1109	4003
1110	4012
1111	4026
1112	4042
1113	4062
1114	4074
1115	4087
1116	4094
1117	4126
1118	4141
1119	4151
1120	4168
1121	4187
1122	4198
1123	4211
1124	4222
1125	4224
1126	4238
1127	4251
1128	4266
1129	4276
1130	4288
1131	4301
1132	4314
1133	4326
1134	4337
1135	4348
1136	4360
1137	4370
1138	4380
1139	4394
1140	4412
1141	4429
1142	4449
1143	4458
1144	4468
1145	4479
1146	4563
1147	4572
1148	4594
1149	4607
1150	4615
1151	4631
1152	4643
1153	4658
1154	4671
1155	4692
1156	4717
1157	4730
1158	4738
1159	4744
1160	4758
1161	4781
1162	4800
1163	4910
1164	4933
1165	4939
1166	4948
1167	4961
1168	4976
1169	4997
1170	5011
1171	5025
1172	5032
1173	5054
1174	5078
1175	5095
1176	5117
1177	5126
1178	5138
1179	5155
1180	5166
1181	5196
1182	5217
1183	5237
1184	5280
1185	5295
1186	5309
1187	5326
1188	5333
1189	5347
1190	5369
1191	5380
1192	5415
1193	5426
1194	5432
1195	5449
1196	5467
1197	5502
1198	5531
1199	5556
1200	5566
1201	5586
1202	5613
1203	5641
1204	5662
1205	5684
1206	5710
1207	5725
1208	5734
1209	5754
1210	5772
1211	5797
1212	5819
1213	5834
1214	5848
1215	5867
1216	5885
1217	5909
1218	5928
1219	5954
1220	5972
1221	5984
1222	6003
1223	6024
1224	6050
1225	6071
1226	6092
1227	6111
1228	6126
1229	6137
1230	6156
1231	6174
1232	6205
1233	6231
1234	6243
1235	6260
1236	6269
1237	6288
1238	6317
1239	6347
1240	6368
1241	6389
1242	6403
1243	6426
1244	6457
1245	6488
1246	6501
1247	6525
1248	6541
1249	6556
1250	6576
1251	6604
1252	6631
1253	6651
1254	6664
1255	6684
1256	6699
1257	6709
1258	6740
1259	6761
1260	6792
1261	6817
1262	6831
1263	6840
1264	6858
1265	6885
1266	6906
1267	6943
1268	6964
1269	7003
1270	7012
1271	7030
1272	7049
1273	7064
1274	7086
1275	7107
1276	7135
1277	7144
1278	7162
1279	7192
1280	7227
1281	7250
1282	7278
1283	7303
1284	7319
1285	7344
1286	7377
1287	7402
1288	7434
1289	7450
1290	7475
1291	7491
1292	7507
1293	7575
1294	7600
1295	7649
1296	7702
1297	7743
1298	7752
1299	7792
1300	7817
1301	7862
1302	7879
1303	7914
1304	7953
1305	8008
1306	8030
1307	8054
1308	8090
1309	8114
1310	8136
1311	8173
1312	8196
1313	8218
1314	8246
1315	8273
1316	8326
1317	8357
1318	8382
1319	8397
1320	8437
1321	8477
1322	8512
1323	8543
1324	8620
1325	8640
1326	8662
1327	8671
1328	8694
1329	8725
1330	8757
1331	8786
1332	8802
1333	8822
1334	8844
1335	8862
1336	8883
1337	9001
1338	9019
1339	9036
1340	9051
1341	9059
1342	9105
1343	9135
1344	9164
1345	9183
1346	9209
1347	9226
1348	9245
1349	9279
1350	9314
1351	9339
1352	9372
1353	9409
1354	9424
1355	9484
1356	9514
1357	9549
1358	9582
1359	9607
1360	9638
1361	9666
1362	9685
1363	9724
1364	9770
1365	9810
1366	9875
1367	9902
1368	9934
1369	9958
1370	9994
1371	10031
1372	10066
1373	10086
1374	10109
1375	10121
1376	10140
1377	10177
1378	10213
1379	10247
1380	10294
1381	10327
1382	10360
1383	10378
1384	10414
1385	10448
1386	10470
1387	10508
1388	10569
1389	10588
1390	10609
1391	10657
1392	10684
1393	10764
1394	10802
1395	10868
1396	10903
1397	10942
1398	10982
1399	11018
1400	11062
1401	11095
1402	11252
1403	11263
1404	11276
1405	11291
1406	11330
1407	11362
1408	11403
1409	11427
1410	11446
1411	11470
1412	11495
1413	11541
1414	11636
1415	11669
1416	11709
1417	11736
1418	11767
1419	11801
1420	11863
1421	11924
1422	11984
1423	12027
1424	12060
1425	12097
1426	12142
1427	12204
1428	12250
1429	12301
1430	12367
1431	12397
1432	12479
1433	12513
1434	12570
1435	12626
1436	12688
1437	12721
1438	12756
1439	12790
1440	12852
1441	12913
1442	12961
1443	13009
1444	13068
1445	13104
1446	13153
1447	13198
1448	13255
1449	13306
1450	13378
1451	13429
1452	13469
1453	13531
1454	13605
1455	13690
1456	13813
1457	13890
1458	13951
1459	13997
1460	14060
1461	14119
1462	14196
1463	14279
1464	14370
1465	14440
1466	14492
1467	14552
1468	14622
1469	14699
1470	14781
1471	14826
1472	14875
1473	14926
1474	14972
1475	15026
1476	15086
1477	15140
1478	15253
1479	15293
1480	15333
1481	15373
1482	15418
1483	15467
1484	15513
1485	15574
1486	15634
1487	15686
1488	15742
1489	15803
1490	15905
1491	15975
1492	16053
1493	16115
1494	16161
1495	16208
1496	16260
1497	16327
1498	16458
1499	16545
1500	16732
1501	16788
1502	16834
1503	16901
1504	16982
1505	17049
1506	17101
1507	17161
1508	17205
1509	17247
1510	17308
1511	17420
1512	17629
1513	17695
1514	17761
1515	17801
1516	17852
1517	17918
1518	18009
1519	18117
1520	18193
1521	18256
1522	18307
1523	18366
1524	18418
1525	18501
1526	18636
1527	18706
1528	18772
1529	18837
1530	18893
1531	18966
1532	19025
1533	19074
1534	19142
1535	19228
1536	19452
1537	19506
1538	19587
1539	19654
1540	19730
1541	19818
1542	19886
1543	19953
1544	19999
1545	20072
1546	20198
1547	20285
1548	20346
1549	20479
1550	20520
1551	20564
1552	20648
1553	20723
1554	20801
1555	20910
1556	20991
1557	21037
1558	21079
1559	21163
1560	21228
1561	21313
1562	21380
1563	21451
1564	21511
1565	21568
1566	21658
1567	21753
1568	21836
1569	22010
1570	22088
1571	22165
1572	22216
1573	22293
1574	22370
1575	22464
1576	22544
1577	22610
1578	22665
1579	22713
1580	22810
1581	22880
1582	22974
1583	23061
1584	23222
1585	23267
1586	23325
1587	23443
1588	23530
1589	23600
1590	23669
1591	23732
1592	23791
1593	23868
1594	23951
1595	24012
1596	24076
1597	24154
1598	24244
1599	24303
1600	24352
1601	24419
1602	24493
1603	24583
1604	24667
1605	24743
1606	24794
1607	24864
1608	24946
1609	25033
1610	25120
1611	25227
1612	25276
1613	25320
1614	25365
1615	25448
1616	25525
1617	25587
1618	25667
1619	25727
1620	25782
1621	25830
1622	25912
1623	26011
1624	26110
1625	26252
1626	26396
1627	26491
1628	26575
1629	26727
1630	26855
1631	26970
1632	27084
1633	27170
1634	27224
1635	27300
1636	27423
1637	27549
1638	27662
1639	27752
1640	27848
1641	27916
1642	27987
1643	28068
1644	28154
1645	28247
1646	28323
1647	28398
1648	28473
1649	28535
1650	28617
1651	28740
1652	28826
1653	28919
1654	29045
1655	29114
1656	29173
1657	29280
1658	29413
1659	29661
1660	29755
1661	29836
1662	29913
1663	29980
1664	30081
1665	30148
1666	30345
1667	30437
1668	30530
1669	30581
1670	30673
1671	30758
1672	30862
1673	30954
1674	31023
1675	31121
1676	31188
1677	31249
1678	31331
1679	31429
1680	31545
1681	31609
1682	31741
1683	31799
1684	31847
1685	31944
1686	32023
1687	32108
1688	32176
1689	32242
1690	32303
1691	32354
1692	32413
1693	32495
1694	32582
1695	32676
1696	32736
1697	32780
1698	32845
1699	32912
1700	32988
1701	33074
1702	33152
1703	33234
1704	33284
1705	33316
1706	33378
1707	33470
1708	33531
1709	33602
1710	33685
1711	33736
1712	33779
1713	33856
1714	33943
1715	34005
1716	34082
1717	34194
1718	34243
1719	34294
1720	34374
1721	34559
1722	34656
1723	34773
1724	34892
1725	34956
1726	35043
1727	35165
1728	35281
1729	35436
1730	35557
1731	35677
1732	35750
1733	35834
1734	35943
1735	36030
1736	36102
1737	36181
1738	36247
1739	36292
1740	36354
1741	36435
1742	36536
1743	36600
1744	36700
1745	36838
1746	36914
1747	37002
1748	37129
1749	37235
1750	37336
1751	37447
1752	37537
1753	37606
1754	37682
1755	37795
1756	37914
1757	38022
1758	38134
1759	38228
1760	38293
1761	38352
1762	38443
1763	38552
1764	38627
1765	38696
1766	38775
1767	38812
1768	38861
1769	38910
1770	38946
1771	39022
1772	39109
1773	39197
1774	39282
1775	39364
1776	39412
1777	39447
1778	39518
1779	39628
1780	39703
1781	39746
1782	39802
1783	39893
1784	40016
1785	40129
1786	40249
1787	40355
1788	40405
1789	40455
1790	40539
1791	40617
1792	40714
1793	40816
1794	40932
1795	41024
1796	41107
1797	41224
1798	41338
1799	41483
1800	41618
1801	41710
1802	41802
1803	41873
1804	41968
1805	42097
1806	42242
1807	42370
1808	42481
1809	42576
1810	42672
1811	42783
1812	42891
1813	43023
1814	43142
1815	43282
1816	43371
1817	43455
1818	43547
1819	43679
1820	43807
1821	43936
1822	44060
1823	44160
1824	44277
1825	44416
1826	44593
1827	44713
1828	44901
1829	45064
1830	45169
1831	45270
1832	45377
1833	45529
1834	45656
1835	45805
1836	45921
1837	46012
1838	46109
1839	46224
1840	46321
1841	46429
1842	46567
1843	46819
1844	46961
1845	47058
1846	47185
1847	47353
1848	47499
1849	47653
1850	47805
1851	47935
1852	48067
1853	48221
1854	48400
1855	48633
1856	48870
1857	49072
1858	49209
1859	49261
1860	49337
1861	49505
1862	49698
1863	49883
1864	50044
1865	50151
1866	50264
1867	50402
1868	50570
1869	50735
1870	50874
1871	51037
1872	51152
1873	51289
1874	51446
1875	51591
1876	51793
1877	51989
1878	52136
1879	52241
1880	52360
1881	52481
1882	52677
1883	52841
1884	52994
1885	53150
1886	53261
1887	53385
1888	53526
1889	53700
1890	53810
1891	53895
1892	53980
1893	54070
1894	54200
1895	54408
1896	54554
1897	54717
1898	54882
1899	55032
1900	55139
1901	55258
1902	55403
1903	55561
1904	55737
1905	55916
1906	56086
1907	56193
1908	56295
1909	56468
1910	56617
1911	56784
1912	56944
1913	57092
1914	57187
1915	57299
1916	57420
1917	57556
1918	57670
1919	57781
1920	57901
1921	58012
1922	58124
1923	58271
1924	58449
1925	58605
1926	58766
1927	58866
1928	58936
1929	59005
1930	59101
1931	59240
1932	59391
1933	59541
1934	59701
1935	59804
1936	59920
1937	60058
1938	60189
1939	60316
1940	60461
1941	60589
1942	60669
1943	60756
1944	60872
1945	61000
1946	61156
1947	61308
1948	61443
1949	61597
1950	61787
1951	62022
1952	62266
1953	62496
1954	62734
1955	62975
1956	63121
1957	63268
1958	63508
1959	63758
1960	64019
1961	64214
1962	64438
1963	64621
1964	64791
1965	65052
1966	65299
1967	65559
1968	65751
1969	65948
1970	66099
1971	66237
1972	66475
1973	66715
1974	66949
1975	67145
1976	67278
1977	67407
1978	67563
1979	67788
1980	68033
1981	68267
1982	68489
1983	68698
1984	68892
1985	69041
1986	69237
1987	69465
1988	69631
1989	69858
1990	70063
1991	70229
1992	70343
1993	70538
1994	70710
1995	70903
1996	71098
1997	71268
1998	71408
1999	71576
2000	71729
2001	71828
2002	72052
2003	72240
2004	72436
2005	72579
2006	72706
2007	72909
2008	73106
2009	73314
2010	73512
2011	73673
2012	73821
2013	73945
2014	74090
2015	74286
2016	74476
2017	74686
2018	74863
2019	75028
2020	75202
2021	75447
2022	75691
2023	75956
2024	76240
2025	76499
2026	76663
2027	76837
2028	77065
2029	77348
2030	77569
2031	77806
2032	78043
2033	78119
2034	78188
2035	78303
2036	78451
2037	78667
2038	78917
2039	79174
2040	79375
2041	79591
2042	79824
2043	80067
2044	80353
2045	80624
2046	80840
2047	81028
2048	81248
2049	81496
2050	81703
2051	81880
2052	82091
2053	82264
2054	82386
2055	82524
2056	82720
2057	82917
2058	83137
2059	83363
2060	83549
2061	83697
2062	83838
2063	84032
2064	84230
2065	84420
2066	84619
2067	84773
2068	84927
2069	85052
2070	85246
2071	85453
2072	85641
2073	85831
2074	86012
2075	86112
2076	86258
2077	86471
2078	86707
2079	86896
2080	87081
2081	87247
2082	87397
2083	87547
2084	87736
2085	88010
2086	88208
2087	88466
2088	88801
2089	89081
2090	89341
2091	89636
2092	89979
2093	90300
2094	90620
2095	90954
2096	91169
2097	91394
2098	91708
2099	92028
2100	92304
2101	92610
2102	92877
2103	93064
2104	93245
2105	93506
2106	93738
2107	93971
2108	94198
2109	94369
2110	94510
2111	94724
2112	94940
2113	95161
2114	95394
2115	95638
2116	95842
2117	96002
2118	96194
2119	96424
2120	96654
2121	96870
2122	97135
2123	97296
2124	97436
2125	97584
2126	97780
2127	97980
2128	98182
2129	98357
2130	98578
2131	98698
2132	98855
2133	99021
2134	99175
2135	99303
2136	99443
2137	99582
2138	99710
2139	99823
2140	99990
2141	100140
2142	100228
2143	100393
2144	100560
2145	100681
2146	100814
2147	101019
2148	101214
2149	101480
2150	101739
2151	102035
2152	102234
2153	102545
2154	102913
2155	103299
2156	103642
2157	103996
2158	104295
2159	104530
2160	104750
2161	105056
2162	105382
2163	105664
2164	106004
2165	106265
2166	106464
2167	106662
2168	106928
2169	107083
2170	107513
2171	107974
2172	108205
2173	108397
2174	108607
2175	108838
2176	109096
2177	109343
2178	109594
2179	109876
2180	110029
2181	110224
2182	110507
2183	110867
2184	111201
2185	111445
2186	111669
2187	111804
2188	111953
2189	112195
2190	112415
2191	112661
2192	112931
2193	113144
2194	113321
2195	113480
2196	113721
2197	113990
2198	114263
2199	114493
2200	114718
2201	114896
2202	115044
2203	115268
2204	115528
2205	115795
2206	116238
2207	116631
2208	116909
2209	117163
2210	117535
2211	118081
2212	118447
2213	118784
2214	119105
2215	119339
2216	119555
2217	119964
2218	120341
2219	120669
2220	121008
2221	121340
2222	121549
2223	121757
2224	122038
2225	122340
2226	122652
2227	122972
2228	123246
2229	123434
2230	123631
2231	123831
2232	124106
2233	124353
2234	124641
2235	124919
2236	125114
2237	125294
2238	125526
2239	125784
2240	126041
2241	126295
2242	126506
2243	126685
2244	126889
2245	127068
2246	127207
2247	127461
2248	127642
2249	127909
2250	128019
2251	128157
2252	128378
2253	128679
2254	128981
2255	129302
2256	129555
2257	129717
2258	129950
2259	130329
2260	130728
2261	131053
2262	131377
2263	131636
2264	131763
2265	131963
2266	132218
2267	132585
2268	132873
2269	133186
2270	133467
2271	133598
2272	133780
2273	134147
2274	134462
2275	134991
2276	135172
2277	135316
2278	135535
2279	135684
2280	135923
2281	136180
2282	136362
2283	136596
2284	136780
2285	136901
2286	137077
2287	137284
2288	137470
2289	137705
2290	137922
2291	138243
2292	138352
2293	138471
2294	138656
2295	138969
2296	139164
2297	139353
2298	139570
2299	139752
2300	139889
2301	140082
2302	140251
2303	140418
2304	140586
2305	140877
2306	140957
2307	141069
2308	141236
2309	141422
2310	141598
2311	141880
2312	142042
2313	142157
2314	142258
2315	142437
2316	142642
2317	142959
2318	143351
2319	143760
2320	143928
2321	144153
2322	144439
2323	144738
2324	145110
2325	145534
2326	145692
2327	145821
2328	145952
2329	146226
2330	146494
2331	146697
2332	146940
2333	147126
2334	147255
2335	147376
2336	147599
2337	147792
2338	147985
2339	148189
2340	148405
2341	148523
2342	148658
2343	148878
2344	149091
2345	149318
2346	149552
2347	149762
2348	149864
2349	149982
2350	150211
2351	150473
2352	150720
2353	150895
2354	151119
2355	151220
2356	151337
2357	151508
2358	151818
2359	151959
2360	152118
2361	152277
2362	152369
2363	152482
2364	152647
2365	152844
2366	153054
2367	153240
2368	153366
2369	153451
2370	153554
2371	153816
2372	153962
2373	154090
2374	154322
2375	154688
2376	154889
2377	155073
2378	155274
2379	155625
2380	155908
2381	156273
2382	156470
2383	156579
2384	156679
2385	156825
2386	157045
2387	157212
2388	157389
2389	157651
2390	157766
2391	157882
2392	158032
2393	158188
2394	158403
2395	158577
2396	158775
2397	158881
2398	158971
2399	159243
2400	159467
2401	159784
2402	160020
2403	160279
2404	160423
2405	160516
2406	160785
2407	161033
2408	161275
2409	161547
2410	161811
2411	161934
2412	162055
2413	162269
2414	162465
2415	162747
2416	162931
2417	163143
2418	163278
2419	163391
2420	163661
2421	163845
2422	164065
2423	164293
2424	164506
2425	164619
2426	164829
2427	165152
2428	165506
2429	165957
2430	166340
2431	166653
2432	166867
2433	167049
2434	167339
2435	167683
2436	167954
2437	168248
2438	168539
2439	168776
2440	168919
2441	169278
2442	169609
2443	169893
2444	170146
2445	170375
2446	170500
2447	170631
2448	170864
2449	171063
2450	171294
2451	171463
2452	171593
2453	171702
2454	171827
2455	172015
2456	172223
2457	172484
2458	172848
2459	173162
2460	173358
2461	173600
2462	173904
2463	174181
2464	174440
2465	174666
2466	174869
2467	175046
2468	175225
2469	175451
2470	175680
2471	175938
2472	176149
2473	176319
2474	176460
2475	176618
2476	176838
2477	177040
2478	177272
2479	177499
2480	177697
2481	177871
2482	178054
2483	178312
2484	178566
2485	178840
2486	179073
2487	179414
2488	179618
2489	179771
2490	180023
2491	180279
2492	180572
2493	180870
2494	181173
2495	181360
2496	181568
2497	181847
2498	182078
2499	182213
2500	182317
2501	182439
2502	182569
2503	182693
2504	182852
2505	183029
2506	183157
2507	183245
2508	183442
2509	183665
2510	183947
2511	184294
2512	184629
2513	184953
2514	185250
2515	185525
2516	185719
2517	186020
2518	186429
2519	186812
2520	187212
2521	187597
2522	187984
2523	188182
2524	188354
2525	188597
2526	188834
2527	189090
2528	189338
2529	189575
2530	189716
2531	189875
2532	190096
2533	190335
2534	190561
2535	190810
2536	191218
2537	191501
2538	191750
2539	192101
2540	192471
2541	192880
2542	193344
2543	193702
2544	193935
2545	194146
2546	194425
2547	194736
2548	195030
2549	195307
2550	195535
2551	195683
2552	195866
2553	196101
2554	196339
2555	196541
2556	196790
2557	197025
2558	197247
2559	197427
2560	197631
2561	197887
2562	198211
2563	198643
2564	199118
2565	199382
2566	199614
2567	199940
2568	200264
2569	200660
2570	200970
2571	201219
2572	201397
2573	201595
2574	201877
2575	202177
2576	202512
2577	202875
2578	203208
2579	203433
2580	203685
2581	204065
2582	204460
2583	204770
2584	205022
2585	205247
2586	205407
2587	205584
2588	206077
2589	206528
2590	206970
2591	207511
2592	207899
2593	208102
2594	208327
2595	208713
2596	209081
2597	209556
2598	209991
2599	210277
2600	210451
2601	210628
2602	210861
2603	211161
2604	211462
2605	211758
2606	212058
2607	212254
2608	212427
2609	212658
2610	212947
2611	213197
2612	213553
2613	213937
2614	214186
2615	214444
2616	214828
2617	215186
2618	215580
2619	215944
2620	216232
2621	216432
2622	216658
2623	216957
2624	217366
2625	217682
2626	217963
2627	218177
2628	218371
2629	218563
2630	218869
2631	219160
2632	219458
2633	219718
2634	220058
2635	220253
2636	220505
2637	220842
2638	221349
2639	221944
2640	222395
2641	222758
2642	223020
2643	223259
2644	223633
2645	224022
2646	224337
2647	224675
2648	224936
2649	225110
2650	225289
2651	225518
2652	225784
2653	226065
2654	226428
2655	226773
2656	226939
2657	227110
2658	227369
2659	227646
2660	227935
2661	228183
2662	228381
2663	228529
2664	228787
2665	229203
2666	229795
2667	230259
2668	230650
2669	231000
2670	231217
2671	231455
2672	231786
2673	232147
2674	232541
2675	232921
2676	233332
2677	233544
2678	233805
2679	234211
2680	234597
2681	234967
2682	235293
2683	235570
2684	235727
2685	235884
2686	236120
2687	236425
2688	236657
2689	237092
2690	237341
2691	237434
2692	237551
2693	237757
2694	238081
2695	238404
2696	238662
2697	238939
2698	239146
2699	239340
2700	239625
2701	239913
2702	240163
2703	240403
2704	240714
2705	240893
2706	241091
2707	241348
2708	241671
2709	241951
2710	242217
2711	242454
2712	242631
2713	242821
2714	243072
2715	243314
2716	243563
2717	243860
2718	244031
2719	244222
2720	244397
2721	244681
2722	244965
2723	245301
2724	245571
2725	245797
2726	245946
2727	246129
2728	246380
2729	246603
2730	246877
2731	247237
2732	247625
2733	247875
2734	248100
2735	248448
2736	248773
2737	249096
2738	249415
2739	249685
2740	249901
2741	250093
2742	250412
2743	250711
2744	251028
2745	251307
2746	251562
2747	251694
2748	251857
2749	252034
2750	252385
2751	252751
2752	253089
2753	253472
2754	253723
2755	253970
2756	254323
2757	254721
2758	255166
2759	255561
2760	255896
2761	256115
2762	256322
2763	256646
2764	256980
2765	257262
2766	257599
2767	257970
2768	258197
2769	258431
2770	258823
2771	259138
2772	259504
2773	259788
2774	260184
2775	260398
2776	260648
2777	260987
2778	261351
2779	261717
2780	262065
2781	262431
2782	262742
2783	263093
2784	263613
2785	264008
2786	264249
2787	264490
2788	264644
2789	264726
2790	264860
2791	265053
2792	265350
2793	265720
2794	266125
2795	266364
2796	266457
2797	266519
2798	266667
2799	266892
2800	267230
2801	267545
2802	267774
2803	267849
2804	267919
2805	268047
2806	268175
2807	268326
2808	268462
2809	268565
2810	268626
2811	268677
2812	268799
2813	269040
2814	269288
2815	269592
2816	269855
2817	269948
2818	270025
2819	270274
2820	270610
2821	270770
2822	270975
2823	271108
2824	271186
2825	271270
2826	271377
2827	271597
2828	271787
2829	271981
2830	272107
2831	272263
2832	272381
2833	272579
2834	272758
2835	272918
2836	273111
2837	273299
2838	273542
2839	273809
2840	274163
2841	274461
2842	274748
2843	274909
2844	275266
2845	275589
2846	275881
2847	276058
2848	276299
2849	276645
2850	276828
2851	276952
2852	277036
2853	277097
2854	277202
2855	277314
2856	277450
2857	277555
2858	277640
2859	277698
2860	277760
2861	277846
2862	277941
2863	278024
2864	278094
2865	278138
2866	278203
2867	278255
2868	278353
2869	278462
2870	278562
2871	278647
2872	278731
2873	278859
2874	278985
2875	279171
2876	279355
2877	279527
2878	279865
2879	280047
2880	280145
2881	280256
2882	280457
2883	280599
2884	280753
2885	280906
2886	281018
