1	1
2	1
3	1
4	1
5	1
6	1
7	2
8	2
9	2
10	2
11	2
12	2
13	2
14	2
15	2
16	2
17	2
18	2
19	2
20	2
21	2
22	2
23	2
24	2
25	2
26	2
27	2
28	2
29	2
30	2
31	2
32	2
33	2
34	2
35	2
36	2
37	2
38	2
39	2
40	2
41	2
42	2
43	2
44	2
45	2
46	2
47	2
48	2
49	2
50	2
51	2
52	2
53	2
54	2
55	2
56	2
57	2
58	2
59	2
60	2
61	2
62	2
63	2
64	2
65	2
66	2
67	2
68	2
69	2
70	2
71	2
72	2
73	2
74	2
75	2
76	2
77	2
78	2
79	2
80	2
81	2
82	2
83	2
84	2
85	2
86	2
87	2
88	2
89	2
90	2
91	2
92	2
93	2
94	2
95	2
96	2
97	2
98	2
99	2
100	2
101	2
102	2
103	2
104	2
105	2
106	2
107	2
108	2
109	2
110	2
111	2
112	2
113	2
114	2
115	2
116	2
117	2
118	2
119	2
120	2
121	2
122	2
123	2
124	2
125	2
126	2
127	2
128	2
129	2
130	2
131	2
132	2
133	2
134	2
135	2
136	2
137	2
138	2
139	2
140	2
141	2
142	2
143	2
144	2
145	2
146	2
147	2
148	2
149	2
150	2
151	2
152	2
153	2
154	2
155	2
156	2
157	2
158	2
159	2
160	2
161	2
162	2
163	2
164	2
165	2
166	2
167	2
168	2
169	2
170	2
171	2
172	2
173	2
174	2
175	2
176	2
177	2
178	2
179	2
180	2
181	2
182	2
183	2
184	2
185	2
186	2
187	2
188	2
189	2
190	2
191	2
192	2
193	2
194	2
195	2
196	2
197	2
198	2
199	2
200	2
201	2
202	2
203	2
204	2
205	2
206	2
207	2
208	2
209	2
210	2
211	2
212	2
213	2
214	2
215	2
216	2
217	2
218	2
219	2
220	2
221	2
222	2
223	2
224	2
225	2
226	2
227	2
228	2
229	2
230	2
231	2
232	2
233	2
234	2
235	2
236	2
237	2
238	2
239	2
240	2
241	2
242	2
243	2
244	2
245	2
246	2
247	2
248	2
249	2
250	2
251	2
252	2
253	2
254	2
255	2
256	2
257	2
258	2
259	2
260	2
261	2
262	2
263	2
264	2
265	2
266	2
267	2
268	2
269	2
270	2
271	2
272	2
273	2
274	2
275	2
276	2
277	2
278	2
279	3
280	3
281	3
282	3
283	3
284	3
285	3
286	4
287	4
288	4
289	4
290	4
291	4
292	4
293	4
294	4
295	4
296	4
297	4
298	4
299	4
300	4
301	4
302	4
303	4
304	4
305	4
306	4
307	4
308	4
309	4
310	4
311	4
312	4
313	4
314	4
315	4
316	4
317	4
318	4
319	4
320	4
321	4
322	4
323	4
324	4
325	4
326	4
327	4
328	4
329	4
330	4
331	4
332	4
333	4
334	4
335	4
336	4
337	4
338	4
339	4
340	4
341	4
342	4
343	4
344	4
345	4
346	4
347	4
348	4
349	4
350	4
351	4
352	4
353	4
354	4
355	4
356	4
357	4
358	4
359	4
360	4
361	4
362	4
363	4
364	4
365	4
366	4
367	4
368	4
369	4
370	4
371	4
372	4
373	4
374	4
375	4
376	4
377	4
378	4
379	4
380	4
381	4
382	4
383	4
384	4
385	4
386	4
387	4
388	4
389	4
390	4
391	4
392	4
393	4
394	4
395	4
396	4
397	4
398	4
399	4
400	4
401	4
402	5
403	5
404	5
405	5
406	5
407	5
408	5
409	5
410	5
411	5
412	5
413	5
414	5
415	5
416	5
417	5
418	5
419	5
420	5
421	5
422	5
423	5
424	5
425	5
426	5
427	5
428	5
429	5
430	5
431	5
432	5
433	5
434	5
435	5
436	5
437	5
438	5
439	5
440	5
441	5
442	5
443	5
444	5
445	5
446	5
447	5
448	5
449	5
450	5
451	5
452	5
453	5
454	5
455	5
456	5
457	5
458	5
459	5
460	5
461	5
462	5
463	5
464	5
465	5
466	5
467	5
468	5
469	5
470	5
471	5
472	5
473	5
474	6
475	6
476	6
477	6
478	6
479	6
480	6
481	6
482	6
483	6
484	6
485	6
486	6
487	6
488	6
489	6
490	6
491	6
492	6
493	6
494	6
495	6
496	6
497	6
498	6
499	6
500	6
501	6
502	6
503	6
504	6
505	6
506	6
507	6
508	6
509	6
510	6
511	6
512	6
513	6
514	11
515	11
516	11
517	11
518	11
519	11
520	11
521	11
522	11
523	11
524	11
525	33
526	33
527	33
528	33
529	33
530	33
531	33
532	33
533	33
534	33
535	33
536	33
537	33
538	33
539	33
540	33
541	33
542	33
543	33
544	33
545	33
546	33
547	33
548	33
549	33
550	33
551	34
552	34
553	34
554	34
555	34
556	34
557	34
558	34
559	34
560	34
561	34
562	34
563	34
564	34
565	34
566	34
567	34
568	34
569	34
570	34
571	34
572	34
573	34
574	34
575	34
576	34
577	34
578	34
579	34
580	35
581	35
582	35
583	35
584	35
585	35
586	35
587	35
588	35
589	35
590	35
591	35
592	35
593	35
594	35
595	35
596	35
597	35
598	35
599	35
600	35
601	35
602	35
603	35
604	35
605	35
606	35
607	35
608	35
609	35
610	35
611	35
612	35
613	35
614	35
615	35
616	35
617	36
618	36
619	36
620	36
621	36
622	36
623	37
624	37
625	37
626	37
627	37
628	37
629	37
630	37
631	37
632	37
633	37
634	37
635	38
636	38
637	38
638	38
639	38
640	38
641	38
642	38
643	38
644	38
645	38
646	38
647	38
648	38
649	38
650	38
651	38
652	38
653	38
654	38
655	38
656	38
657	38
658	38
659	38
660	38
661	38
662	38
663	38
664	38
665	38
666	38
667	38
668	38
669	38
670	38
671	38
672	38
673	38
674	38
675	38
676	38
677	38
678	38
679	38
680	38
681	38
682	38
683	38
684	38
685	38
686	38
687	38
688	38
689	38
690	38
691	38
692	38
693	38
694	38
695	38
696	38
697	38
698	38
699	38
700	38
701	38
702	38
703	38
704	38
705	38
706	38
707	38
708	39
709	39
710	39
711	39
712	39
713	39
714	39
715	39
716	39
717	39
718	39
719	39
720	39
721	39
722	39
723	40
724	40
725	40
726	40
727	40
728	40
729	40
730	40
731	40
732	41
733	41
734	41
735	41
736	41
737	41
738	41
739	41
740	41
741	41
742	41
743	41
744	41
745	41
746	41
747	41
748	41
749	41
750	41
751	41
752	41
753	41
754	41
755	41
756	41
757	41
758	41
759	41
760	41
761	41
762	41
763	41
764	41
765	41
766	41
767	41
768	41
769	41
770	41
771	41
772	45
773	45
774	45
775	45
776	45
777	45
778	45
779	46
780	46
781	46
782	46
783	47
784	47
785	47
786	47
787	47
788	47
789	47
790	47
791	48
792	48
793	48
794	49
795	49
796	49
797	49
798	49
799	49
800	49
801	49
802	49
803	49
804	50
805	50
806	50
807	50
808	50
809	50
810	50
811	50
812	50
813	50
814	50
815	50
816	50
817	50
818	50
819	50
820	50
821	51
822	51
823	51
824	51
825	51
826	51
827	51
828	51
829	51
830	51
831	51
832	51
833	51
834	51
835	51
836	51
837	51
838	51
839	51
840	51
841	51
842	51
843	51
844	51
845	52
846	52
847	52
848	52
849	52
850	52
851	52
852	52
853	52
854	52
855	52
856	52
857	52
858	52
859	52
860	53
861	53
862	53
863	53
864	53
865	53
866	54
867	54
868	54
869	54
870	54
871	54
872	54
873	54
874	54
875	54
876	54
877	54
878	55
879	56
880	56
881	56
882	57
883	57
884	57
885	57
886	57
887	58
888	58
889	58
890	58
891	58
892	58
893	58
894	58
895	59
896	59
897	60
898	61
899	61
900	61
901	61
902	61
903	61
904	61
905	61
906	61
907	61
908	61
909	61
910	61
911	61
912	61
913	62
914	62
915	62
916	62
917	62
918	62
919	62
920	62
921	62
922	62
923	63
924	63
925	63
926	63
927	63
928	63
929	64
930	64
931	64
932	64
933	64
934	65
935	65
936	65
937	65
938	65
939	66
940	66
941	66
942	66
943	66
944	67
945	68
946	68
947	68
948	68
949	70
950	70
951	71
952	71
953	71
954	72
955	72
956	73
957	73
958	74
959	74
960	74
961	75
962	75
963	75
964	75
965	75
966	75
967	76
968	76
969	76
970	76
971	76
972	77
973	77
974	77
975	78
976	78
977	78
978	78
979	78
980	78
981	78
982	78
983	78
984	78
985	78
986	78
987	78
988	78
989	80
990	80
991	80
992	81
993	81
994	81
995	81
996	81
997	82
998	82
999	82
1000	82
1001	82
1002	83
1003	84
1004	84
1005	84
1006	84
1007	84
1008	84
1009	168
1010	168
1011	169
1012	169
1013	169
1014	170
1015	170
1016	172
1017	172
1018	172
1019	173
1020	174
1021	174
1022	174
1023	175
1024	175
1025	176
1026	176
1027	176
1028	176
1029	177
1030	178
1031	179
1032	180
1033	181
1034	182
1035	183
1036	183
1037	184
1038	185
1039	185
1040	185
1041	185
1042	186
1043	187
1044	189
1045	189
1046	214
1047	216
1048	216
1049	217
1050	217
1051	218
1052	219
1053	221
1054	222
1055	223
1056	225
1057	226
1058	229
1059	230
1060	230
1061	230
1062	232
1063	234
1064	234
1065	234
1066	234
1067	234
1068	234
1069	234
1070	234
1071	234
1072	234
1073	235
1074	235
1075	235
1076	235
1077	236
1078	238
1079	238
1080	239
1081	241
1082	241
1083	243
1084	243
1085	246
1086	247
1087	248
1088	248
1089	248
1090	249
1091	251
1092	251
1093	251
1094	252
1095	252
1096	254
1097	255
1098	255
1099	258
1100	261
1101	263
1102	263
1103	263
1104	263
1105	266
1106	266
1107	266
1108	271
1109	274
1110	274
1111	276
1112	283
1113	284
1114	287
1115	289
1116	292
1117	295
1118	296
1119	296
1120	297
1121	301
1122	301
1123	301
1124	301
1125	302
1126	304
1127	309
1128	310
1129	310
1130	310
1131	310
1132	311
1133	315
1134	316
1135	316
1136	317
1137	318
1138	319
1139	319
1140	319
1141	319
1142	319
1143	321
1144	321
1145	321
1146	321
1147	321
1148	322
1149	322
1150	322
1151	322
1152	322
1153	322
1154	323
1155	323
1156	323
1157	323
1158	324
1159	326
1160	326
1161	326
1162	328
1163	329
1164	331
1165	331
1166	331
1167	332
1168	332
1169	332
1170	333
1171	333
1172	334
1173	335
1174	335
1175	336
1176	336
1177	339
1178	340
1179	340
1180	340
1181	340
1182	340
1183	342
1184	343
1185	344
1186	345
1187	345
1188	346
1189	346
1190	347
1191	348
1192	348
1193	348
1194	348
1195	348
1196	348
1197	349
1198	350
1199	350
1200	350
1201	351
1202	352
1203	352
1204	352
1205	354
1206	354
1207	355
1208	356
1209	358
1210	359
1211	359
1212	359
1213	359
1214	359
1215	360
1216	360
1217	360
1218	360
1219	361
1220	364
1221	364
1222	365
1223	365
1224	365
1225	366
1226	366
1227	366
1228	367
1229	369
1230	370
1231	370
1232	370
1233	370
1234	370
1235	371
1236	371
1237	371
1238	371
1239	371
1240	371
1241	371
1242	371
1243	373
1244	373
1245	373
1246	374
1247	377
1248	377
1249	377
1250	377
1251	377
1252	377
1253	377
1254	378
1255	379
1256	380
1257	380
1258	380
1259	380
1260	380
1261	380
1262	380
1263	380
1264	381
1265	382
1266	382
1267	383
1268	383
1269	383
1270	383
1271	383
1272	383
1273	384
1274	385
1275	385
1276	386
1277	386
1278	387
1279	390
1280	391
1281	393
1282	395
1283	398
1284	399
1285	400
1286	400
1287	400
1288	401
1289	402
1290	402
1291	403
1292	403
1293	404
1294	404
1295	404
1296	404
1297	406
1298	407
1299	407
1300	407
1301	408
1302	410
1303	410
1304	410
1305	411
1306	411
1307	411
1308	412
1309	413
1310	414
1311	415
1312	417
1313	418
1314	418
1315	419
1316	420
1317	421
1318	422
1319	422
1320	422
1321	423
1322	425
1323	427
1324	427
1325	428
1326	428
1327	428
1328	429
1329	429
1330	430
1331	431
1332	431
1333	431
1334	431
1335	431
1336	431
1337	431
1338	431
1339	432
1340	432
1341	432
1342	434
1343	435
1344	436
1345	437
1346	438
1347	440
1348	440
1349	441
1350	442
1351	442
1352	445
1353	445
1354	445
1355	448
1356	448
1357	450
1358	451
1359	455
1360	458
1361	459
1362	459
1363	460
1364	462
1365	466
1366	466
1367	469
1368	471
1369	473
1370	474
1371	475
1372	475
1373	476
1374	479
1375	480
1376	480
1377	482
1378	484
1379	485
1380	486
1381	489
1382	489
1383	489
1384	492
1385	492
1386	493
1387	494
1388	494
1389	494
1390	494
1391	512
1392	513
1393	515
1394	519
1395	519
1396	521
1397	521
1398	521
1399	521
1400	522
1401	523
1402	524
1403	524
1404	527
1405	528
1406	530
1407	530
1408	533
1409	534
1410	534
1411	534
1412	535
1413	535
1414	535
1415	535
1416	536
1417	537
1418	538
1419	538
1420	538
1421	538
1422	558
1423	558
1424	558
1425	558
1426	558
1427	558
1428	561
1429	562
1430	563
1431	563
1432	565
1433	566
1434	567
1435	567
1436	568
1437	568
1438	570
1439	571
1440	571
1441	571
1442	572
1443	572
1444	573
1445	575
1446	577
1447	579
1448	580
1449	580
1450	581
1451	585
1452	586
1453	587
1454	587
1455	587
1456	587
1457	591
1458	594
1459	595
1460	596
1461	598
1462	598
1463	601
1464	604
1465	609
1466	610
1467	610
1468	610
1469	611
1470	613
1471	613
1472	615
1473	616
1474	616
1475	617
1476	618
1477	619
1478	619
1479	621
1480	621
1481	621
1482	622
1483	624
1484	625
1485	629
1486	631
1487	631
1488	631
1489	631
1490	632
1491	633
1492	633
1493	636
1494	638
1495	640
1496	640
1497	641
1498	642
1499	644
1500	647
1501	649
1502	651
1503	657
1504	657
1505	658
1506	658
1507	660
1508	662
1509	664
1510	665
1511	666
1512	668
1513	670
1514	672
1515	673
1516	675
1517	676
1518	676
1519	678
1520	679
1521	680
1522	681
1523	682
1524	686
1525	688
1526	691
1527	691
1528	692
1529	692
1530	692
1531	692
1532	692
1533	696
1534	697
1535	697
1536	698
1537	698
1538	698
1539	701
1540	702
1541	702
1542	707
1543	708
1544	708
1545	709
1546	711
1547	716
1548	726
1549	730
1550	733
1551	735
1552	745
1553	748
1554	755
1555	760
1556	767
1557	773
1558	776
1559	777
1560	778
1561	781
1562	783
1563	787
1564	789
1565	790
1566	792
1567	793
1568	794
1569	798
1570	798
1571	800
1572	801
1573	804
1574	807
1575	810
1576	812
1577	817
1578	823
1579	824
1580	825
1581	827
1582	831
1583	831
1584	833
1585	835
1586	837
1587	838
1588	840
1589	841
1590	842
1591	842
1592	843
1593	844
1594	844
1595	845
1596	848
1597	849
1598	850
1599	851
1600	857
1601	861
1602	865
1603	966
1604	968
1605	970
1606	970
1607	972
1608	973
1609	975
1610	977
1611	979
1612	980
1613	982
1614	983
1615	985
1616	986
1617	988
1618	990
1619	991
1620	991
1621	995
1622	996
1623	1001
1624	1006
1625	1006
1626	1007
1627	1010
1628	1014
1629	1016
1630	1017
1631	1019
1632	1021
1633	1022
1634	1025
1635	1027
1636	1028
1637	1029
1638	1036
1639	1039
1640	1044
1641	1044
1642	1044
1643	1044
1644	1048
1645	1051
1646	1053
1647	1053
1648	1054
1649	1057
1650	1059
1651	1063
1652	1066
1653	1066
1654	1067
1655	1068
1656	1070
1657	1072
1658	1074
1659	1081
1660	1085
1661	1087
1662	1090
1663	1097
1664	1100
1665	1101
1666	1101
1667	1104
1668	1109
1669	1110
1670	1111
1671	1115
1672	1115
1673	1118
1674	1123
1675	1127
1676	1131
1677	1131
1678	1136
1679	1137
1680	1141
1681	1144
1682	1146
1683	1150
1684	1155
1685	1155
1686	1158
1687	1162
1688	1166
1689	1170
1690	1175
1691	1182
1692	1184
1693	1187
1694	1196
1695	1197
1696	1200
1697	1204
1698	1211
1699	1212
1700	1214
1701	1216
1702	1218
1703	1219
1704	1222
1705	1223
1706	1225
1707	1225
1708	1227
1709	1230
1710	1231
1711	1233
1712	1236
1713	1240
1714	1240
1715	1244
1716	1246
1717	1254
1718	1256
1719	1259
1720	1261
1721	1263
1722	1266
1723	1269
1724	1276
1725	1280
1726	1284
1727	1292
1728	1298
1729	1302
1730	1306
1731	1308
1732	1316
1733	1319
1734	1320
1735	1330
1736	1331
1737	1344
1738	1350
1739	1354
1740	1357
1741	1360
1742	1364
1743	1368
1744	1370
1745	1374
1746	1384
1747	1387
1748	1397
1749	1401
1750	1403
1751	1407
1752	1411
1753	1412
1754	1414
1755	1420
1756	1424
1757	1426
1758	1430
1759	1434
1760	1434
1761	1436
1762	1444
1763	1447
1764	1448
1765	1450
1766	1451
1767	1452
1768	1455
1769	1455
1770	1462
1771	1465
1772	1470
1773	1474
1774	1481
1775	1488
1776	1495
1777	1502
1778	1506
1779	1510
1780	1515
1781	1516
1782	1522
1783	1523
1784	1526
1785	1527
1786	1528
1787	1530
1788	1533
1789	1539
1790	1546
1791	1549
1792	1558
1793	1565
1794	1570
1795	1573
1796	1576
1797	1579
1798	1581
1799	1583
1800	1589
1801	1591
1802	1597
1803	1601
1804	1607
1805	1612
1806	1612
1807	1616
1808	1619
1809	1623
1810	1627
1811	1633
1812	1640
1813	1641
1814	1648
1815	1651
1816	1658
1817	1661
1818	1662
1819	1664
1820	1667
1821	1669
1822	1671
1823	1671
1824	1681
1825	1692
1826	1695
1827	1707
1828	1715
1829	1726
1830	1747
1831	1758
1832	1766
1833	1775
1834	1783
1835	1788
1836	1798
1837	1804
1838	1814
1839	1821
1840	1830
1841	1836
1842	1842
1843	1847
1844	1859
1845	1863
1846	1872
1847	1876
1848	1881
1849	1886
1850	1888
1851	1891
1852	1895
1853	1896
1854	1902
1855	1904
1856	1908
1857	1912
1858	1915
1859	1922
1860	1926
1861	1928
1862	1935
1863	1940
1864	1948
1865	1949
1866	1957
1867	1960
1868	1972
1869	1975
1870	1979
1871	1979
1872	1987
1873	1991
1874	1996
1875	2002
1876	2010
1877	2016
1878	2024
1879	2025
1880	2027
1881	2031
1882	2038
1883	2040
1884	2042
1885	2043
1886	2045
1887	2051
1888	2055
1889	2058
1890	2060
1891	2072
1892	2073
1893	2080
1894	2087
1895	2090
1896	2098
1897	2108
1898	2114
1899	2119
1900	2122
1901	2131
1902	2135
1903	2139
1904	2140
1905	2145
1906	2147
1907	2150
1908	2156
1909	2162
1910	2168
1911	2174
1912	2179
1913	2184
1914	2190
1915	2195
1916	2201
1917	2203
1918	2215
1919	2221
1920	2228
1921	2233
1922	2239
1923	2241
1924	2250
1925	2264
1926	2272
1927	2284
1928	2286
1929	2290
1930	2293
1931	2307
1932	2312
1933	2317
1934	2318
1935	2338
1936	2350
1937	2362
1938	2380
1939	2389
1940	2394
1941	2400
1942	2407
1943	2412
1944	2422
1945	2429
1946	2436
1947	2443
1948	2450
1949	2452
1950	2461
1951	2465
1952	2470
1953	2476
1954	2476
1955	2479
1956	2482
1957	2484
1958	2488
1959	2491
1960	2498
1961	2506
1962	2509
1963	2513
1964	2519
1965	2521
1966	2526
1967	2532
1968	2535
1969	2540
1970	2545
1971	2549
1972	2552
1973	2553
1974	2562
1975	2567
1976	2571
1977	2574
1978	2581
1979	2593
1980	2599
1981	2603
1982	2613
1983	2618
1984	2622
1985	2627
1986	2635
1987	2638
1988	2646
1989	2652
1990	2657
1991	2662
1992	2667
1993	2670
1994	2672
1995	2678
1996	2688
1997	2691
1998	2699
1999	2703
2000	2711
2001	2718
2002	2724
2003	2728
2004	2735
2005	2746
2006	2750
2007	2758
2008	2764
2009	2769
2010	2772
2011	2775
2012	2780
2013	2786
2014	2792
2015	2795
2016	2800
2017	2806
2018	2813
2019	2816
2020	2817
2021	2822
2022	2835
2023	2841
2024	2847
2025	2850
2026	2858
2027	2859
2028	2866
2029	2874
2030	2884
2031	2889
2032	2895
2033	2906
2034	2913
2035	2931
2036	2933
2037	2939
2038	2943
2039	2948
2040	2953
2041	2959
2042	2966
2043	2976
2044	2982
2045	2986
2046	2991
2047	2997
2048	3002
2049	3010
2050	3016
2051	3022
2052	3026
2053	3034
2054	3036
2055	3037
2056	3043
2057	3055
2058	3060
2059	3063
2060	3072
2061	3077
2062	3079
2063	3083
2064	3087
2065	3089
2066	3093
2067	3097
2068	3098
2069	3102
2070	3102
2071	3106
2072	3111
2073	3112
2074	3114
2075	3122
2076	3126
2077	3130
2078	3137
2079	3144
2080	3152
2081	3160
2082	3172
2083	3179
2084	3187
2085	3194
2086	3201
2087	3209
2088	3226
2089	3235
2090	3244
2091	3250
2092	3258
2093	3262
2094	3269
2095	3274
2096	3282
2097	3287
2098	3294
2099	3304
2100	3312
2101	3325
2102	3332
2103	3337
2104	3348
2105	3356
2106	3364
2107	3372
2108	3397
2109	3402
2110	3409
2111	3424
2112	3430
2113	3440
2114	3446
2115	3453
2116	3461
2117	3467
2118	3478
2119	3483
2120	3505
2121	3511
2122	3516
2123	3532
2124	3537
2125	3543
2126	3548
2127	3556
2128	3565
2129	3571
2130	3574
2131	3585
2132	3594
2133	3603
2134	3609
2135	3624
2136	3636
2137	3642
2138	3657
2139	3683
2140	3704
2141	3716
2142	3733
2143	3752
2144	3768
2145	3780
2146	3789
2147	3795
2148	3807
2149	3814
2150	3819
2151	3829
2152	3843
2153	3854
2154	3869
2155	3884
2156	3904
2157	3910
2158	3929
2159	3936
2160	3950
2161	3960
2162	3968
2163	3976
2164	3985
2165	4004
2166	4023
2167	4034
2168	4049
2169	4063
2170	4075
2171	4095
2172	4112
2173	4146
2174	4157
2175	4176
2176	4205
2177	4216
2178	4232
2179	4246
2180	4250
2181	4270
2182	4276
2183	4292
2184	4301
2185	4314
2186	4326
2187	4339
2188	4348
2189	4371
2190	4389
2191	4414
2192	4433
2193	4444
2194	4461
2195	4481
2196	4516
2197	4540
2198	4559
2199	4590
2200	4611
2201	4634
2202	4644
2203	4661
2204	4671
2205	4686
2206	4699
2207	4718
2208	4727
2209	4741
2210	4751
2211	4765
2212	4793
2213	4807
2214	4820
2215	4830
2216	4850
2217	4871
2218	4889
2219	4902
2220	4911
2221	4922
2222	4937
2223	4947
2224	4967
2225	4978
2226	4996
2227	5002
2228	5006
2229	5020
2230	5038
2231	5053
2232	5059
2233	5074
2234	5084
2235	5098
2236	5119
2237	5142
2238	5161
2239	5187
2240	5204
2241	5220
2242	5234
2243	5242
2244	5247
2245	5254
2246	5268
2247	5279
2248	5294
2249	5302
2250	5317
2251	5321
2252	5331
2253	5348
2254	5367
2255	5383
2256	5402
2257	5419
2258	5436
2259	5453
2260	5466
2261	5482
2262	5496
2263	5502
2264	5518
2265	5534
2266	5548
2267	5559
2268	5576
2269	5596
2270	5609
2271	5630
2272	5644
2273	5655
2274	5661
2275	5678
2276	5687
2277	5697
2278	5722
2279	5729
2280	5756
2281	5772
2282	5784
2283	5798
2284	5819
2285	5831
2286	5849
2287	5864
2288	5872
2289	5890
2290	5910
2291	5921
2292	5940
2293	5947
2294	5956
2295	5972
2296	5985
2297	5996
2298	6013
2299	6034
2300	6043
2301	6059
2302	6077
2303	6089
2304	6102
2305	6114
2306	6132
2307	6143
2308	6164
2309	6174
2310	6186
2311	6197
2312	6230
2313	6262
2314	6289
2315	6309
2316	6333
2317	6357
2318	6373
2319	6392
2320	6424
2321	6463
2322	6494
2323	6516
2324	6535
2325	6569
2326	6576
2327	6601
2328	6623
2329	6648
2330	6674
2331	6697
2332	6725
2333	6749
2334	6768
2335	6783
2336	6801
2337	6818
2338	6845
2339	6865
2340	6885
2341	6898
2342	6919
2343	6934
2344	6958
2345	6990
2346	7007
2347	7029
2348	7044
2349	7066
2350	7083
2351	7106
2352	7127
2353	7155
2354	7185
2355	7213
2356	7239
2357	7269
2358	7283
2359	7309
2360	7343
2361	7363
2362	7372
2363	7389
2364	7403
2365	7427
2366	7447
2367	7486
2368	7499
2369	7512
2370	7521
2371	7529
2372	7535
2373	7558
2374	7577
2375	7591
2376	7606
2377	7630
2378	7653
2379	7675
2380	7694
2381	7709
2382	7724
2383	7742
2384	7754
2385	7766
2386	7791
2387	7797
2388	7814
2389	7831
2390	7840
2391	7859
2392	7880
2393	7904
2394	7924
2395	7943
2396	7951
2397	7970
2398	7988
2399	8010
2400	8026
2401	8036
2402	8048
2403	8069
2404	8094
2405	8108
2406	8127
2407	8144
2408	8161
2409	8177
2410	8189
2411	8208
2412	8234
2413	8252
2414	8274
2415	8297
2416	8319
2417	8327
2418	8339
2419	8361
2420	8383
2421	8407
2422	8427
2423	8448
2424	8480
2425	8503
2426	8514
2427	8545
2428	8560
2429	8586
2430	8600
2431	8617
2432	8638
2433	8665
2434	8677
2435	8698
2436	8711
2437	8734
2438	8745
2439	8763
2440	8783
2441	8804
2442	8816
2443	8832
2444	8846
2445	8859
2446	8874
2447	8891
2448	8913
2449	8936
2450	8952
2451	8975
2452	8992
2453	9013
2454	9031
2455	9049
2456	9079
2457	9105
2458	9133
2459	9155
2460	9184
2461	9208
2462	9225
2463	9241
2464	9257
2465	9267
2466	9275
2467	9280
2468	9288
2469	9302
2470	9322
2471	9347
2472	9366
2473	9382
2474	9390
2475	9396
2476	9407
2477	9416
2478	9433
2479	9454
2480	9478
2481	9494
2482	9506
2483	9518
2484	9529
2485	9542
2486	9555
2487	9559
2488	9568
2489	9574
2490	9580
2491	9594
2492	9604
2493	9621
2494	9638
2495	9643
2496	9655
2497	9662
2498	9684
2499	9693
2500	9698
2501	9709
2502	9717
2503	9723
2504	9735
2505	9748
2506	9756
2507	9769
2508	9779
2509	9785
2510	9802
2511	9818
2512	9828
2513	9837
2514	9844
2515	9851
2516	9868
2517	9893
2518	9916
2519	9929
2520	9948
2521	9959
2522	9970
2523	9996
2524	10021
2525	10031
2526	10042
2527	10060
2528	10068
2529	10083
2530	10093
2531	10097
2532	10104
2533	10109
2534	10126
2535	10137
2536	10146
2537	10152
2538	10155
2539	10159
2540	10165
2541	10174
2542	10187
2543	10191
2544	10198
2545	10214
2546	10224
2547	10237
2548	10247
2549	10255
2550	10268
2551	10274
2552	10281
2553	10296
2554	10302
2555	10312
2556	10326
2557	10338
2558	10353
2559	10361
2560	10367
2561	10376
2562	10384
2563	10396
2564	10404
