1	1
2	1
3	1
4	2
5	2
6	3
7	3
8	3
9	3
10	6
11	6
12	6
13	6
14	6
15	6
16	7
17	7
18	7
19	8
20	9
21	9
22	10
23	10
24	10
25	10
26	10
27	11
28	13
29	14
30	14
31	14
32	14
33	15
34	17
35	17
36	17
37	19
38	19
39	19
40	19
41	19
42	19
43	19
44	19
45	20
46	22
47	23
48	24
49	24
50	27
51	28
52	29
53	29
54	30
55	34
56	35
57	35
58	36
59	36
60	37
61	37
62	38
63	40
64	41
65	41
66	41
67	42
68	44
69	44
70	46
71	47
72	47
73	47
74	48
75	49
76	51
77	51
78	52
79	53
80	53
81	53
82	53
83	54
84	54
85	55
86	55
87	55
88	55
89	55
90	55
91	56
92	57
93	59
94	59
95	59
96	59
97	60
98	61
99	61
100	62
101	62
102	63
103	65
104	66
105	67
106	67
107	67
108	68
109	68
110	68
111	68
112	69
113	69
114	70
115	71
116	73
117	73
118	74
119	76
120	78
121	78
122	78
123	80
124	80
125	80
126	82
127	82
128	83
129	83
130	83
131	83
132	83
133	84
134	85
135	85
136	86
137	86
138	86
139	86
140	87
141	88
142	88
143	90
144	90
145	90
146	91
147	93
148	93
149	93
150	93
151	93
152	94
153	96
154	96
155	97
156	98
157	98
158	98
159	98
160	99
161	100
162	100
163	101
164	102
165	102
166	103
167	103
168	106
169	107
170	107
171	108
172	108
173	108
174	108
175	110
176	110
177	110
178	111
179	111
180	113
181	115
182	115
183	116
184	117
185	119
186	119
187	119
188	123
189	125
190	127
191	129
192	130
193	133
194	134
195	134
196	135
197	135
198	135
199	136
200	136
201	137
202	138
203	139
204	139
205	139
206	142
207	142
208	143
209	145
210	146
211	146
212	147
213	148
214	148
215	148
216	149
217	150
218	150
219	151
220	151
221	152
222	152
223	154
224	155
225	156
226	156
227	156
228	156
229	156
230	157
231	158
232	158
233	158
234	158
235	158
236	158
237	161
238	162
239	162
240	164
241	164
242	164
243	164
244	165
245	175
246	175
247	175
248	176
249	176
250	176
251	179
252	182
253	182
254	182
255	182
256	182
257	182
258	183
259	188
260	190
261	192
262	193
263	194
264	194
265	195
266	196
267	198
268	198
269	199
270	199
271	199
272	203
273	204
274	206
275	209
276	213
277	214
278	215
279	215
280	215
281	215
282	217
283	218
284	221
285	221
286	222
287	223
288	225
289	225
290	226
291	227
292	227
293	228
294	228
295	228
296	233
297	234
298	235
299	240
300	240
301	242
302	244
303	244
304	249
305	251
306	251
307	251
308	252
309	252
310	252
311	253
312	255
313	255
314	256
315	256
316	257
317	258
318	263
319	266
320	267
321	267
322	267
323	268
324	270
325	271
326	271
327	273
328	277
329	278
330	292
331	292
332	293
333	295
334	296
335	297
336	298
337	300
338	303
339	306
340	307
341	309
342	309
343	310
344	316
345	318
346	321
347	322
348	324
349	325
350	326
351	327
352	328
353	330
354	331
355	331
356	334
357	335
358	340
359	342
360	345
361	347
362	347
363	348
364	352
365	353
366	356
367	360
368	362
369	364
370	365
371	366
372	369
373	371
374	374
375	375
376	375
377	379
378	383
379	384
380	384
381	390
382	393
383	394
384	394
385	398
386	401
387	402
388	404
389	406
390	409
391	413
392	416
393	418
394	419
395	422
396	424
397	431
398	433
399	439
400	445
401	449
402	455
403	461
404	461
405	466
406	474
407	478
408	482
409	484
410	485
411	487
412	491
413	493
414	495
415	498
416	500
417	503
418	503
419	504
420	507
421	511
422	512
423	515
424	518
425	519
426	521
427	526
428	531
429	534
430	539
431	550
432	552
433	554
434	556
435	559
436	559
437	560
438	562
439	564
440	566
441	573
442	574
443	575
444	578
445	582
446	585
447	590
448	609
449	612
450	613
451	613
452	615
453	618
454	618
455	625
456	628
457	630
458	640
459	644
460	646
461	646
462	656
463	661
464	667
465	669
466	670
467	675
468	677
469	682
470	686
471	691
472	693
473	702
474	704
475	706
476	710
477	712
478	715
479	718
480	718
481	720
482	722
483	731
484	736
485	740
486	742
487	744
488	746
489	753
490	756
491	757
492	760
493	774
494	774
495	775
496	778
497	780
498	781
499	786
500	786
501	790
502	791
503	793
504	796
505	797
506	804
507	811
508	814
509	816
510	820
511	824
512	825
513	828
514	831
515	834
516	837
517	838
518	844
519	848
520	851
521	855
522	856
523	859
524	862
525	876
526	884
527	891
528	895
529	899
530	901
531	905
532	909
533	916
534	918
535	937
536	939
537	939
538	941
539	945
540	958
541	963
542	965
543	966
544	968
545	970
546	975
547	984
548	987
549	992
550	994
551	998
552	999
553	1004
554	1007
555	1013
556	1016
557	1020
558	1025
559	1029
560	1056
561	1056
562	1059
563	1061
564	1064
565	1084
566	1091
567	1094
568	1100
569	1105
570	1107
571	1113
572	1114
573	1121
574	1125
575	1128
576	1133
577	1136
578	1138
579	1147
580	1147
581	1151
582	1153
583	1166
584	1169
585	1170
586	1171
587	1175
588	1178
589	1186
590	1194
591	1196
592	1196
593	1204
594	1207
595	1209
596	1217
597	1221
598	1231
599	1237
600	1241
601	1244
602	1252
603	1254
604	1258
605	1260
606	1262
607	1265
608	1274
609	1279
610	1286
611	1287
612	1292
613	1295
614	1299
615	1302
616	1308
617	1311
618	1314
619	1317
620	1319
621	1320
622	1332
623	1334
624	1340
625	1346
626	1349
627	1355
628	1356
629	1360
630	1369
631	1374
632	1376
633	1383
634	1387
635	1392
636	1409
637	1418
638	1424
639	1428
640	1430
641	1436
642	1441
643	1441
644	1449
645	1452
646	1456
647	1464
648	1466
649	1475
650	1479
651	1483
652	1491
653	1500
654	1503
655	1506
656	1511
657	1511
658	1514
659	1520
660	1523
661	1526
662	1531
663	1535
664	1539
665	1545
666	1556
667	1560
668	1563
669	1564
670	1568
671	1573
672	1579
673	1581
674	1585
675	1586
676	1589
677	1593
678	1594
679	1599
680	1603
681	1611
682	1617
683	1618
684	1634
685	1653
686	1662
687	1671
688	1677
689	1687
690	1692
691	1699
692	1707
693	1710
694	1721
695	1773
696	1780
697	1786
698	1788
699	1793
700	1800
701	1807
702	1813
703	1834
704	1838
705	1848
706	1852
707	1859
708	1863
709	1867
710	1873
711	1879
712	1889
713	1895
714	1912
715	1921
716	1935
717	1942
718	1950
719	1953
720	1961
721	1972
722	1976
723	1989
724	1996
725	2000
726	2003
727	2014
728	2019
729	2033
730	2046
731	2060
732	2071
733	2077
734	2080
735	2087
736	2095
737	2131
738	2138
739	2145
740	2153
741	2170
742	2186
743	2193
744	2200
745	2213
746	2228
747	2237
748	2245
749	2252
750	2260
751	2271
752	2280
753	2289
754	2291
755	2297
756	2302
757	2322
758	2332
759	2363
760	2368
761	2376
762	2390
763	2395
764	2399
765	2408
766	2419
767	2426
768	2432
769	2444
770	2459
771	2469
772	2484
773	2491
774	2500
775	2511
776	2519
777	2537
778	2550
779	2557
780	2563
781	2568
782	2573
783	2593
784	2633
785	2652
786	2672
787	2680
788	2685
789	2692
790	2703
791	2713
792	2719
793	2733
794	2743
795	2754
796	2766
797	2813
798	2821
799	2830
800	2841
801	2861
802	2864
803	2870
804	2879
805	2883
806	2898
807	2906
808	2923
809	2946
810	2950
811	2959
812	2963
813	2969
814	2994
815	3006
816	3020
817	3027
818	3040
819	3051
820	3059
821	3072
822	3083
823	3092
824	3096
825	3105
826	3145
827	3154
828	3163
829	3167
830	3177
831	3185
832	3192
833	3207
834	3223
835	3235
836	3256
837	3259
838	3271
839	3284
840	3302
841	3307
842	3324
843	3338
844	3352
845	3356
846	3369
847	3381
848	3392
849	3413
850	3440
851	3451
852	3458
853	3468
854	3489
855	3496
856	3503
857	3511
858	3515
859	3519
860	3529
861	3547
862	3581
863	3596
864	3610
865	3618
866	3623
867	3634
868	3655
869	3672
870	3683
871	3711
872	3725
873	3729
874	3742
875	3749
876	3757
877	3774
878	3787
879	3806
880	3820
881	3833
882	3845
883	3853
884	3868
885	3881
886	3886
887	3895
888	3927
889	3937
890	3957
891	3972
892	3989
893	3998
894	4006
895	4015
896	4034
897	4045
898	4059
899	4071
900	4082
901	4087
902	4095
903	4104
904	4120
905	4144
906	4160
907	4167
908	4173
909	4190
910	4199
911	4214
912	4233
913	4244
914	4256
915	4264
916	4281
917	4297
918	4304
919	4319
920	4331
921	4350
922	4364
923	4379
924	4434
925	4444
926	4464
927	4480
928	4492
929	4506
930	4524
931	4564
932	4584
933	4617
934	4633
935	4649
936	4660
937	4676
938	4693
939	4708
940	4729
941	4751
942	4755
943	4761
944	4784
945	4808
946	4833
947	4841
948	4861
949	4876
950	4908
951	4921
952	4939
953	4958
954	4975
955	4987
956	4997
957	5007
958	5018
959	5039
960	5052
961	5086
962	5105
963	5125
964	5141
965	5165
966	5194
967	5207
968	5221
969	5235
970	5260
971	5266
972	5290
973	5317
974	5334
975	5351
976	5369
977	5388
978	5412
979	5429
980	5457
981	5478
982	5493
983	5506
984	5521
985	5530
986	5543
987	5554
988	5571
989	5590
990	5600
991	5613
992	5625
993	5646
994	5662
995	5677
996	5696
997	5724
998	5733
999	5740
1000	5762
1001	5776
1002	5786
1003	5813
1004	5834
1005	5848
1006	5858
1007	5883
1008	5929
1009	5950
1010	5980
1011	6001
1012	6018
1013	6034
1014	6052
1015	6120
1016	6140
1017	6163
1018	6179
1019	6200
1020	6211
1021	6227
1022	6250
1023	6274
1024	6291
1025	6359
1026	6367
1027	6373
1028	6394
1029	6410
1030	6436
1031	6460
1032	6480
1033	6489
1034	6498
1035	6512
1036	6524
1037	6543
1038	6555
1039	6574
1040	6583
1041	6594
1042	6610
1043	6632
1044	6653
1045	6668
1046	6678
1047	6691
1048	6716
1049	6734
1050	6767
1051	6797
1052	6815
1053	6866
1054	6880
1055	6901
1056	6921
1057	6945
1058	6969
1059	6989
1060	7004
1061	7018
1062	7039
1063	7074
1064	7091
1065	7114
1066	7130
1067	7283
1068	7306
1069	7322
1070	7347
1071	7374
1072	7402
1073	7423
1074	7448
1075	7465
1076	7497
1077	7526
1078	7593
1079	7627
1080	7678
1081	7709
1082	7722
1083	7736
1084	7779
1085	7808
1086	7833
1087	7866
1088	7891
1089	7908
1090	7926
1091	8009
1092	8050
1093	8090
1094	8128
1095	8145
1096	8171
1097	8189
1098	8254
1099	8298
1100	8329
1101	8364
1102	8395
1103	8421
1104	8439
1105	8472
1106	8511
1107	8544
1108	8564
1109	8622
1110	8663
1111	8692
1112	8723
1113	8765
1114	8807
1115	8994
1116	9018
1117	9039
1118	9071
1119	9113
1120	9143
1121	9174
1122	9200
1123	9234
1124	9267
1125	9286
1126	9322
1127	9349
1128	9373
1129	9415
1130	9458
1131	9480
1132	9493
1133	9551
1134	9604
1135	9645
1136	9670
1137	9697
1138	9719
1139	9775
1140	9855
1141	9883
1142	9910
1143	9972
1144	10009
1145	10033
1146	10052
1147	10077
1148	10148
1149	10182
1150	10227
1151	10282
1152	10316
1153	10333
1154	10364
1155	10391
1156	10429
1157	10475
1158	10514
1159	10532
1160	10547
1161	10568
1162	10637
1163	10697
1164	10735
1165	10772
1166	10789
1167	10834
1168	10864
1169	10900
1170	10957
1171	11004
1172	11047
1173	11073
1174	11097
1175	11135
1176	11166
1177	11214
1178	11280
1179	11312
1180	11345
1181	11368
1182	11419
1183	11464
1184	11528
1185	11572
1186	11606
1187	11639
1188	11670
1189	11706
1190	11747
1191	11796
1192	11834
1193	11862
1194	11897
1195	11928
1196	11960
1197	12000
1198	12035
1199	12075
1200	12123
1201	12141
1202	12188
1203	12230
1204	12277
1205	12318
1206	12355
1207	12406
1208	12437
1209	12465
1210	12535
1211	12576
1212	12609
1213	12647
1214	12696
1215	12732
1216	12755
1217	12801
1218	12842
1219	12884
1220	12940
1221	12993
1222	13046
1223	13078
1224	13117
1225	13151
1226	13201
1227	13241
1228	13283
1229	13309
1230	13344
1231	13376
1232	13436
1233	13482
1234	13514
1235	13554
1236	13581
1237	13617
1238	13671
1239	13722
1240	13766
1241	13822
1242	13869
1243	13901
1244	13933
1245	13970
1246	14002
1247	14050
1248	14110
1249	14171
1250	14200
1251	14225
1252	14289
1253	14339
1254	14377
1255	14423
1256	14458
1257	14481
1258	14513
1259	14551
1260	14608
1261	14662
1262	14710
1263	14756
1264	14788
1265	14825
1266	14877
1267	14934
1268	14984
1269	15032
1270	15071
1271	15112
1272	15142
1273	15189
1274	15226
1275	15277
1276	15334
1277	15421
1278	15465
1279	15497
1280	15550
1281	15599
1282	15648
1283	15717
1284	15771
1285	15804
1286	15839
1287	15886
1288	15937
1289	15999
1290	16060
1291	16099
1292	16137
1293	16170
1294	16223
1295	16280
1296	16338
1297	16440
1298	16489
1299	16525
1300	16557
1301	16599
1302	16657
1303	16713
1304	16782
1305	16826
1306	16874
1307	16923
1308	16981
1309	17033
1310	17077
1311	17119
1312	17165
1313	17201
1314	17242
1315	17321
1316	17405
1317	17459
1318	17527
1319	17606
1320	17642
1321	17683
1322	17742
1323	17838
1324	17891
1325	17967
1326	18052
1327	18086
1328	18140
1329	18218
1330	18284
1331	18356
1332	18421
1333	18477
1334	18502
1335	18538
1336	18599
1337	18693
1338	18758
1339	18815
1340	18877
1341	18933
1342	18998
1343	19064
1344	19122
1345	19200
1346	19251
1347	19308
1348	19344
1349	19377
1350	19421
1351	19484
1352	19565
1353	19642
1354	19691
1355	19736
1356	19785
1357	19874
1358	19964
1359	20043
1360	20106
1361	20156
1362	20229
1363	20315
1364	20486
1365	20593
1366	20668
1367	20748
1368	20831
1369	20878
1370	20922
1371	21022
1372	21135
1373	21230
1374	21290
1375	21339
1376	21379
1377	21421
1378	21480
1379	21579
1380	21670
1381	21729
1382	21798
1383	21859
1384	21905
1385	21961
1386	22089
1387	22171
1388	22239
1389	22337
1390	22388
1391	22440
1392	22554
1393	22666
1394	22755
1395	22822
1396	22895
1397	22935
1398	22972
1399	23095
1400	23171
1401	23246
1402	23321
1403	23368
1404	23401
1405	23430
1406	23484
1407	23548
1408	23605
1409	23680
1410	23765
1411	23800
1412	23841
1413	23930
1414	23999
1415	24103
1416	24225
1417	24316
1418	24390
1419	24451
1420	24585
1421	24681
1422	24791
1423	24957
1424	25055
1425	25166
1426	25240
1427	25344
1428	25487
1429	25602
1430	25750
1431	25862
1432	25913
1433	25999
1434	26125
1435	26291
1436	26450
1437	26581
1438	26666
1439	26726
1440	26792
1441	26933
1442	27074
1443	27335
1444	27462
1445	27594
1446	27675
1447	27762
1448	27899
1449	28033
1450	28140
1451	28281
1452	28366
1453	28457
1454	28547
1455	28702
1456	28872
1457	29000
1458	29160
1459	29293
1460	29368
1461	29469
1462	29620
1463	29795
1464	29966
1465	30119
1466	30284
1467	30382
1468	30517
1469	30711
1470	30868
1471	31020
1472	31142
1473	31289
1474	31399
1475	31492
1476	31623
1477	31766
1478	31938
1479	32057
1480	32202
1481	32272
1482	32346
1483	32443
1484	32556
1485	32705
1486	32833
1487	32965
1488	33069
1489	33186
1490	33357
1491	33515
1492	33655
1493	33772
1494	33927
1495	34019
1496	34118
1497	34240
1498	34398
1499	34553
1500	34743
1501	34864
1502	34981
1503	35058
1504	35161
1505	35348
1506	35488
1507	35639
1508	35735
1509	35830
1510	35919
1511	36044
1512	36174
1513	36334
1514	36531
1515	36688
1516	36790
1517	36876
1518	37060
1519	37266
1520	37420
1521	37577
1522	37729
1523	37850
1524	37940
1525	38113
1526	38470
1527	38615
1528	38753
1529	38873
1530	38962
1531	39059
1532	39202
1533	39332
1534	39493
1535	39657
1536	39803
1537	39913
1538	39996
1539	40124
1540	40293
1541	40479
1542	40666
1543	40818
1544	40936
1545	41040
1546	41214
1547	41384
1548	41538
1549	41698
1550	41843
1551	41952
1552	42038
1553	42240
1554	42446
1555	42669
1556	42844
1557	43011
1558	43095
1559	43195
1560	43376
1561	43544
1562	43710
1563	43879
1564	44048
1565	44186
1566	44288
1567	44471
1568	44669
1569	44910
1570	45154
1571	45325
1572	45438
1573	45565
1574	45762
1575	45928
1576	46120
1577	46312
1578	46484
1579	46610
1580	46721
1581	46931
1582	47128
1583	47330
1584	47536
1585	47669
1586	47763
1587	47854
1588	48069
1589	48270
1590	48499
1591	48725
1592	48934
1593	49073
1594	49198
1595	49386
1596	49589
1597	49805
1598	50051
1599	50256
1600	50363
1601	50483
1602	50742
1603	50970
1604	51204
1605	51415
1606	51628
1607	51765
1608	51898
1609	52148
1610	52400
1611	52624
1612	52845
1613	53072
1614	53210
1615	53359
1616	53583
1617	53811
1618	54068
1619	54271
1620	54500
1621	54628
1622	54753
1623	55043
1624	55341
1625	55625
1626	56099
1627	56571
1628	56807
1629	57039
1630	57438
1631	57927
1632	58328
1633	58662
1634	58942
1635	59192
1636	59395
1637	59749
1638	60071
1639	60395
1640	60680
1641	61088
1642	61276
1643	61472
1644	61765
1645	62058
1646	62368
1647	62655
1648	62921
1649	63137
1650	63335
1651	63648
1652	63934
1653	64232
1654	64570
1655	64822
1656	64993
1657	65168
1658	65432
1659	65666
1660	65977
1661	66292
1662	66639
1663	66805
1664	66977
1665	67289
1666	67568
1667	67903
1668	68210
1669	68501
1670	68697
1671	68898
1672	69200
1673	69496
1674	69799
1675	70085
1676	70383
1677	70583
1678	70771
1679	71047
1680	71345
1681	71612
1682	71905
1683	72138
1684	72286
1685	72450
1686	72696
1687	72936
1688	73088
1689	73252
1690	73426
1691	73553
1692	73665
1693	73814
1694	74000
1695	74215
1696	74407
1697	74578
1698	74688
1699	74823
1700	74997
1701	75177
1702	75355
1703	75534
1704	75693
1705	75815
1706	75928
1707	76098
1708	76268
1709	76451
1710	76620
1711	76787
1712	76883
1713	77006
1714	77161
1715	77296
1716	77422
1717	77548
1718	77682
1719	77772
1720	77900
1721	78085
1722	78296
1723	78448
1724	78702
1725	78918
1726	79116
1727	79303
1728	79577
1729	79804
1730	80069
1731	80318
1732	80523
1733	80700
1734	80847
1735	81070
1736	81333
1737	81497
1738	81634
1739	81735
1740	81839
1741	81963
1742	82129
1743	82324
1744	82503
1745	82689
1746	82895
1747	83054
1748	83200
1749	83407
1750	83624
1751	83803
1752	84031
1753	84222
1754	84373
1755	84493
1756	84844
1757	85181
1758	85432
1759	85685
1760	85897
1761	86051
1762	86204
1763	86425
1764	86626
1765	86809
1766	86990
1767	87142
1768	87245
1769	87326
1770	87443
1771	87540
1772	87704
1773	87908
1774	88091
1775	88238
1776	88392
1777	88501
1778	88579
1779	88745
1780	88949
1781	89130
1782	89255
1783	89386
1784	89604
1785	89869
1786	90173
1787	90464
1788	90699
1789	90864
1790	91018
1791	91267
1792	91511
1793	91741
1794	92067
1795	92431
1796	92705
1797	92933
1798	93274
1799	93688
1800	94098
1801	94567
1802	94880
1803	95120
1804	95361
1805	95739
1806	96173
1807	96518
1808	96914
1809	97234
1810	97503
1811	97787
1812	98158
1813	98531
1814	98920
1815	99391
1816	99703
1817	99953
1818	100174
1819	100544
1820	100937
1821	101285
1822	101645
1823	102038
1824	102304
1825	102570
1826	102966
1827	103339
1828	103815
1829	104253
1830	104660
1831	104943
1832	105216
1833	105553
1834	105964
1835	106363
1836	106780
1837	107127
1838	107410
1839	107675
1840	108053
1841	108337
1842	108623
1843	108922
1844	109262
1845	109519
1846	109754
1847	110140
1848	110567
1849	110938
1850	111240
1851	111600
1852	111907
1853	112183
1854	112521
1855	112937
1856	113307
1857	113670
1858	113998
1859	114237
1860	114381
1861	114605
1862	115045
1863	115470
1864	115781
1865	116046
1866	116241
1867	116399
1868	116628
1869	116907
1870	117213
1871	117495
1872	117798
1873	118023
1874	118250
1875	118576
1876	118928
1877	119277
1878	119626
1879	119935
1880	120171
1881	120400
1882	120735
1883	121052
1884	121411
1885	121736
1886	122081
1887	122324
1888	122535
1889	122862
1890	123226
1891	123437
1892	123652
1893	123825
1894	123985
1895	124196
1896	124573
1897	124893
1898	125175
1899	125531
1900	125847
1901	126111
1902	126369
1903	126671
1904	127016
1905	127350
1906	127657
1907	127941
1908	128152
1909	128358
1910	128647
1911	128973
1912	129292
1913	129626
1914	129876
1915	130077
1916	130293
1917	130563
1918	130797
1919	131066
1920	131277
1921	131536
1922	131729
1923	131931
1924	132243
1925	132573
1926	132897
1927	133194
1928	133389
1929	133499
1930	133635
1931	133829
1932	134175
1933	134507
1934	134811
1935	135053
1936	135279
1937	135442
1938	135717
1939	136010
1940	136306
1941	136623
1942	136916
1943	137078
1944	137238
1945	137503
1946	137827
1947	138139
1948	138428
1949	138747
1950	139247
1951	139851
1952	140635
1953	141541
1954	142244
1955	142956
1956	143664
1957	144062
1958	144488
1959	145182
1960	145932
1961	146692
1962	147322
1963	147914
1964	148293
1965	148686
1966	149363
1967	150008
1968	150734
1969	151347
1970	151938
1971	152321
1972	152717
1973	153398
1974	154072
1975	154721
1976	155203
1977	155475
1978	155769
1979	156060
1980	156827
1981	157451
1982	158032
1983	158596
1984	159091
1985	159467
1986	159808
1987	160306
1988	160843
1989	161336
1990	161809
1991	162229
1992	162503
1993	162787
1994	163297
1995	163762
1996	164236
1997	164678
1998	165086
1999	165360
2000	165619
2001	165976
2002	166231
2003	166730
2004	167103
2005	167480
2006	167723
2007	167994
2008	168472
2009	168930
2010	169372
2011	169798
2012	170225
2013	170489
2014	170768
2015	171203
2016	171696
2017	172103
2018	172534
2019	172868
2020	173124
2021	173354
2022	173764
2023	174168
2024	174577
2025	174929
2026	175240
2027	175484
2028	175694
2029	176099
2030	176493
2031	176899
2032	177319
2033	177697
2034	177841
2035	177940
2036	178163
2037	178409
2038	178797
2039	179151
2040	179519
2041	179787
2042	180048
2043	180431
2044	180816
2045	181262
2046	181738
2047	182098
2048	182362
2049	182672
2050	183035
2051	183386
2052	183758
2053	184143
2054	184491
2055	184751
2056	184983
2057	185351
2058	185729
2059	186142
2060	186576
2061	186910
2062	187164
2063	187419
2064	187771
2065	188184
2066	188561
2067	188927
2068	189247
2069	189469
2070	189696
2071	190030
2072	190398
2073	190764
2074	191142
2075	191465
2076	191674
2077	191914
2078	192226
2079	192609
2080	192984
2081	193324
2082	193577
2083	193790
2084	194019
2085	194345
2086	194692
2087	195083
2088	195855
2089	196851
2090	197491
2091	198084
2092	198981
2093	199878
2094	200770
2095	201668
2096	202392
2097	202871
2098	203333
2099	203960
2100	204765
2101	205501
2102	206234
2103	206867
2104	207280
2105	207686
2106	208370
2107	209052
2108	209686
2109	210240
2110	210738
2111	211103
2112	211416
2113	212036
2114	212599
2115	213162
2116	213680
2117	214238
2118	214585
2119	214963
2120	215519
2121	216104
2122	216665
2123	217193
2124	217665
2125	217998
2126	218320
2127	218845
2128	219373
2129	219868
2130	220348
2131	220791
2132	221037
2133	221302
2134	221677
2135	221989
2136	222198
2137	222550
2138	222895
2139	223152
2140	223415
2141	223790
2142	224097
2143	224290
2144	224675
2145	225055
2146	225356
2147	225652
2148	226090
2149	226552
2150	227084
2151	227577
2152	228027
2153	228353
2154	228652
2155	229204
2156	229717
2157	230177
2158	230699
2159	231130
2160	231438
2161	231757
2162	232181
2163	232626
2164	233105
2165	233531
2166	233936
2167	234233
2168	234516
2169	234868
2170	235132
2171	235533
2172	235933
2173	236309
2174	236642
2175	236921
2176	237374
2177	237841
2178	238321
2179	238776
2180	239168
2181	239504
2182	239802
2183	240263
2184	240684
2185	241083
2186	241510
2187	241901
2188	242171
2189	242442
2190	242869
2191	243321
2192	243778
2193	244235
2194	244748
2195	245047
2196	245326
2197	245747
2198	246224
2199	246715
2200	247199
2201	247585
2202	247853
2203	248141
2204	248517
2205	248951
2206	249484
2207	250776
2208	251849
2209	252470
2210	253085
2211	254143
2212	255086
2213	256085
2214	257044
2215	257858
2216	258390
2217	258946
2218	259746
2219	260618
2220	261448
2221	262252
2222	262916
2223	263441
2224	263947
2225	264733
2226	265543
2227	266282
2228	266927
2229	267554
2230	267953
2231	268345
2232	268963
2233	269637
2234	270298
2235	270968
2236	271599
2237	272020
2238	272393
2239	273001
2240	273635
2241	274243
2242	274841
2243	275366
2244	275743
2245	276104
2246	276632
2247	277044
2248	277599
2249	278088
2250	278536
2251	278812
2252	279126
2253	279720
2254	280320
2255	280852
2256	281399
2257	281911
2258	282261
2259	282573
2260	283052
2261	283538
2262	283998
2263	284377
2264	284753
2265	284895
2266	285166
2267	285649
2268	286087
2269	286573
2270	287026
2271	287494
2272	287797
2273	288105
2274	288773
2275	289388
2276	289966
2277	290291
2278	290623
2279	290797
2280	291091
2281	291586
2282	292112
2283	292517
2284	292893
2285	293251
2286	293504
2287	293873
2288	294346
2289	294649
2290	295023
2291	295285
2292	295666
2293	295905
2294	296096
2295	296413
2296	296734
2297	297056
2298	297439
2299	297809
2300	298031
2301	298215
2302	298526
2303	298863
2304	299154
2305	299408
2306	299699
2307	299876
2308	300051
2309	300356
2310	300665
2311	301028
2312	301380
2313	301654
2314	301839
2315	302006
2316	302303
2317	302635
2318	303031
2319	303814
2320	304547
2321	304972
2322	305367
2323	306037
2324	306729
2325	307334
2326	307990
2327	308483
2328	308810
2329	309150
2330	309764
2331	310354
2332	310901
2333	311451
2334	311890
2335	312145
2336	312441
2337	312888
2338	313421
2339	313882
2340	314298
2341	314691
2342	314976
2343	315227
2344	315683
2345	316092
2346	316557
2347	317098
2348	317571
2349	317841
2350	318078
2351	318469
2352	318845
2353	319243
2354	319632
2355	319979
2356	320171
2357	320394
2358	320726
2359	321154
2360	321544
2361	321900
2362	322254
2363	322489
2364	322722
2365	323038
2366	323374
2367	323801
2368	324158
2369	324426
2370	324633
2371	324843
2372	325221
2373	325600
2374	325982
2375	326277
2376	326611
2377	326837
2378	327035
2379	327284
2380	327681
2381	328143
2382	328500
2383	328792
2384	328973
2385	329134
2386	329349
2387	329641
2388	329916
2389	330195
2390	330432
2391	330583
2392	330697
2393	330948
2394	331278
2395	331572
2396	331900
2397	332154
2398	332300
2399	332491
2400	332819
2401	333244
2402	333716
2403	334062
2404	334363
2405	334614
2406	334841
2407	335296
2408	335691
2409	336039
2410	336405
2411	336739
2412	336964
2413	337177
2414	337534
2415	337896
2416	338229
2417	338602
2418	338883
2419	339067
2420	339292
2421	339600
2422	340017
2423	340354
2424	340727
2425	341092
2426	341375
2427	341860
2428	342767
2429	343528
2430	344430
2431	345189
2432	345800
2433	346212
2434	346629
2435	347282
2436	347869
2437	348674
2438	349316
2439	349936
2440	350347
2441	350685
2442	351321
2443	351892
2444	352551
2445	353092
2446	353565
2447	353882
2448	354201
2449	354745
2450	355243
2451	355727
2452	355991
2453	356250
2454	356422
2455	356608
2456	357029
2457	357513
2458	357990
2459	358489
2460	359003
2461	359351
2462	359724
2463	360272
2464	360769
2465	361356
2466	361836
2467	362250
2468	362581
2469	362867
2470	363336
2471	363836
2472	364276
2473	364657
2474	365093
2475	365346
2476	365634
2477	366053
2478	366511
2479	367006
2480	367460
2481	367821
2482	368156
2483	368431
2484	368901
2485	369382
2486	369778
2487	370193
2488	370609
2489	370900
2490	371116
2491	371504
2492	371866
2493	372408
2494	373027
2495	373582
2496	373928
2497	374258
2498	374737
2499	375184
2500	375401
2501	375575
2502	375819
2503	376048
2504	376245
2505	376545
2506	376847
2507	377049
2508	377206
2509	377666
2510	378258
2511	378859
2512	379710
2513	380514
2514	381234
2515	381988
2516	382701
2517	383109
2518	383749
2519	384682
2520	385720
2521	386712
2522	387616
2523	388470
2524	388918
2525	389247
2526	389783
2527	390388
2528	390961
2529	391562
2530	392083
2531	392446
2532	392812
2533	393258
2534	393780
2535	394345
2536	394897
2537	395333
2538	395602
2539	395882
2540	396310
2541	396775
2542	397257
2543	397744
2544	398201
2545	398486
2546	398757
2547	399192
2548	399650
2549	400171
2550	400580
2551	400960
2552	401179
2553	401464
2554	401793
2555	402193
2556	402567
2557	403074
2558	403550
2559	403945
2560	404243
2561	404610
2562	405068
2563	405846
2564	407068
2565	408121
2566	408730
2567	409247
2568	410077
2569	411145
2570	412270
2571	413126
2572	413700
2573	414100
2574	414494
2575	415172
2576	416045
2577	417027
2578	417961
2579	418803
2580	419457
2581	420132
2582	421121
2583	422099
2584	422808
2585	423384
2586	423893
2587	424252
2588	424628
2589	425171
2590	425799
2591	426360
2592	427097
2593	427608
2594	427932
2595	428244
2596	428775
2597	429312
2598	430068
2599	430774
2600	431198
2601	431457
2602	431709
2603	432096
2604	432544
2605	433047
2606	433506
2607	433949
2608	434220
2609	434460
2610	434897
2611	435321
2612	435716
2613	436423
2614	437444
2615	437992
2616	438519
2617	439423
2618	440264
2619	441082
2620	441893
2621	442578
2622	442998
2623	443385
2624	444000
2625	444952
2626	445661
2627	446234
2628	446658
2629	447025
2630	447349
2631	447947
2632	448553
2633	449131
2634	449706
2635	450472
2636	450975
2637	451558
2638	452424
2639	453293
2640	454117
2641	454650
2642	455114
2643	455428
2644	455731
2645	456199
2646	456723
2647	457218
2648	457722
2649	458130
2650	458390
2651	458640
2652	459012
2653	459481
2654	459981
2655	460471
2656	461048
2657	461315
2658	461588
2659	461995
2660	462435
2661	462938
2662	463304
2663	463672
2664	463910
2665	464536
2666	465587
2667	467009
2668	468181
2669	469062
2670	469776
2671	470282
2672	470742
2673	471499
2674	472425
2675	473472
2676	474483
2677	475455
2678	476115
2679	476706
2680	477587
2681	478638
2682	479601
2683	480529
2684	481071
2685	481392
2686	481708
2687	482305
2688	482846
2689	483398
2690	484036
2691	484356
2692	484525
2693	484699
2694	485040
2695	485537
2696	486027
2697	486561
2698	487029
2699	487344
2700	487670
2701	488154
2702	488654
2703	489095
2704	489500
2705	490071
2706	490510
2707	490903
2708	491391
2709	491992
2710	492533
2711	493056
2712	493505
2713	493842
2714	494127
2715	494649
2716	495196
2717	495712
2718	496351
2719	496711
2720	497148
2721	497601
2722	498291
2723	498980
2724	499579
2725	500143
2726	500765
2727	501156
2728	501542
2729	502175
2730	502830
2731	503549
2732	504137
2733	504620
2734	504952
2735	505333
2736	505861
2737	506378
2738	506922
2739	507420
2740	507887
2741	508209
2742	508510
2743	509002
2744	509519
2745	510022
2746	510552
2747	511006
2748	511325
2749	511644
2750	512101
2751	512958
2752	513830
2753	514656
2754	515430
2755	515976
2756	516509
2757	517300
2758	518178
2759	519079
2760	520029
2761	520834
2762	521339
2763	521880
2764	522690
2765	523497
2766	524253
2767	524906
2768	525552
2769	525998
2770	526432
2771	527103
2772	527757
2773	528362
2774	528988
2775	529628
2776	530073
2777	530479
2778	531043
2779	531708
2780	532317
2781	532914
2782	533560
2783	534082
2784	534634
2785	535364
2786	535955
2787	536464
2788	537050
2789	537306
2790	537440
2791	537662
2792	538100
2793	538875
2794	539796
2795	540768
2796	541326
2797	541518
2798	541666
2799	541942
2800	542386
2801	543208
2802	544007
2803	544517
2804	544679
2805	544789
2806	545078
2807	545369
2808	545755
2809	545994
2810	546176
2811	546264
2812	546375
2813	546555
2814	546926
2815	547248
2816	547755
2817	548086
2818	548202
2819	548310
2820	548714
2821	549326
2822	549567
2823	549785
2824	549945
2825	550039
2826	550118
2827	550303
2828	550691
2829	550978
2830	551253
2831	551424
2832	551716
2833	552012
2834	552403
2835	552738
2836	553093
2837	553630
2838	554112
2839	554677
2840	555364
2841	556202
2842	556848
2843	557468
2844	557754
2845	558473
2846	559188
2847	559822
2848	560221
2849	560636
2850	561559
2851	561927
2852	562193
2853	562322
2854	562427
2855	562660
2856	562887
2857	563125
2858	563355
2859	563547
2860	563660
2861	563759
2862	563956
2863	564131
2864	564285
2865	564382
2866	564463
2867	564554
2868	564649
2869	564788
2870	564942
2871	565074
2872	565183
2873	565261
2874	565347
2875	565440
2876	565612
2877	565769
2878	565994
2879	566465
2880	566654
2881	566750
2882	566855
2883	567037
2884	567228
2885	567381
2886	567557
2887	567679
