1	1
2	1
3	1
4	1
5	1
6	1
7	1
8	1
9	1
10	1
11	1
12	1
13	1
14	1
15	1
16	1
17	1
18	2
19	6
20	6
21	6
22	6
23	8
24	8
25	8
26	8
27	8
28	8
29	8
30	8
31	8
32	8
33	8
34	9
35	9
36	9
37	9
38	9
39	9
40	9
41	9
42	9
43	9
44	9
45	9
46	9
47	10
48	10
49	10
50	10
51	10
52	10
53	10
54	10
55	11
56	11
57	11
58	11
59	13
60	14
61	14
62	14
63	14
64	15
65	15
66	16
67	16
68	16
69	16
70	16
71	18
72	18
73	18
74	18
75	18
76	18
77	18
78	18
79	18
80	18
81	18
82	19
83	19
84	20
85	20
86	20
87	21
88	21
89	21
90	21
91	23
92	24
93	25
94	26
95	26
96	26
97	26
98	26
99	27
100	27
101	27
102	27
103	28
104	28
105	28
106	28
107	30
108	30
109	30
110	30
111	31
112	32
113	34
114	34
115	34
116	35
117	42
118	43
119	44
120	44
121	44
122	44
123	44
124	46
125	46
126	48
127	48
128	49
129	50
130	50
131	50
132	50
133	50
134	51
135	51
136	51
137	51
138	51
139	51
140	51
141	52
142	52
143	52
144	54
145	54
146	54
147	54
148	54
149	54
150	55
151	55
152	56
153	57
154	57
155	64
156	64
157	64
158	64
159	64
160	64
161	65
162	67
163	68
164	69
165	69
166	69
167	71
168	71
169	71
170	71
171	71
172	71
173	71
174	72
175	72
176	72
177	73
178	73
179	73
180	73
181	75
182	76
183	76
184	76
185	76
186	78
187	78
188	78
189	79
190	79
191	79
192	79
193	80
194	81
195	83
196	83
197	84
198	84
199	85
200	86
201	87
202	88
203	89
204	90
205	90
206	91
207	92
208	93
209	95
210	95
211	95
212	95
213	97
214	98
215	99
216	99
217	99
218	99
219	99
220	100
221	100
222	100
223	101
224	101
225	101
226	101
227	102
228	102
229	105
230	105
231	105
232	105
233	105
234	105
235	105
236	106
237	107
238	108
239	108
240	109
241	109
242	110
243	110
244	110
245	110
246	110
247	110
248	110
249	111
250	111
251	112
252	112
253	113
254	116
255	117
256	117
257	118
258	118
259	119
260	120
261	121
262	122
263	122
264	123
265	123
266	123
267	124
268	133
269	134
270	134
271	135
272	135
273	135
274	136
275	138
276	139
277	140
278	141
279	144
280	146
281	147
282	151
283	154
284	154
285	154
286	154
287	154
288	154
289	154
290	154
291	156
292	156
293	156
294	156
295	156
296	157
297	157
298	158
299	172
300	179
301	179
302	179
303	180
304	182
305	184
306	185
307	185
308	186
309	187
310	189
311	191
312	192
313	195
314	197
315	197
316	198
317	200
318	200
319	200
320	200
321	202
322	204
323	205
324	206
325	208
326	208
327	209
328	210
329	211
330	214
331	215
332	223
333	227
334	227
335	227
336	227
337	229
338	236
339	237
340	254
341	255
342	256
343	258
344	259
345	259
346	262
347	262
348	263
349	264
350	267
351	268
352	270
353	270
354	271
355	273
356	273
357	273
358	275
359	277
360	282
361	285
362	287
363	287
364	288
365	288
366	293
367	296
368	319
369	330
370	330
371	330
372	335
373	339
374	343
375	343
376	347
377	348
378	350
379	351
380	353
381	357
382	357
383	361
384	362
385	364
386	366
387	367
388	367
389	368
390	373
391	374
392	377
393	383
394	383
395	390
396	395
397	397
398	400
399	404
400	412
401	415
402	416
403	428
404	433
405	433
406	435
407	435
408	438
409	441
410	443
411	447
412	449
413	453
414	454
415	456
416	467
417	468
418	470
419	471
420	471
421	473
422	476
423	476
424	477
425	484
426	484
427	484
428	485
429	493
430	494
431	495
432	495
433	496
434	499
435	502
436	504
437	527
438	532
439	548
440	551
441	552
442	552
443	553
444	554
445	556
446	561
447	563
448	566
449	571
450	578
451	583
452	588
453	591
454	592
455	592
456	593
457	602
458	606
459	607
460	608
461	609
462	609
463	611
464	613
465	615
466	616
467	621
468	622
469	624
470	631
471	649
472	653
473	654
474	657
475	660
476	682
477	683
478	686
479	689
480	691
481	696
482	699
483	700
484	712
485	714
486	721
487	723
488	726
489	728
490	731
491	734
492	749
493	757
494	759
495	763
496	764
497	768
498	768
499	770
500	770
501	778
502	779
503	780
504	788
505	791
506	792
507	793
508	795
509	797
510	799
511	801
512	807
513	811
514	811
515	814
516	815
517	817
518	818
519	820
520	823
521	827
522	830
523	830
524	834
525	838
526	848
527	853
528	866
529	870
530	883
531	884
532	890
533	891
534	894
535	900
536	907
537	908
538	911
539	912
540	918
541	918
542	922
543	924
544	928
545	934
546	936
547	942
548	945
549	946
550	949
551	950
552	951
553	955
554	957
555	959
556	959
557	970
558	971
559	973
560	977
561	987
562	992
563	1007
564	1008
565	1012
566	1015
567	1015
568	1020
569	1026
570	1030
571	1036
572	1037
573	1038
574	1040
575	1044
576	1048
577	1067
578	1067
579	1071
580	1080
581	1085
582	1089
583	1095
584	1098
585	1102
586	1104
587	1106
588	1107
589	1108
590	1111
591	1115
592	1120
593	1127
594	1128
595	1129
596	1135
597	1139
598	1146
599	1149
600	1151
601	1151
602	1152
603	1158
604	1162
605	1165
606	1172
607	1175
608	1176
609	1176
610	1187
611	1188
612	1192
613	1210
614	1214
615	1220
616	1224
617	1229
618	1233
619	1234
620	1239
621	1242
622	1246
623	1252
624	1256
625	1259
626	1262
627	1264
628	1268
629	1272
630	1274
631	1277
632	1280
633	1284
634	1288
635	1302
636	1308
637	1312
638	1316
639	1325
640	1329
641	1332
642	1340
643	1346
644	1351
645	1357
646	1363
647	1366
648	1371
649	1381
650	1381
651	1384
652	1385
653	1388
654	1396
655	1398
656	1399
657	1401
658	1405
659	1412
660	1416
661	1419
662	1420
663	1428
664	1430
665	1432
666	1438
667	1442
668	1447
669	1456
670	1460
671	1466
672	1468
673	1470
674	1477
675	1479
676	1487
677	1491
678	1496
679	1496
680	1498
681	1505
682	1506
683	1510
684	1513
685	1515
686	1517
687	1519
688	1522
689	1525
690	1529
691	1532
692	1533
693	1540
694	1548
695	1553
696	1558
697	1565
698	1569
699	1574
700	1577
701	1581
702	1584
703	1590
704	1600
705	1606
706	1609
707	1615
708	1622
709	1625
710	1635
711	1640
712	1646
713	1652
714	1654
715	1659
716	1683
717	1686
718	1693
719	1698
720	1705
721	1709
722	1711
723	1715
724	1727
725	1733
726	1742
727	1743
728	1752
729	1778
730	1790
731	1813
732	1817
733	1819
734	1820
735	1822
736	1831
737	1845
738	1850
739	1857
740	1862
741	1867
742	1871
743	1873
744	1903
745	1910
746	1921
747	1938
748	1941
749	1948
750	1973
751	1984
752	1989
753	1998
754	2004
755	2008
756	2014
757	2018
758	2025
759	2035
760	2041
761	2047
762	2055
763	2063
764	2068
765	2079
766	2085
767	2097
768	2101
769	2103
770	2109
771	2120
772	2129
773	2140
774	2187
775	2210
776	2223
777	2230
778	2237
779	2246
780	2253
781	2267
782	2271
783	2279
784	2281
785	2289
786	2310
787	2324
788	2334
789	2347
790	2352
791	2356
792	2371
793	2391
794	2396
795	2406
796	2420
797	2427
798	2432
799	2457
800	2462
801	2467
802	2483
803	2491
804	2495
805	2506
806	2511
807	2518
808	2529
809	2546
810	2553
811	2559
812	2563
813	2589
814	2598
815	2609
816	2619
817	2626
818	2634
819	2642
820	2696
821	2707
822	2711
823	2718
824	2733
825	2743
826	2745
827	2758
828	2765
829	2778
830	2787
831	2803
832	2815
833	2820
834	2846
835	2857
836	2872
837	2888
838	2899
839	2904
840	2916
841	2924
842	2941
843	2951
844	2959
845	2974
846	2980
847	2985
848	2993
849	3002
850	3048
851	3057
852	3077
853	3079
854	3085
855	3097
856	3137
857	3143
858	3155
859	3165
860	3169
861	3179
862	3190
863	3210
864	3221
865	3229
866	3236
867	3243
868	3248
869	3271
870	3289
871	3310
872	3322
873	3330
874	3338
875	3343
876	3347
877	3358
878	3378
879	3397
880	3412
881	3423
882	3428
883	3435
884	3456
885	3481
886	3490
887	3495
888	3503
889	3513
890	3522
891	3528
892	3536
893	3543
894	3553
895	3563
896	3572
897	3584
898	3594
899	3611
900	3621
901	3627
902	3629
903	3635
904	3653
905	3663
906	3672
907	3696
908	3704
909	3716
910	3718
911	3733
912	3744
913	3762
914	3770
915	3778
916	3780
917	3789
918	3797
919	3813
920	3824
921	3836
922	3863
923	3875
924	3884
925	3898
926	3921
927	3933
928	3994
929	4013
930	4014
931	4027
932	4037
933	4047
934	4060
935	4078
936	4106
937	4117
938	4125
939	4144
940	4165
941	4179
942	4199
943	4211
944	4217
945	4231
946	4248
947	4267
948	4292
949	4306
950	4383
951	4399
952	4406
953	4426
954	4487
955	4549
956	4583
957	4593
958	4598
959	4607
960	4625
961	4641
962	4668
963	4682
964	4705
965	4717
966	4734
967	4761
968	4778
969	4806
970	4829
971	4845
972	4855
973	4863
974	4874
975	4891
976	4900
977	4945
978	4962
979	4972
980	4994
981	5022
982	5054
983	5068
984	5105
985	5121
986	5138
987	5145
988	5176
989	5205
990	5218
991	5254
992	5270
993	5282
994	5299
995	5316
996	5334
997	5346
998	5402
999	5416
1000	5432
1001	5459
1002	5478
1003	5524
1004	5539
1005	5561
1006	5581
1007	5593
1008	5595
1009	5615
1010	5641
1011	5666
1012	5690
1013	5711
1014	5732
1015	5739
1016	5786
1017	5809
1018	5825
1019	5860
1020	5874
1021	5905
1022	5914
1023	5925
1024	5938
1025	5957
1026	5980
1027	6003
1028	6015
1029	6030
1030	6044
1031	6063
1032	6098
1033	6123
1034	6150
1035	6166
1036	6183
1037	6223
1038	6260
1039	6276
1040	6289
1041	6312
1042	6330
1043	6349
1044	6373
1045	6400
1046	6422
1047	6441
1048	6516
1049	6528
1050	6536
1051	6548
1052	6564
1053	6580
1054	6592
1055	6602
1056	6615
1057	6639
1058	6668
1059	6685
1060	6715
1061	6743
1062	6822
1063	6834
1064	6847
1065	6871
1066	6893
1067	6934
1068	6971
1069	7003
1070	7038
1071	7055
1072	7092
1073	7127
1074	7156
1075	7176
1076	7215
1077	7241
1078	7257
1079	7301
1080	7320
1081	7343
1082	7374
1083	7402
1084	7422
1085	7442
1086	7481
1087	7537
1088	7624
1089	7659
1090	7700
1091	7721
1092	7753
1093	7781
1094	7816
1095	7877
1096	7907
1097	7971
1098	7987
1099	8027
1100	8071
1101	8096
1102	8137
1103	8172
1104	8205
1105	8247
1106	8305
1107	8347
1108	8402
1109	8432
1110	8491
1111	8538
1112	8569
1113	8586
1114	8788
1115	8838
1116	8863
1117	8896
1118	9013
1119	9036
1120	9066
1121	9109
1122	9152
1123	9224
1124	9284
1125	9308
1126	9329
1127	9350
1128	9401
1129	9441
1130	9479
1131	9507
1132	9526
1133	9548
1134	9576
1135	9603
1136	9637
1137	9758
1138	9801
1139	9842
1140	9875
1141	9904
1142	9954
1143	9988
1144	10076
1145	10127
1146	10162
1147	10195
1148	10218
1149	10278
1150	10321
1151	10366
1152	10420
1153	10501
1154	10532
1155	10567
1156	10605
1157	10663
1158	10712
1159	10759
1160	10802
1161	10839
1162	10884
1163	10936
1164	11045
1165	11100
1166	11134
1167	11159
1168	11181
1169	11205
1170	11253
1171	11346
1172	11434
1173	11477
1174	11523
1175	11536
1176	11570
1177	11605
1178	11645
1179	11687
1180	11718
1181	11803
1182	11827
1183	11852
1184	11904
1185	11951
1186	11984
1187	12011
1188	12058
1189	12087
1190	12128
1191	12188
1192	12223
1193	12285
1194	12361
1195	12469
1196	12495
1197	12532
1198	12615
1199	12676
1200	12738
1201	12772
1202	12814
1203	12839
1204	12867
1205	12912
1206	12956
1207	13059
1208	13094
1209	13146
1210	13167
1211	13197
1212	13232
1213	13297
1214	13337
1215	13405
1216	13451
1217	13476
1218	13505
1219	13544
1220	13577
1221	13633
1222	13670
1223	13718
1224	13751
1225	13781
1226	13843
1227	13902
1228	13979
1229	14070
1230	14125
1231	14150
1232	14165
1233	14226
1234	14271
1235	14331
1236	14420
1237	14567
1238	14591
1239	14624
1240	14671
1241	14736
1242	14791
1243	14835
1244	14878
1245	14908
1246	14946
1247	15014
1248	15080
1249	15148
1250	15252
1251	15316
1252	15364
1253	15396
1254	15464
1255	15505
1256	15580
1257	15678
1258	15836
1259	15872
1260	15896
1261	15944
1262	16008
1263	16061
1264	16100
1265	16151
1266	16169
1267	16207
1268	16269
1269	16319
1270	16388
1271	16424
1272	16462
1273	16497
1274	16530
1275	16609
1276	16651
1277	16693
1278	16759
1279	16825
1280	16859
1281	16892
1282	16938
1283	16989
1284	17038
1285	17148
1286	17247
1287	17272
1288	17318
1289	17375
1290	17451
1291	17505
1292	17554
1293	17593
1294	17626
1295	17652
1296	17730
1297	17780
1298	17895
1299	17976
1300	18019
1301	18060
1302	18094
1303	18174
1304	18230
1305	18289
1306	18398
1307	18456
1308	18507
1309	18549
1310	18619
1311	18699
1312	18761
1313	18847
1314	18925
1315	18964
1316	19009
1317	19099
1318	19160
1319	19228
1320	19317
1321	19389
1322	19424
1323	19460
1324	19567
1325	19690
1326	19767
1327	19841
1328	19910
1329	19951
1330	20012
1331	20133
1332	20319
1333	20439
1334	20511
1335	20580
1336	20629
1337	20672
1338	20733
1339	20805
1340	20894
1341	20945
1342	21060
1343	21091
1344	21140
1345	21239
1346	21304
1347	21412
1348	21558
1349	21623
1350	21685
1351	21743
1352	21804
1353	21908
1354	21971
1355	22057
1356	22134
1357	22184
1358	22224
1359	22307
1360	22413
1361	22513
1362	22599
1363	22677
1364	22717
1365	22773
1366	22843
1367	22930
1368	23011
1369	23118
1370	23209
1371	23257
1372	23330
1373	23420
1374	23542
1375	23626
1376	23692
1377	23808
1378	23859
1379	23895
1380	23971
1381	24084
1382	24175
1383	24256
1384	24346
1385	24393
1386	24482
1387	24621
1388	24722
1389	24824
1390	24905
1391	24988
1392	25052
1393	25131
1394	25213
1395	25345
1396	25449
1397	25541
1398	25610
1399	25654
1400	25724
1401	25797
1402	25917
1403	26000
1404	26291
1405	26498
1406	26568
1407	26631
1408	26788
1409	26886
1410	26951
1411	27036
1412	27101
1413	27130
1414	27166
1415	27216
1416	27280
1417	27353
1418	27444
1419	27497
1420	27529
1421	27575
1422	27659
1423	27749
1424	27847
1425	27948
1426	28049
1427	28134
1428	28221
1429	28309
1430	28448
1431	28619
1432	28733
1433	28865
1434	28953
1435	29030
1436	29160
1437	29308
1438	29523
1439	29682
1440	29822
1441	29910
1442	30002
1443	30107
1444	30287
1445	30443
1446	30616
1447	30768
1448	30876
1449	30968
1450	31092
1451	31242
1452	31386
1453	31509
1454	31618
1455	31713
1456	31817
1457	31949
1458	32128
1459	32283
1460	32416
1461	32558
1462	32654
1463	32775
1464	32987
1465	33176
1466	33471
1467	33662
1468	33885
1469	33986
1470	34134
1471	34352
1472	34558
1473	34772
1474	34994
1475	35161
1476	35315
1477	35469
1478	35651
1479	35845
1480	35980
1481	36145
1482	36309
1483	36423
1484	36531
1485	36730
1486	36895
1487	37069
1488	37382
1489	37603
1490	37728
1491	37817
1492	37985
1493	38132
1494	38315
1495	38548
1496	38795
1497	38945
1498	39092
1499	39297
1500	39531
1501	39802
1502	40049
1503	40394
1504	40530
1505	40684
1506	40877
1507	41110
1508	41391
1509	41647
1510	41855
1511	42019
1512	42167
1513	42368
1514	42587
1515	42808
1516	43075
1517	43280
1518	43446
1519	43579
1520	43803
1521	44088
1522	44333
1523	44594
1524	44830
1525	44994
1526	45147
1527	45418
1528	45648
1529	45877
1530	46193
1531	46441
1532	46608
1533	46796
1534	47067
1535	47402
1536	47684
1537	47978
1538	48129
1539	48294
1540	48421
1541	48624
1542	48813
1543	49046
1544	49283
1545	49526
1546	49672
1547	49810
1548	50039
1549	50282
1550	50527
1551	50809
1552	51092
1553	51233
1554	51376
1555	51605
1556	51848
1557	52049
1558	52288
1559	52529
1560	52680
1561	52845
1562	53102
1563	53360
1564	53678
1565	53927
1566	54165
1567	54326
1568	54435
1569	54807
1570	55065
1571	55315
1572	55599
1573	55812
1574	55977
1575	56172
1576	56497
1577	56707
1578	56937
1579	57218
1580	57453
1581	57625
1582	57777
1583	58022
1584	58306
1585	58554
1586	58795
1587	59005
1588	59172
1589	59318
1590	59532
1591	59846
1592	60123
1593	60483
1594	60736
1595	60890
1596	61007
1597	61306
1598	61616
1599	61901
1600	62109
1601	62311
1602	62459
1603	62627
1604	62868
1605	63133
1606	63358
1607	63688
1608	63976
1609	64135
1610	64290
1611	64540
1612	64852
1613	65192
1614	65490
1615	65763
1616	65959
1617	66146
1618	66409
1619	66778
1620	67045
1621	67297
1622	67594
1623	67763
1624	67941
1625	68234
1626	68569
1627	68870
1628	69260
1629	69505
1630	69675
1631	69898
1632	70249
1633	70595
1634	70960
1635	71462
1636	71942
1637	72313
1638	72608
1639	73049
1640	73620
1641	74094
1642	74560
1643	74979
1644	75244
1645	75577
1646	76102
1647	76690
1648	77132
1649	77538
1650	77952
1651	78243
1652	78559
1653	78960
1654	79409
1655	79793
1656	80381
1657	80857
1658	81174
1659	81418
1660	81826
1661	82256
1662	82701
1663	83157
1664	83512
1665	83748
1666	84028
1667	84444
1668	84929
1669	85396
1670	85901
1671	86280
1672	86527
1673	86807
1674	87333
1675	87741
1676	88257
1677	88813
1678	89291
1679	89587
1680	89874
1681	90332
1682	90757
1683	91178
1684	91603
1685	92105
1686	92357
1687	92647
1688	93060
1689	93554
1690	94061
1691	94538
1692	94900
1693	95184
1694	95446
1695	95850
1696	96206
1697	96401
1698	96577
1699	96738
1700	96865
1701	96984
1702	97192
1703	97512
1704	97788
1705	98049
1706	98316
1707	98428
1708	98608
1709	98818
1710	99070
1711	99316
1712	99616
1713	99827
1714	99990
1715	100121
1716	100357
1717	100589
1718	100850
1719	101082
1720	101275
1721	101411
1722	101559
1723	101812
1724	102058
1725	102311
1726	102575
1727	102805
1728	102974
1729	103189
1730	103518
1731	103916
1732	104329
1733	104874
1734	105344
1735	105677
1736	106030
1737	106584
1738	107078
1739	107549
1740	107978
1741	108380
1742	108685
1743	108927
1744	109365
1745	109678
1746	109925
1747	110104
1748	110239
1749	110346
1750	110464
1751	110675
1752	111035
1753	111313
1754	111650
1755	111949
1756	112167
1757	112422
1758	112710
1759	113048
1760	113379
1761	113742
1762	114082
1763	114289
1764	114473
1765	114789
1766	115080
1767	115455
1768	115866
1769	116124
1770	116363
1771	116563
1772	116896
1773	117147
1774	117309
1775	117482
1776	117692
1777	117784
1778	117881
1779	117992
1780	118068
1781	118280
1782	118582
1783	118841
1784	119037
1785	119185
1786	119267
1787	119360
1788	119619
1789	119826
1790	119982
1791	120137
1792	120295
1793	120568
1794	120961
1795	121346
1796	121752
1797	122059
1798	122207
1799	122358
1800	122569
1801	122764
1802	122983
1803	123280
1804	123588
1805	123804
1806	124000
1807	124293
1808	124572
1809	124957
1810	125343
1811	125617
1812	125854
1813	126043
1814	126374
1815	126733
1816	127079
1817	127469
1818	127778
1819	127999
1820	128248
1821	128594
1822	128926
1823	129304
1824	129711
1825	130030
1826	130280
1827	130549
1828	130951
1829	131315
1830	131725
1831	132119
1832	132447
1833	132759
1834	133060
1835	133543
1836	133960
1837	134453
1838	134993
1839	135467
1840	135857
1841	136213
1842	136667
1843	137193
1844	137650
1845	138094
1846	138514
1847	138855
1848	139185
1849	139653
1850	139999
1851	140376
1852	140705
1853	141143
1854	141434
1855	141728
1856	142196
1857	142700
1858	143182
1859	143603
1860	144119
1861	144425
1862	144803
1863	145322
1864	145753
1865	146303
1866	146834
1867	147306
1868	147616
1869	147854
1870	148157
1871	148749
1872	149349
1873	149773
1874	150119
1875	150352
1876	150601
1877	150942
1878	151395
1879	151840
1880	152250
1881	152611
1882	152953
1883	153272
1884	153707
1885	154211
1886	154652
1887	155096
1888	155533
1889	155901
1890	156232
1891	156641
1892	157111
1893	157555
1894	158066
1895	158485
1896	158826
1897	159154
1898	159576
1899	160023
1900	160331
1901	160683
1902	160974
1903	161239
1904	161573
1905	162040
1906	162478
1907	162866
1908	163333
1909	163749
1910	164031
1911	164349
1912	164750
1913	165175
1914	165598
1915	165988
1916	166337
1917	166620
1918	166875
1919	167237
1920	167679
1921	168078
1922	168486
1923	168904
1924	169179
1925	169434
1926	169835
1927	170204
1928	170539
1929	170822
1930	171132
1931	171401
1932	171657
1933	172054
1934	172498
1935	172906
1936	173293
1937	173519
1938	173684
1939	173874
1940	174146
1941	174664
1942	175084
1943	175487
1944	175806
1945	176053
1946	176340
1947	176684
1948	177028
1949	177390
1950	177769
1951	178118
1952	178335
1953	178604
1954	179025
1955	179478
1956	179850
1957	180184
1958	180603
1959	181340
1960	182118
1961	183183
1962	184374
1963	185384
1964	186355
1965	187478
1966	188147
1967	188769
1968	189859
1969	191005
1970	192102
1971	192951
1972	193830
1973	194451
1974	195059
1975	196089
1976	197121
1977	198127
1978	199080
1979	199910
1980	200495
1981	201070
1982	202016
1983	203029
1984	204058
1985	204790
1986	205203
1987	205643
1988	206137
1989	207013
1990	207917
1991	208854
1992	209653
1993	210446
1994	210983
1995	211518
1996	212364
1997	213165
1998	213883
1999	214663
2000	215386
2001	215857
2002	216338
2003	217125
2004	217958
2005	218712
2006	219518
2007	220213
2008	220646
2009	221086
2010	221741
2011	222165
2012	222963
2013	223553
2014	224151
2015	224533
2016	224930
2017	225669
2018	226441
2019	227226
2020	228022
2021	228616
2022	229107
2023	229566
2024	230262
2025	231040
2026	231785
2027	232515
2028	233080
2029	233505
2030	233931
2031	234562
2032	235187
2033	235993
2034	236736
2035	237422
2036	237928
2037	238480
2038	239266
2039	240034
2040	240816
2041	241613
2042	242279
2043	242550
2044	242745
2045	243166
2046	243647
2047	244337
2048	244990
2049	245686
2050	246269
2051	246867
2052	247697
2053	248436
2054	249340
2055	250116
2056	250774
2057	251296
2058	251827
2059	252615
2060	253331
2061	253992
2062	254780
2063	255429
2064	255978
2065	256478
2066	257222
2067	258121
2068	258951
2069	259709
2070	260370
2071	260902
2072	261379
2073	262142
2074	262897
2075	263699
2076	264407
2077	265014
2078	265517
2079	265979
2080	266737
2081	267486
2082	268333
2083	269078
2084	269767
2085	270207
2086	270671
2087	271416
2088	272219
2089	273008
2090	273714
2091	274358
2092	274844
2093	275299
2094	275973
2095	276711
2096	277424
2097	278178
2098	278914
2099	279483
2100	280003
2101	280815
2102	281704
2103	282550
2104	283369
2105	284150
2106	284660
2107	285173
2108	285969
2109	286784
2110	287556
2111	288361
2112	289091
2113	289567
2114	290036
2115	290712
2116	291441
2117	292111
2118	292669
2119	293188
2120	293628
2121	294086
2122	294836
2123	295602
2124	296289
2125	297016
2126	297638
2127	298079
2128	298516
2129	299137
2130	299804
2131	300394
2132	301019
2133	301581
2134	301993
2135	302378
2136	303005
2137	303594
2138	304198
2139	304751
2140	305227
2141	305557
2142	305935
2143	306361
2144	306731
2145	307071
2146	307453
2147	307866
2148	308190
2149	308496
2150	308913
2151	309264
2152	309526
2153	310057
2154	310515
2155	310871
2156	311251
2157	311802
2158	312441
2159	313091
2160	313706
2161	314298
2162	314684
2163	315098
2164	315768
2165	316475
2166	317160
2167	317771
2168	318456
2169	318930
2170	319327
2171	319962
2172	320680
2173	321383
2174	322101
2175	322767
2176	323283
2177	323777
2178	324219
2179	324531
2180	325057
2181	325765
2182	326428
2183	326828
2184	327294
2185	327891
2186	328623
2187	329331
2188	330007
2189	330720
2190	331238
2191	331710
2192	332413
2193	333110
2194	333725
2195	334476
2196	335140
2197	335602
2198	336146
2199	336893
2200	337710
2201	338439
2202	339215
2203	339917
2204	340447
2205	340932
2206	341686
2207	342462
2208	343224
2209	343966
2210	344634
2211	345138
2212	345643
2213	346317
2214	347051
2215	348018
2216	350375
2217	352295
2218	353669
2219	354991
2220	356869
2221	358692
2222	360548
2223	362349
2224	363839
2225	364900
2226	366028
2227	367618
2228	369391
2229	371077
2230	372544
2231	373943
2232	374900
2233	375893
2234	377299
2235	378887
2236	380361
2237	381857
2238	383134
2239	384065
2240	384910
2241	385968
2242	387343
2243	388575
2244	389985
2245	391252
2246	392082
2247	392948
2248	394234
2249	395591
2250	396837
2251	398054
2252	399177
2253	400085
2254	400890
2255	401874
2256	402722
2257	404008
2258	404989
2259	405908
2260	406442
2261	407183
2262	408189
2263	409348
2264	410557
2265	411743
2266	412851
2267	413606
2268	414345
2269	415474
2270	416672
2271	417665
2272	418547
2273	419308
2274	419746
2275	420320
2276	421285
2277	422282
2278	423287
2279	424267
2280	425273
2281	425908
2282	426582
2283	428098
2284	429428
2285	430906
2286	431750
2287	432335
2288	432686
2289	433465
2290	434486
2291	435838
2292	436556
2293	437292
2294	438069
2295	438608
2296	439366
2297	440391
2298	441194
2299	441841
2300	442556
2301	443000
2302	443401
2303	443800
2304	444540
2305	445279
2306	445942
2307	446726
2308	447396
2309	447807
2310	448187
2311	448838
2312	449489
2313	450182
2314	450814
2315	451282
2316	451604
2317	451967
2318	452528
2319	453147
2320	453795
2321	454354
2322	455027
2323	455368
2324	455729
2325	456318
2326	457113
2327	457818
2328	458457
2329	459038
2330	459347
2331	459648
2332	460186
2333	460917
2334	461462
2335	462112
2336	462579
2337	462841
2338	463152
2339	463699
2340	464342
2341	464908
2342	465469
2343	465922
2344	466252
2345	466612
2346	467038
2347	467604
2348	468175
2349	468792
2350	469201
2351	469539
2352	469822
2353	470296
2354	470792
2355	471251
2356	471726
2357	472141
2358	472447
2359	472740
2360	473256
2361	473730
2362	474222
2363	474739
2364	475184
2365	475480
2366	475770
2367	476236
2368	476752
2369	477216
2370	477698
2371	478126
2372	478507
2373	478798
2374	479322
2375	479852
2376	480432
2377	480860
2378	481248
2379	481465
2380	481765
2381	482197
2382	482619
2383	483122
2384	483633
2385	484186
2386	484497
2387	484757
2388	485222
2389	485791
2390	486473
2391	487024
2392	487544
2393	487829
2394	488101
2395	488498
2396	489147
2397	489686
2398	490184
2399	490616
2400	491078
2401	491367
2402	491849
2403	492428
2404	492992
2405	493562
2406	494291
2407	494769
2408	495135
2409	495766
2410	496533
2411	497352
2412	497985
2413	498638
2414	499136
2415	499533
2416	500258
2417	500983
2418	501878
2419	502526
2420	503109
2421	503582
2422	504038
2423	504866
2424	505680
2425	506282
2426	506862
2427	507428
2428	507834
2429	508182
2430	508881
2431	509617
2432	510335
2433	511117
2434	512015
2435	512696
2436	513836
2437	515438
2438	517122
2439	518646
2440	520202
2441	521510
2442	522507
2443	523535
2444	525150
2445	526675
2446	528118
2447	529552
2448	530778
2449	531712
2450	532615
2451	533891
2452	535361
2453	536658
2454	537857
2455	538878
2456	539589
2457	540349
2458	541390
2459	542525
2460	543552
2461	544022
2462	544536
2463	544959
2464	545448
2465	546488
2466	547594
2467	548673
2468	549843
2469	551068
2470	552001
2471	552932
2472	554213
2473	555563
2474	556884
2475	558210
2476	559213
2477	560004
2478	560843
2479	561980
2480	563099
2481	564131
2482	565018
2483	565813
2484	566517
2485	567227
2486	568282
2487	569322
2488	570352
2489	571363
2490	572215
2491	572978
2492	573665
2493	574571
2494	575492
2495	576392
2496	577383
2497	578396
2498	578997
2499	579530
2500	580371
2501	581242
2502	582389
2503	583622
2504	584760
2505	585453
2506	586259
2507	587328
2508	588362
2509	588837
2510	589209
2511	589647
2512	590001
2513	590332
2514	590868
2515	591433
2516	591875
2517	592159
2518	592619
2519	593020
2520	593533
2521	594222
2522	594979
2523	595683
2524	596462
2525	597147
2526	597619
2527	598474
2528	599796
2529	601203
2530	602597
2531	603883
2532	605023
2533	605701
2534	606127
2535	606908
2536	607736
2537	608488
2538	609259
2539	609948
2540	610495
2541	610974
2542	611803
2543	612632
2544	613458
2545	614279
2546	615057
2547	615562
2548	616047
2549	616818
2550	617549
2551	618372
2552	619072
2553	619711
2554	620205
2555	620667
2556	621379
2557	622049
2558	622752
2559	623422
2560	624010
2561	624418
2562	624823
2563	625437
2564	625955
2565	626508
2566	627164
2567	627831
2568	628663
2569	629181
2570	629785
2571	630699
2572	632122
2573	634761
2574	637340
2575	638661
2576	639735
2577	641524
2578	643869
2579	646693
2580	648609
2581	650217
2582	651177
2583	652139
2584	653854
2585	656046
2586	658636
2587	661231
2588	663724
2589	665600
2590	667572
2591	670363
2592	673092
2593	675150
2594	676611
2595	677967
2596	678940
2597	679807
2598	681438
2599	683051
2600	684593
2601	686591
2602	688063
2603	688900
2604	689765
2605	691160
2606	692534
2607	694573
2608	696474
2609	697658
2610	698286
2611	698937
2612	699930
2613	701220
2614	702541
2615	703698
2616	704769
2617	705557
2618	706235
2619	707377
2620	708519
2621	709619
2622	710734
2623	711771
2624	712442
2625	713098
2626	714194
2627	715325
2628	716354
2629	717430
2630	718332
2631	718950
2632	719586
2633	720592
2634	722082
2635	723191
2636	724128
2637	724731
2638	725222
2639	725780
2640	726768
2641	727733
2642	728722
2643	729638
2644	731051
2645	732190
2646	733206
2647	734706
2648	736300
2649	737775
2650	738741
2651	739473
2652	740003
2653	740564
2654	741534
2655	742524
2656	743437
2657	744558
2658	745321
2659	745855
2660	746390
2661	747090
2662	747977
2663	748849
2664	750062
2665	751401
2666	751944
2667	752450
2668	753232
2669	754049
2670	754906
2671	755701
2672	756379
2673	756929
2674	758521
2675	761187
2676	764620
2677	767401
2678	769427
2679	771129
2680	772222
2681	773298
2682	775065
2683	777326
2684	779797
2685	782223
2686	784356
2687	785847
2688	787335
2689	789591
2690	791993
2691	794405
2692	796579
2693	797867
2694	798684
2695	799434
2696	800715
2697	802072
2698	803377
2699	804865
2700	805675
2701	806050
2702	806544
2703	807303
2704	808486
2705	809662
2706	810717
2707	811628
2708	812358
2709	813104
2710	814194
2711	815233
2712	816219
2713	817118
2714	817941
2715	818584
2716	819356
2717	820701
2718	821906
2719	823065
2720	824298
2721	825310
2722	826104
2723	826889
2724	828063
2725	829151
2726	830240
2727	831281
2728	831808
2729	832440
2730	833162
2731	834265
2732	835403
2733	836584
2734	837597
2735	838512
2736	839217
2737	839956
2738	840939
2739	841897
2740	842909
2741	843893
2742	844701
2743	845328
2744	845996
2745	846921
2746	847984
2747	848992
2748	849903
2749	850855
2750	851562
2751	852205
2752	853170
2753	854140
2754	855090
2755	856067
2756	857046
2757	857640
2758	858238
2759	859272
2760	861462
2761	863568
2762	865453
2763	867307
2764	868652
2765	870170
2766	872124
2767	874252
2768	876414
2769	878519
2770	880441
2771	881916
2772	883379
2773	885503
2774	887736
2775	889735
2776	891836
2777	893577
2778	895154
2779	896467
2780	898546
2781	900686
2782	902473
2783	904321
2784	905981
2785	907427
2786	908611
2787	910458
2788	912157
2789	913859
2790	915535
2791	917118
2792	918580
2793	920050
2794	922154
2795	923897
2796	924612
2797	925248
2798	925623
2799	925900
2800	926331
2801	926987
2802	928183
2803	929675
2804	931290
2805	932197
2806	932446
2807	932663
2808	933054
2809	933994
2810	935641
2811	937221
2812	938126
2813	938450
2814	938655
2815	939121
2816	939537
2817	940242
2818	940742
2819	941060
2820	941267
2821	941478
2822	941803
2823	942444
2824	943202
2825	944361
2826	945194
2827	945390
2828	945607
2829	946526
2830	947955
2831	948468
2832	948812
2833	949104
2834	949277
2835	949455
2836	949792
2837	950739
2838	951582
2839	952276
2840	952654
2841	953530
2842	954265
2843	955305
2844	956016
2845	956881
2846	958083
2847	959256
2848	960772
2849	962581
2850	965219
2851	966955
2852	968390
2853	968998
2854	970754
2855	972736
2856	974632
2857	975586
2858	976422
2859	978939
2860	979838
2861	980231
2862	980473
2863	980708
2864	981149
2865	981585
2866	981960
2867	982362
2868	982713
2869	982938
2870	983161
2871	983487
2872	983859
2873	984170
2874	984419
2875	984632
2876	984800
2877	984962
2878	985237
2879	985549
2880	985795
2881	985975
2882	986093
2883	986256
2884	986464
2885	986842
2886	987204
2887	987614
2888	988762
2889	989236
2890	989425
2891	989651
2892	990074
2893	990489
2894	990884
2895	991331
2896	991636
