1	2
2	2
3	6
4	6
5	6
6	6
7	6
8	6
9	6
10	6
11	6
12	6
13	7
14	7
15	10
16	10
17	13
18	13
19	14
20	15
21	18
22	18
23	18
24	18
25	19
26	19
27	19
28	19
29	19
30	24
31	24
32	24
33	25
34	28
35	29
36	31
37	31
38	31
39	31
40	34
41	34
42	35
43	37
44	39
45	40
46	40
47	42
48	47
49	47
50	49
51	50
52	52
53	56
54	62
55	63
56	64
57	66
58	67
59	68
60	71
61	71
62	73
63	76
64	81
65	81
66	83
67	86
68	90
69	96
70	98
71	100
72	100
73	100
74	101
75	107
76	109
77	112
78	112
79	114
80	118
81	122
82	128
83	135
84	140
85	143
86	151
87	156
88	158
89	160
90	163
91	167
92	172
93	177
94	187
95	194
96	202
97	208
98	210
99	213
100	219
101	221
102	222
103	225
104	229
105	234
106	238
107	242
108	242
109	246
110	253
111	259
112	261
113	266
114	270
115	273
116	275
117	279
118	281
119	283
120	289
121	290
122	293
123	297
124	302
125	308
126	313
127	321
128	325
129	328
130	335
131	339
132	347
133	349
134	355
135	358
136	361
137	363
138	368
139	374
140	378
141	381
142	385
143	389
144	394
145	397
146	402
147	404
148	409
149	412
150	417
151	428
152	434
153	440
154	443
155	447
156	448
157	451
158	452
159	454
160	463
161	466
162	468
163	470
164	477
165	482
166	489
167	493
168	496
169	500
170	510
171	516
172	519
173	525
174	527
175	534
176	534
177	541
178	542
179	546
180	556
181	558
182	562
183	565
184	568
185	573
186	578
187	580
188	585
189	588
190	593
191	596
192	605
193	613
194	615
195	620
196	622
197	626
198	633
199	635
200	644
201	647
202	655
203	658
204	663
205	667
206	674
207	682
208	688
209	692
210	694
211	695
212	700
213	705
214	708
215	711
216	713
217	719
218	726
219	729
220	732
221	736
222	738
223	745
224	748
225	755
226	768
227	778
228	784
229	785
230	787
231	796
232	800
233	809
234	820
235	828
236	832
237	838
238	841
239	847
240	850
241	854
242	860
243	867
244	875
245	878
246	881
247	885
248	896
249	902
250	904
251	908
252	916
253	918
254	924
255	932
256	941
257	944
258	952
259	956
260	959
261	961
262	970
263	975
264	981
265	984
266	987
267	990
268	998
269	1002
270	1004
271	1011
272	1014
273	1018
274	1024
275	1028
276	1035
277	1051
278	1065
279	1071
280	1077
281	1080
282	1085
283	1095
284	1106
285	1116
286	1124
287	1127
288	1132
289	1138
290	1149
291	1153
292	1161
293	1166
294	1170
295	1172
296	1180
297	1185
298	1194
299	1202
300	1213
301	1216
302	1216
303	1226
304	1237
305	1243
306	1255
307	1271
308	1275
309	1280
310	1289
311	1301
312	1309
313	1316
314	1322
315	1329
316	1335
317	1346
318	1356
319	1359
320	1364
321	1372
322	1375
323	1380
324	1384
325	1394
326	1402
327	1418
328	1432
329	1439
330	1444
331	1453
332	1465
333	1470
334	1486
335	1493
336	1498
337	1500
338	1515
339	1529
340	1548
341	1572
342	1608
343	1621
344	1627
345	1644
346	1658
347	1671
348	1677
349	1681
350	1687
351	1697
352	1704
353	1712
354	1715
355	1722
356	1731
357	1743
358	1751
359	1759
360	1769
361	1784
362	1799
363	1810
364	1822
365	1830
366	1840
367	1861
368	1868
369	1876
370	1889
371	1894
372	1905
373	1917
374	1931
375	1937
376	1947
377	1960
378	1967
379	1979
380	1995
381	2010
382	2024
383	2034
384	2048
385	2054
386	2063
387	2076
388	2098
389	2115
390	2131
391	2148
392	2158
393	2172
394	2180
395	2190
396	2200
397	2212
398	2224
399	2232
400	2242
401	2257
402	2269
403	2290
404	2306
405	2311
406	2325
407	2334
408	2349
409	2367
410	2381
411	2400
412	2416
413	2425
414	2431
415	2445
416	2459
417	2474
418	2490
419	2508
420	2516
421	2530
422	2542
423	2560
424	2575
425	2603
426	2615
427	2628
428	2646
429	2665
430	2684
431	2694
432	2710
433	2721
434	2728
435	2735
436	2743
437	2767
438	2781
439	2789
440	2805
441	2813
442	2821
443	2834
444	2856
445	2874
446	2888
447	2899
448	2909
449	2918
450	2939
451	2955
452	2966
453	2978
454	2987
455	2991
456	3001
457	3011
458	3030
459	3044
460	3059
461	3080
462	3090
463	3102
464	3120
465	3133
466	3153
467	3176
468	3187
469	3196
470	3212
471	3235
472	3247
473	3259
474	3271
475	3282
476	3293
477	3314
478	3333
479	3344
480	3357
481	3369
482	3381
483	3390
484	3405
485	3423
486	3437
487	3450
488	3469
489	3479
490	3482
491	3494
492	3519
493	3534
494	3552
495	3571
496	3588
497	3592
498	3604
499	3621
500	3634
501	3653
502	3670
503	3682
504	3695
505	3717
506	3731
507	3753
508	3765
509	3786
510	3806
511	3816
512	3825
513	3841
514	3863
515	3875
516	3887
517	3896
518	3905
519	3910
520	3924
521	3938
522	3954
523	3963
524	3976
525	3985
526	3992
527	4019
528	4042
529	4054
530	4065
531	4073
532	4080
533	4091
534	4105
535	4119
536	4132
537	4142
538	4156
539	4168
540	4175
541	4195
542	4209
543	4229
544	4246
545	4257
546	4263
547	4274
548	4285
549	4303
550	4325
551	4335
552	4347
553	4356
554	4367
555	4382
556	4399
557	4413
558	4429
559	4461
560	4478
561	4484
562	4493
563	4519
564	4534
565	4560
566	4575
567	4581
568	4595
569	4609
570	4619
571	4635
572	4644
573	4658
574	4668
575	4674
576	4694
577	4712
578	4730
579	4749
580	4755
581	4765
582	4777
583	4790
584	4812
585	4824
586	4839
587	4855
588	4865
589	4872
590	4886
591	4906
592	4922
593	4938
594	4951
595	4963
596	4978
597	4999
598	5023
599	5038
600	5054
601	5073
602	5086
603	5096
604	5115
605	5136
606	5161
607	5185
608	5205
609	5217
610	5233
611	5251
612	5272
613	5284
614	5300
615	5316
616	5327
617	5340
618	5351
619	5373
620	5393
621	5409
622	5425
623	5439
624	5447
625	5466
626	5483
627	5511
628	5529
629	5557
630	5567
631	5585
632	5600
633	5623
634	5648
635	5672
636	5699
637	5718
638	5735
639	5756
640	5776
641	5794
642	5811
643	5827
644	5838
645	5859
646	5881
647	5905
648	5931
649	5954
650	5979
651	5989
652	6001
653	6019
654	6036
655	6067
656	6096
657	6123
658	6135
659	6151
660	6180
661	6209
662	6226
663	6249
664	6267
665	6286
666	6302
667	6332
668	6353
669	6370
670	6399
671	6419
672	6441
673	6460
674	6475
675	6501
676	6519
677	6555
678	6571
679	6589
680	6614
681	6638
682	6670
683	6696
684	6719
685	6749
686	6780
687	6810
688	6831
689	6865
690	6891
691	6917
692	6939
693	6961
694	6986
695	7014
696	7042
697	7078
698	7119
699	7154
700	7174
701	7198
702	7232
703	7275
704	7320
705	7349
706	7374
707	7403
708	7419
709	7436
710	7472
711	7502
712	7515
713	7536
714	7558
715	7574
716	7604
717	7629
718	7654
719	7681
720	7694
721	7721
722	7741
723	7765
724	7796
725	7837
726	7871
727	7901
728	7921
729	7942
730	7972
731	8012
732	8041
733	8074
734	8116
735	8135
736	8170
737	8196
738	8234
739	8270
740	8296
741	8324
742	8353
743	8384
744	8422
745	8455
746	8486
747	8515
748	8562
749	8601
750	8626
751	8665
752	8703
753	8748
754	8780
755	8811
756	8835
757	8867
758	8906
759	8949
760	9000
761	9035
762	9060
763	9077
764	9104
765	9136
766	9175
767	9211
768	9257
769	9286
770	9322
771	9360
772	9396
773	9439
774	9477
775	9524
776	9557
777	9591
778	9621
779	9653
780	9699
781	9743
782	9782
783	9814
784	9853
785	9877
786	9914
787	9948
788	9971
789	10009
790	10052
791	10087
792	10121
793	10156
794	10195
795	10230
796	10263
797	10316
798	10354
799	10393
800	10431
801	10467
802	10509
803	10555
804	10601
805	10628
806	10657
807	10693
808	10741
809	10787
810	10821
811	10872
812	10896
813	10921
814	10959
815	11010
816	11053
817	11095
818	11134
819	11172
820	11197
821	11239
822	11273
823	11314
824	11358
825	11401
826	11439
827	11471
828	11510
829	11554
830	11591
831	11636
832	11687
833	11722
834	11756
835	11801
836	11849
837	11890
838	11929
839	11967
840	12000
841	12039
842	12091
843	12140
844	12185
845	12219
846	12263
847	12284
848	12320
849	12365
850	12415
851	12470
852	12504
853	12566
854	12596
855	12625
856	12666
857	12712
858	12764
859	12823
860	12870
861	12905
862	12943
863	12976
864	13012
865	13069
866	13120
867	13166
868	13198
869	13230
870	13277
871	13322
872	13367
873	13416
874	13466
875	13498
876	13533
877	13568
878	13611
879	13678
880	13741
881	13809
882	13852
883	13894
884	13962
885	14005
886	14055
887	14115
888	14155
889	14197
890	14233
891	14283
892	14330
893	14387
894	14435
895	14483
896	14517
897	14557
898	14608
899	14666
900	14727
901	14778
902	14832
903	14872
904	14907
905	14951
906	14991
907	15037
908	15090
909	15157
910	15201
911	15227
912	15274
913	15341
914	15406
915	15469
916	15513
917	15539
918	15576
919	15648
920	15701
921	15769
922	15845
923	15912
924	15955
925	15995
926	16052
927	16117
928	16183
929	16242
930	16307
931	16340
932	16381
933	16429
934	16487
935	16554
936	16610
937	16655
938	16690
939	16737
940	16786
941	16853
942	16916
943	17002
944	17061
945	17111
946	17160
947	17240
948	17320
949	17390
950	17450
951	17526
952	17576
953	17624
954	17693
955	17748
956	17852
957	17910
958	17983
959	18047
960	18094
961	18148
962	18242
963	18305
964	18378
965	18451
966	18511
967	18543
968	18608
969	18695
970	18756
971	18851
972	18948
973	19014
974	19082
975	19154
976	19242
977	19362
978	19538
979	19637
980	19722
981	19770
982	19873
983	19967
984	20072
985	20154
986	20246
987	20378
988	20475
989	20582
990	20684
991	20782
992	20866
993	20971
994	21033
995	21107
996	21198
997	21303
998	21394
999	21472
1000	21552
1001	21600
1002	21662
1003	21736
1004	21827
1005	21922
1006	22023
1007	22109
1008	22186
1009	22260
1010	22376
1011	22482
1012	22576
1013	22672
1014	22755
1015	22808
1016	22872
1017	22970
1018	23070
1019	23163
1020	23263
1021	23380
1022	23462
1023	23526
1024	23610
1025	23711
1026	23815
1027	23905
1028	23990
1029	24064
1030	24120
1031	24202
1032	24298
1033	24423
1034	24528
1035	24627
1036	24706
1037	24751
1038	24851
1039	24954
1040	25056
1041	25145
1042	25228
1043	25279
1044	25344
1045	25444
1046	25548
1047	25637
1048	25722
1049	25799
1050	25868
1051	25944
1052	26052
1053	26159
1054	26263
1055	26359
1056	26453
1057	26517
1058	26583
1059	26667
1060	26767
1061	26868
1062	26968
1063	27061
1064	27134
1065	27214
1066	27309
1067	27430
1068	27533
1069	27632
1070	27731
1071	27799
1072	27850
1073	27925
1074	28004
1075	28133
1076	28238
1077	28298
1078	28346
1079	28405
1080	28489
1081	28592
1082	28688
1083	28773
1084	28842
1085	28889
1086	28954
1087	29040
1088	29151
1089	29262
1090	29366
1091	29508
1092	29583
1093	29649
1094	29765
1095	29858
1096	29990
1097	30103
1098	30216
1099	30295
1100	30373
1101	30494
1102	30619
1103	30739
1104	30860
1105	30969
1106	31054
1107	31164
1108	31284
1109	31431
1110	31565
1111	31677
1112	31808
1113	31896
1114	31979
1115	32081
1116	32209
1117	32346
1118	32459
1119	32603
1120	32699
1121	32805
1122	32959
1123	33106
1124	33265
1125	33437
1126	33593
1127	33698
1128	33803
1129	33942
1130	34067
1131	34215
1132	34336
1133	34472
1134	34567
1135	34678
1136	34802
1137	34949
1138	35087
1139	35228
1140	35375
1141	35501
1142	35610
1143	35757
1144	35926
1145	36101
1146	36245
1147	36376
1148	36479
1149	36577
1150	36703
1151	36846
1152	37021
1153	37179
1154	37315
1155	37417
1156	37531
1157	37666
1158	37826
1159	37977
1160	38109
1161	38242
1162	38342
1163	38452
1164	38630
1165	38804
1166	38958
1167	39135
1168	39288
1169	39409
1170	39530
1171	39712
1172	39920
1173	40099
1174	40304
1175	40473
1176	40586
1177	40720
1178	40896
1179	41085
1180	41259
1181	41447
1182	41611
1183	41770
1184	41895
1185	42084
1186	42286
1187	42490
1188	42674
1189	42873
1190	42985
1191	43090
1192	43261
1193	43454
1194	43621
1195	43836
1196	44003
1197	44122
1198	44218
1199	44359
1200	44562
1201	44769
1202	44964
1203	45146
1204	45297
1205	45414
1206	45579
1207	45795
1208	46020
1209	46224
1210	46429
1211	46556
1212	46687
1213	46857
1214	47062
1215	47268
1216	47476
1217	47678
1218	47808
1219	47964
1220	48140
1221	48330
1222	48534
1223	48735
1224	48949
1225	49072
1226	49178
1227	49396
1228	49611
1229	49823
1230	50013
1231	50229
1232	50396
1233	50549
1234	50762
1235	50986
1236	51190
1237	51389
1238	51583
1239	51725
1240	51880
1241	52074
1242	52303
1243	52528
1244	52745
1245	52945
1246	53107
1247	53245
1248	53458
1249	53693
1250	53914
1251	54133
1252	54347
1253	54516
1254	54657
1255	54852
1256	55073
1257	55308
1258	55564
1259	55786
1260	55934
1261	56091
1262	56319
1263	56568
1264	56798
1265	57009
1266	57206
1267	57366
1268	57504
1269	57698
1270	57938
1271	58189
1272	58394
1273	58588
1274	58759
1275	58914
1276	59127
1277	59336
1278	59591
1279	59857
1280	60086
1281	60244
1282	60411
1283	60686
1284	60926
1285	61154
1286	61387
1287	61616
1288	61762
1289	61932
1290	62147
1291	62415
1292	62673
1293	62945
1294	63197
1295	63357
1296	63517
1297	63718
1298	63997
1299	64266
1300	64564
1301	64811
1302	65014
1303	65189
1304	65452
1305	65719
1306	65972
1307	66270
1308	66472
1309	66656
1310	66817
1311	67064
1312	67349
1313	67608
1314	67895
1315	68242
1316	68547
1317	68799
1318	69107
1319	69451
1320	69756
1321	70069
1322	70376
1323	70585
1324	70848
1325	71150
1326	71474
1327	71815
1328	72079
1329	72351
1330	72530
1331	72755
1332	73009
1333	73318
1334	73625
1335	73948
1336	74199
1337	74393
1338	74598
1339	74891
1340	75172
1341	75475
1342	75815
1343	76129
1344	76336
1345	76587
1346	76944
1347	77253
1348	77614
1349	77925
1350	78205
1351	78407
1352	78637
1353	78925
1354	79251
1355	79590
1356	79894
1357	80155
1358	80366
1359	80580
1360	80897
1361	81183
1362	81523
1363	81796
1364	82114
1365	82317
1366	82516
1367	82813
1368	83131
1369	83415
1370	83746
1371	84061
1372	84283
1373	84466
1374	84810
1375	85114
1376	85445
1377	85795
1378	86117
1379	86328
1380	86537
1381	86887
1382	87216
1383	87553
1384	87905
1385	88267
1386	88489
1387	88720
1388	89065
1389	89432
1390	89804
1391	90124
1392	90465
1393	90727
1394	90973
1395	91306
1396	91658
1397	91987
1398	92337
1399	92702
1400	92958
1401	93189
1402	93507
1403	93869
1404	94285
1405	94655
1406	95004
1407	95268
1408	95560
1409	95923
1410	96353
1411	96738
1412	97064
1413	97327
1414	97590
1415	97819
1416	98182
1417	98574
1418	99009
1419	99406
1420	99820
1421	100094
1422	100353
1423	100751
1424	101162
1425	101562
1426	101957
1427	102337
1428	102611
1429	102880
1430	103294
1431	103746
1432	104145
1433	104566
1434	105004
1435	105290
1436	105599
1437	106013
1438	106454
1439	106897
1440	107291
1441	107662
1442	107910
1443	108091
1444	108364
1445	108695
1446	109096
1447	109523
1448	109871
1449	110161
1450	110421
1451	110943
1452	111449
1453	112033
1454	112642
1455	113175
1456	113529
1457	113919
1458	114452
1459	115024
1460	115645
1461	116260
1462	116820
1463	117175
1464	117562
1465	118158
1466	118783
1467	119422
1468	119966
1469	120479
1470	120898
1471	121271
1472	121832
1473	122471
1474	123080
1475	123626
1476	124195
1477	124619
1478	125076
1479	125648
1480	126280
1481	127012
1482	127680
1483	128326
1484	128808
1485	129317
1486	129917
1487	130549
1488	131207
1489	131838
1490	132394
1491	132827
1492	133320
1493	134030
1494	134736
1495	135510
1496	136354
1497	137144
1498	137729
1499	138273
1500	139017
1501	139810
1502	140659
1503	141505
1504	142362
1505	143021
1506	143607
1507	144475
1508	145268
1509	146032
1510	146758
1511	147473
1512	147994
1513	148544
1514	149224
1515	149962
1516	150674
1517	151394
1518	152089
1519	152504
1520	152921
1521	153569
1522	154235
1523	154992
1524	155793
1525	156533
1526	157081
1527	157605
1528	158413
1529	159295
1530	160243
1531	161087
1532	161831
1533	162353
1534	162896
1535	163701
1536	164677
1537	165649
1538	166617
1539	167497
1540	168073
1541	168639
1542	169496
1543	170361
1544	171198
1545	171999
1546	172761
1547	173361
1548	173884
1549	174613
1550	175558
1551	176537
1552	177452
1553	178318
1554	179004
1555	179713
1556	180613
1557	181629
1558	182667
1559	183597
1560	184539
1561	185247
1562	185936
1563	186820
1564	187804
1565	188743
1566	189698
1567	190584
1568	191251
1569	191849
1570	192735
1571	193596
1572	194559
1573	195608
1574	196489
1575	197115
1576	197756
1577	198654
1578	199651
1579	200735
1580	201904
1581	202903
1582	203576
1583	204185
1584	205209
1585	206204
1586	207142
1587	208271
1588	209160
1589	209770
1590	210341
1591	211348
1592	212484
1593	213579
1594	214873
1595	216058
1596	216728
1597	217399
1598	218344
1599	219566
1600	220628
1601	221703
1602	222716
1603	223400
1604	224124
1605	225457
1606	226923
1607	227972
1608	229186
1609	230327
1610	230998
1611	231720
1612	232810
1613	234206
1614	235738
1615	236908
1616	238020
1617	238665
1618	239347
1619	240517
1620	241795
1621	242989
1622	244385
1623	245541
1624	246254
1625	246963
1626	248223
1627	249593
1628	250859
1629	252038
1630	253181
1631	254158
1632	254902
1633	256022
1634	257252
1635	258370
1636	259599
1637	260773
1638	261976
1639	262564
1640	263613
1641	264806
1642	265930
1643	266983
1644	268085
1645	268845
1646	269610
1647	270750
1648	271966
1649	273040
1650	274192
1651	275255
1652	275971
1653	276664
1654	277814
1655	278973
1656	280173
1657	281328
1658	282400
1659	283054
1660	283746
1661	284879
1662	286084
1663	287484
1664	288986
1665	290424
1666	291367
1667	292349
1668	293893
1669	295592
1670	297234
1671	298780
1672	300182
1673	301259
1674	302245
1675	303861
1676	305803
1677	307524
1678	309266
1679	310958
1680	312030
1681	313097
1682	314796
1683	316706
1684	318632
1685	322748
1686	324512
1687	325583
1688	326767
1689	328622
1690	330622
1691	332713
1692	334660
1693	336416
1694	337681
1695	338886
1696	340571
1697	342511
1698	344485
1699	346401
1700	348085
1701	349248
1702	350515
1703	352382
1704	354327
1705	356133
1706	358059
1707	359739
1708	360882
1709	362102
1710	363889
1711	365725
1712	367581
1713	369392
1714	371148
1715	372364
1716	373521
1717	375378
1718	377348
1719	379501
1720	381542
1721	383311
1722	384611
1723	385710
1724	387419
1725	389147
1726	390260
1727	391411
1728	392453
1729	393118
1730	393813
1731	394883
1732	396205
1733	397562
1734	398857
1735	400040
1736	400796
1737	401636
1738	402906
1739	404188
1740	405419
1741	406617
1742	407721
1743	408444
1744	409164
1745	410321
1746	411538
1747	412760
1748	413906
1749	415064
1750	415842
1751	416568
1752	417780
1753	419039
1754	420275
1755	421466
1756	422612
1757	423424
1758	424287
1759	425608
1760	427190
1761	428619
1762	430439
1763	432412
1764	433989
1765	435399
1766	437227
1767	439240
1768	441215
1769	443223
1770	445192
1771	446626
1772	448006
1773	449649
1774	451329
1775	452662
1776	453679
1777	454671
1778	455534
1779	456369
1780	457537
1781	458944
1782	460423
1783	462159
1784	463970
1785	465168
1786	466459
1787	468331
1788	470150
1789	471943
1790	473848
1791	475682
1792	476856
1793	478199
1794	480133
1795	482174
1796	484323
1797	486320
1798	488150
1799	489467
1800	490661
1801	492504
1802	494066
1803	495149
1804	496175
1805	497273
1806	497847
1807	498411
1808	499163
1809	499749
1810	500969
1811	502757
1812	504379
1813	505631
1814	506643
1815	507293
1816	507833
1817	508967
1818	510294
1819	511331
1820	512113
1821	512912
1822	514403
1823	516563
1824	518996
1825	521277
1826	523157
1827	523949
1828	524795
1829	525928
1830	527227
1831	528520
1832	530164
1833	531980
1834	533181
1835	534352
1836	536016
1837	537860
1838	540063
1839	542248
1840	543920
1841	545306
1842	546767
1843	548903
1844	550994
1845	553167
1846	555328
1847	557304
1848	558911
1849	560401
1850	562555
1851	564878
1852	567513
1853	570062
1854	572436
1855	574115
1856	575624
1857	577929
1858	580348
1859	582768
1860	585033
1861	587490
1862	589374
1863	591305
1864	593976
1865	596799
1866	599691
1867	602571
1868	605382
1869	607439
1870	609305
1871	611854
1872	615096
1873	618243
1874	621356
1875	624229
1876	626289
1877	628253
1878	631295
1879	633337
1880	635495
1881	637637
1882	640677
1883	642693
1884	644718
1885	647809
1886	651028
1887	653961
1888	656250
1889	659156
1890	661184
1891	663202
1892	666155
1893	669457
1894	672689
1895	675768
1896	678754
1897	680588
1898	681452
1899	682698
1900	684887
1901	687629
1902	689955
1903	692072
1904	693599
1905	695091
1906	697231
1907	699737
1908	702140
1909	704285
1910	706513
1911	708266
1912	710056
1913	712520
1914	715001
1915	717583
1916	720318
1917	722862
1918	724593
1919	726228
1920	728639
1921	731293
1922	733998
1923	736692
1924	739136
1925	740824
1926	742577
1927	745261
1928	748136
1929	749762
1930	751168
1931	752555
1932	754052
1933	756099
1934	759041
1935	761915
1936	764529
1937	767633
1938	770503
1939	772474
1940	774371
1941	777344
1942	780423
1943	783628
1944	786525
1945	789315
1946	791210
1947	793067
1948	796096
1949	799259
1950	802279
1951	805275
1952	808102
1953	810002
1954	812027
1955	815040
1956	816996
1957	819218
1958	821123
1959	823242
1960	825241
1961	827182
1962	829954
1963	833359
1964	836640
1965	839944
1966	841767
1967	842856
1968	843768
1969	845423
1970	848609
1971	851832
1972	855060
1973	858311
1974	860422
1975	862565
1976	865325
1977	868281
1978	871134
1979	874349
1980	877230
1981	879208
1982	881330
1983	884535
1984	888025
1985	891514
1986	894800
1987	897671
1988	899371
1989	901497
1990	904662
1991	908067
1992	911232
1993	914461
1994	917660
1995	919613
1996	921673
1997	924976
1998	928708
1999	932323
2000	935871
2001	939589
2002	942430
2003	945937
2004	950705
2005	956134
2006	962442
2007	967354
2008	971248
2009	973819
2010	976414
2011	980332
2012	984325
2013	988388
2014	991336
2015	993127
2016	994927
2017	996811
2018	1000341
2019	1004338
2020	1008021
2021	1011801
2022	1015105
2023	1017204
2024	1019363
2025	1022802
2026	1026333
2027	1029457
2028	1032612
2029	1035553
2030	1037354
2031	1039162
2032	1042109
2033	1045138
2034	1048491
2035	1051505
2036	1054342
2037	1056172
2038	1058141
2039	1060655
2040	1062435
2041	1065807
2042	1068669
2043	1071489
2044	1073467
2045	1075185
2046	1078352
2047	1081717
2048	1085470
2049	1088903
2050	1092195
2051	1094239
2052	1096298
2053	1099373
2054	1102678
2055	1106167
2056	1109474
2057	1112097
2058	1113883
2059	1115655
2060	1118366
2061	1121067
2062	1124192
2063	1127224
2064	1130152
2065	1132015
2066	1133940
2067	1137019
2068	1140284
2069	1143492
2070	1146691
2071	1149758
2072	1151036
2073	1151870
2074	1153516
2075	1155252
2076	1157994
2077	1160927
2078	1163762
2079	1165919
2080	1167981
2081	1171163
2082	1174126
2083	1177288
2084	1180576
2085	1183446
2086	1185548
2087	1187872
2088	1191070
2089	1194254
2090	1197034
2091	1199928
2092	1202704
2093	1204696
2094	1206633
2095	1209642
2096	1213016
2097	1216456
2098	1219878
2099	1223165
2100	1225482
2101	1227601
2102	1231092
2103	1234746
2104	1238408
2105	1241985
2106	1245304
2107	1247509
2108	1249607
2109	1253105
2110	1256638
2111	1260124
2112	1263650
2113	1266876
2114	1268721
2115	1270841
2116	1274377
2117	1277876
2118	1281353
2119	1284669
2120	1287664
2121	1289890
2122	1292138
2123	1295665
2124	1299271
2125	1303037
2126	1306551
2127	1309987
2128	1312427
2129	1314862
2130	1318423
2131	1322014
2132	1325610
2133	1329107
2134	1332373
2135	1334597
2136	1336886
2137	1340446
2138	1344209
2139	1347858
2140	1351581
2141	1354754
2142	1357116
2143	1359363
2144	1362955
2145	1366614
2146	1370152
2147	1373127
2148	1375904
2149	1377947
2150	1380023
2151	1383419
2152	1387011
2153	1390482
2154	1394140
2155	1397519
2156	1399640
2157	1401833
2158	1405218
2159	1408811
2160	1412236
2161	1415612
2162	1418812
2163	1420989
2164	1423127
2165	1426343
2166	1429760
2167	1433003
2168	1436423
2169	1439471
2170	1441298
2171	1443262
2172	1446065
2173	1448450
2174	1450342
2175	1452776
2176	1455537
2177	1457520
2178	1459376
2179	1462040
2180	1464325
2181	1465863
2182	1468715
2183	1471683
2184	1473862
2185	1476048
2186	1480410
2187	1483671
2188	1487366
2189	1491243
2190	1494486
2191	1496641
2192	1498909
2193	1502390
2194	1505914
2195	1509761
2196	1513507
2197	1517017
2198	1519469
2199	1521802
2200	1525267
2201	1529398
2202	1533199
2203	1536994
2204	1540550
2205	1543154
2206	1545760
2207	1548420
2208	1550004
2209	1552978
2210	1556583
2211	1559849
2212	1562197
2213	1564581
2214	1568113
2215	1571784
2216	1575419
2217	1579679
2218	1583595
2219	1586436
2220	1588994
2221	1592887
2222	1596391
2223	1599779
2224	1603985
2225	1607678
2226	1610123
2227	1612652
2228	1616627
2229	1620965
2230	1625294
2231	1629657
2232	1633703
2233	1636558
2234	1639150
2235	1643163
2236	1647598
2237	1652124
2238	1656470
2239	1660332
2240	1663047
2241	1665808
2242	1669754
2243	1674011
2244	1678421
2245	1682756
2246	1686579
2247	1689146
2248	1691824
2249	1695868
2250	1700161
2251	1704725
2252	1709238
2253	1713319
2254	1716176
2255	1718922
2256	1723208
2257	1727912
2258	1732825
2259	1737303
2260	1741527
2261	1744396
2262	1747060
2263	1751127
2264	1755363
2265	1759636
2266	1764042
2267	1768098
2268	1770833
2269	1773466
2270	1776781
2271	1780841
2272	1785109
2273	1789609
2274	1793653
2275	1796392
2276	1799161
2277	1803095
2278	1807524
2279	1811457
2280	1815671
2281	1819631
2282	1822403
2283	1825214
2284	1828528
2285	1831331
2286	1835458
2287	1838933
2288	1842261
2289	1844105
2290	1846561
2291	1850245
2292	1854520
2293	1858856
2294	1863083
2295	1866978
2296	1869754
2297	1872605
2298	1876617
2299	1880878
2300	1884704
2301	1887906
2302	1890847
2303	1892271
2304	1894629
2305	1898351
2306	1901920
2307	1905652
2308	1909125
2309	1912454
2310	1914893
2311	1917461
2312	1921581
2313	1926070
2314	1930585
2315	1932610
2316	1934147
2317	1935306
2318	1937487
2319	1940898
2320	1944431
2321	1946728
2322	1948885
2323	1950920
2324	1952437
2325	1954781
2326	1958067
2327	1960383
2328	1962595
2329	1964614
2330	1966604
2331	1967939
2332	1969327
2333	1971236
2334	1973285
2335	1975541
2336	1977741
2337	1979768
2338	1981125
2339	1982490
2340	1984460
2341	1986653
2342	1988927
2343	1991029
2344	1992999
2345	1994302
2346	1995639
2347	1997594
2348	1999865
2349	2001990
2350	2004081
2351	2006004
2352	2007338
2353	2008670
2354	2010850
2355	2013096
2356	2015290
2357	2017453
2358	2019584
2359	2020880
2360	2022232
2361	2024333
2362	2026301
2363	2028109
2364	2029864
2365	2031321
2366	2032394
2367	2033691
2368	2035606
2369	2037518
2370	2039550
2371	2041516
2372	2043278
2373	2044525
2374	2045689
2375	2047665
2376	2049683
2377	2051793
2378	2053772
2379	2055566
2380	2056818
2381	2058116
2382	2060105
2383	2062163
2384	2064174
2385	2066199
2386	2068004
2387	2069293
2388	2070640
2389	2072635
2390	2074623
2391	2076594
2392	2078566
2393	2080347
2394	2081545
2395	2082768
2396	2084524
2397	2086598
2398	2088578
2399	2090532
2400	2092352
2401	2093620
2402	2094941
2403	2096875
2404	2098953
2405	2100973
2406	2102898
2407	2104585
2408	2105834
2409	2107120
2410	2109035
2411	2110984
2412	2113048
2413	2115035
2414	2116956
2415	2118336
2416	2119593
2417	2121098
2418	2122966
2419	2125082
2420	2126994
2421	2128800
2422	2129940
2423	2130800
2424	2131883
2425	2133212
2426	2134604
2427	2135943
2428	2137186
2429	2138094
2430	2138959
2431	2140341
2432	2141869
2433	2143287
2434	2144925
2435	2146355
2436	2147446
2437	2148597
2438	2150392
2439	2152642
2440	2154943
2441	2157111
2442	2159254
2443	2160793
2444	2162215
2445	2164433
2446	2166665
2447	2168906
2448	2171023
2449	2173018
2450	2174480
2451	2175894
2452	2178010
2453	2180180
2454	2182127
2455	2184093
2456	2186057
2457	2187563
2458	2188984
2459	2191071
2460	2193237
2461	2195443
2462	2197564
2463	2199484
2464	2200990
2465	2202424
2466	2204518
2467	2206856
2468	2209015
2469	2211223
2470	2213190
2471	2214658
2472	2216116
2473	2218357
2474	2220774
2475	2223133
2476	2225279
2477	2227433
2478	2229006
2479	2230457
2480	2232720
2481	2235194
2482	2237477
2483	2239782
2484	2241636
2485	2243116
2486	2244615
2487	2246922
2488	2249178
2489	2251263
2490	2252839
2491	2254346
2492	2255490
2493	2256715
2494	2258976
2495	2261681
2496	2264524
2497	2267783
2498	2270791
2499	2272987
2500	2275146
2501	2278254
2502	2281388
2503	2284551
2504	2287558
2505	2290188
2506	2292107
2507	2294048
2508	2296824
2509	2299729
2510	2302479
2511	2304749
2512	2307038
2513	2308806
2514	2310587
2515	2313316
2516	2316148
2517	2319181
2518	2322025
2519	2324559
2520	2326698
2521	2328771
2522	2331725
2523	2334713
2524	2337518
2525	2340918
2526	2344522
2527	2346967
2528	2349235
2529	2352929
2530	2356866
2531	2361461
2532	2366425
2533	2370804
2534	2373681
2535	2376536
2536	2380848
2537	2385018
2538	2387519
2539	2389379
2540	2391545
2541	2393577
2542	2395576
2543	2398546
2544	2401494
2545	2403846
2546	2405414
2547	2407887
2548	2410015
2549	2412652
2550	2416381
2551	2420398
2552	2424271
2553	2428480
2554	2432139
2555	2434412
2556	2437443
2557	2442239
2558	2447880
2559	2453451
2560	2459239
2561	2464577
2562	2467688
2563	2470160
2564	2474316
2565	2478927
2566	2483616
2567	2488463
2568	2492568
2569	2495340
2570	2498022
2571	2502385
2572	2506892
2573	2511532
2574	2516206
2575	2520306
2576	2523260
2577	2525915
2578	2530242
2579	2535181
2580	2539815
2581	2544545
2582	2548966
2583	2551884
2584	2554592
2585	2559716
2586	2564684
2587	2569253
2588	2573711
2589	2578087
2590	2580566
2591	2583179
2592	2586844
2593	2590581
2594	2594178
2595	2598331
2596	2602325
2597	2605739
2598	2608458
2599	2612036
2600	2616721
2601	2621291
2602	2625837
2603	2630183
2604	2633013
2605	2635617
2606	2639446
2607	2644177
2608	2649544
2609	2654114
2610	2658037
2611	2660547
2612	2663052
2613	2667129
2614	2672104
2615	2677421
2616	2682963
2617	2687887
2618	2691672
2619	2695724
2620	2701270
2621	2707112
2622	2712203
2623	2716745
2624	2720874
2625	2723659
2626	2726463
2627	2730936
2628	2735894
2629	2740621
2630	2746252
2631	2750955
2632	2753708
2633	2756464
2634	2760729
2635	2765440
2636	2770987
2637	2776362
2638	2780321
2639	2782987
2640	2785418
2641	2789019
2642	2793408
2643	2798079
2644	2802534
2645	2806672
2646	2809451
2647	2812151
2648	2816335
2649	2820921
2650	2825416
2651	2829973
2652	2833988
2653	2836779
2654	2839394
2655	2843768
2656	2848441
2657	2852896
2658	2857254
2659	2861315
2660	2864057
2661	2866809
2662	2871226
2663	2876808
2664	2881278
2665	2885699
2666	2888877
2667	2891374
2668	2893897
2669	2898139
2670	2902573
2671	2907019
2672	2911278
2673	2916401
2674	2920064
2675	2923741
2676	2929141
2677	2935269
2678	2941180
2679	2945537
2680	2949434
2681	2952082
2682	2954644
2683	2959014
2684	2963596
2685	2968146
2686	2972954
2687	2977009
2688	2979679
2689	2982308
2690	2986046
2691	2990248
2692	2994872
2693	3000464
2694	3005997
2695	3008869
2696	3011631
2697	3016012
2698	3020579
2699	3025600
2700	3030069
2701	3034184
2702	3037045
2703	3039558
2704	3044328
2705	3050303
2706	3055893
2707	3060430
2708	3064778
2709	3067609
2710	3070475
2711	3074973
2712	3080420
2713	3086232
2714	3092192
2715	3097726
2716	3101190
2717	3104714
2718	3110199
2719	3116177
2720	3122642
2721	3128646
2722	3133144
2723	3135782
2724	3138419
2725	3142873
2726	3147533
2727	3152128
2728	3157216
2729	3159448
2730	3160470
2731	3161754
2732	3164123
2733	3167546
2734	3170848
2735	3174383
2736	3177305
2737	3179306
2738	3181539
2739	3185094
2740	3188295
2741	3191599
2742	3194608
2743	3197345
2744	3199503
2745	3201798
2746	3205437
2747	3209077
2748	3212855
2749	3216578
2750	3219765
2751	3221981
2752	3224301
2753	3227716
2754	3231580
2755	3235359
2756	3238672
2757	3240845
2758	3243038
2759	3245317
2760	3248810
2761	3252432
2762	3256217
2763	3259760
2764	3263109
2765	3265312
2766	3267485
2767	3271102
2768	3274778
2769	3278443
2770	3281890
2771	3285186
2772	3287406
2773	3289940
2774	3293568
2775	3297580
2776	3301484
2777	3305278
2778	3308767
2779	3311104
2780	3313504
2781	3317215
2782	3320991
2783	3324864
2784	3328510
2785	3331900
2786	3334240
2787	3336505
2788	3339096
2789	3342870
2790	3346760
2791	3350390
2792	3353688
2793	3355948
2794	3358500
2795	3361834
2796	3365959
2797	3369947
2798	3373979
2799	3377704
2800	3380212
2801	3382746
2802	3387153
2803	3391327
2804	3395548
2805	3399752
2806	3403648
2807	3406454
2808	3408960
2809	3413003
2810	3417041
2811	3421001
2812	3425131
2813	3428901
2814	3431577
2815	3434048
2816	3438333
2817	3442522
2818	3446820
2819	3450696
2820	3455129
2821	3459081
2822	3463144
2823	3469275
2824	3474301
2825	3476813
2826	3479057
2827	3480447
2828	3481236
2829	3482405
2830	3484199
2831	3487298
2832	3490931
2833	3494856
2834	3497715
2835	3498722
2836	3499653
2837	3501445
2838	3503981
2839	3508042
2840	3512049
2841	3514851
2842	3516092
2843	3516975
2844	3518892
2845	3520657
2846	3523114
2847	3525033
2848	3526578
2849	3527375
2850	3528110
2851	3529754
2852	3531949
2853	3534407
2854	3537658
2855	3540205
2856	3541251
2857	3542094
2858	3544846
2859	3548812
2860	3551014
2861	3552702
2862	3554069
2863	3554935
2864	3555771
2865	3557182
2866	3559930
2867	3562326
2868	3564837
2869	3566318
2870	3568136
2871	3569494
2872	3572116
2873	3574228
2874	3576207
2875	3578762
2876	3581016
2877	3583578
2878	3586117
2879	3590244
2880	3594214
2881	3597607
2882	3599836
2883	3603211
2884	3605985
2885	3608568
2886	3610537
2887	3612477
2888	3616559
2889	3618708
2890	3620034
2891	3620821
2892	3621564
2893	3622972
2894	3624445
2895	3625900
2896	3627258
2897	3628460
2898	3629158
2899	3629833
2900	3630971
2901	3632172
2902	3633144
2903	3633936
2904	3634470
2905	3635082
2906	3635662
2907	3636650
2908	3637740
2909	3638878
2910	3639647
2911	3640192
2912	3640894
2913	3641618
2914	3642880
2915	3644427
2916	3645834
2917	3648712
2918	3650279
2919	3651058
2920	3651780
2921	3653183
2922	3654783
2923	3656225
2924	3657612
2925	3658906
