1	1
2	1
3	1
4	1
5	1
6	1
7	1
8	1
9	1
10	1
11	2
12	2
13	2
14	2
15	2
16	2
17	2
18	2
19	3
20	3
21	3
22	3
23	4
24	4
25	4
26	4
27	4
28	4
29	4
30	4
31	4
32	4
33	5
34	5
35	5
36	5
37	6
38	6
39	6
40	7
41	8
42	9
43	11
44	11
45	13
46	14
47	14
48	14
49	14
50	14
51	14
52	14
53	14
54	14
55	15
56	15
57	15
58	15
59	15
60	15
61	15
62	15
63	16
64	16
65	16
66	16
67	16
68	17
69	17
70	17
71	17
72	17
73	17
74	18
75	18
76	18
77	18
78	18
79	18
80	19
81	19
82	19
83	19
84	19
85	19
86	19
87	19
88	19
89	19
90	19
91	20
92	21
93	21
94	21
95	21
96	22
97	22
98	22
99	22
100	22
101	22
102	22
103	22
104	22
105	22
106	22
107	22
108	22
109	22
110	23
111	23
112	23
113	23
114	23
115	23
116	23
117	23
118	23
119	23
120	23
121	23
122	23
123	23
124	23
125	23
126	23
127	23
128	23
129	23
130	23
131	23
132	23
133	24
134	25
135	25
136	25
137	25
138	25
139	25
140	25
141	25
142	25
143	25
144	25
145	27
146	28
147	28
148	29
149	29
150	29
151	29
152	29
153	29
154	29
155	29
156	29
157	30
158	31
159	31
160	31
161	32
162	33
163	33
164	33
165	33
166	33
167	33
168	33
169	33
170	34
171	34
172	34
173	35
174	35
175	35
176	35
177	36
178	39
179	39
180	40
181	40
182	40
183	40
184	40
185	40
186	40
187	40
188	40
189	41
190	41
191	41
192	41
193	41
194	41
195	41
196	41
197	41
198	41
199	41
200	41
201	41
202	42
203	43
204	44
205	44
206	44
207	44
208	44
209	44
210	45
211	45
212	45
213	45
214	45
215	45
216	45
217	46
218	47
219	48
220	48
221	48
222	48
223	48
224	48
225	48
226	48
227	49
228	49
229	49
230	49
231	49
232	49
233	51
234	51
235	52
236	56
237	57
238	57
239	58
240	59
241	59
242	60
243	61
244	61
245	61
246	62
247	62
248	62
249	62
250	62
251	62
252	64
253	65
254	65
255	66
256	66
257	67
258	67
259	67
260	67
261	68
262	68
263	68
264	70
265	71
266	71
267	73
268	73
269	73
270	73
271	73
272	73
273	74
274	75
275	75
276	76
277	76
278	76
279	78
280	78
281	78
282	79
283	79
284	79
285	80
286	80
287	80
288	81
289	82
290	82
291	83
292	83
293	84
294	85
295	85
296	85
297	85
298	85
299	87
300	88
301	88
302	88
303	88
304	88
305	88
306	89
307	89
308	90
309	91
310	92
311	92
312	92
313	92
314	92
315	93
316	93
317	93
318	93
319	93
320	96
321	96
322	96
323	97
324	99
325	103
326	103
327	103
328	104
329	104
330	105
331	105
332	105
333	105
334	106
335	106
336	106
337	109
338	109
339	109
340	110
341	112
342	113
343	114
344	115
345	117
346	120
347	122
348	122
349	122
350	124
351	127
352	128
353	130
354	130
355	130
356	131
357	132
358	133
359	134
360	134
361	135
362	136
363	136
364	136
365	136
366	137
367	140
368	140
369	143
370	145
371	147
372	150
373	150
374	151
375	152
376	152
377	153
378	155
379	156
380	159
381	159
382	159
383	161
384	161
385	162
386	164
387	169
388	169
389	169
390	174
391	176
392	176
393	176
394	179
395	179
396	183
397	185
398	185
399	185
400	187
401	188
402	189
403	190
404	190
405	190
406	190
407	190
408	192
409	197
410	199
411	202
412	204
413	205
414	205
415	208
416	210
417	213
418	213
419	215
420	216
421	219
422	220
423	221
424	225
425	226
426	235
427	235
428	238
429	239
430	240
431	240
432	244
433	246
434	250
435	252
436	255
437	260
438	262
439	264
440	265
441	265
442	267
443	269
444	271
445	271
446	273
447	274
448	274
449	275
450	277
451	278
452	280
453	280
454	282
455	284
456	284
457	284
458	287
459	287
460	289
461	291
462	292
463	292
464	293
465	296
466	296
467	298
468	301
469	303
470	306
471	308
472	311
473	312
474	314
475	315
476	315
477	316
478	319
479	321
480	321
481	324
482	325
483	326
484	330
485	331
486	331
487	333
488	336
489	337
490	338
491	342
492	344
493	346
494	350
495	353
496	357
497	359
498	359
499	365
500	368
501	370
502	373
503	375
504	378
505	380
506	383
507	384
508	387
509	393
510	397
511	399
512	402
513	404
514	411
515	413
516	415
517	416
518	421
519	427
520	429
521	432
522	436
523	439
524	440
525	440
526	444
527	447
528	452
529	455
530	456
531	457
532	458
533	458
534	461
535	463
536	464
537	465
538	467
539	468
540	470
541	473
542	481
543	485
544	487
545	490
546	494
547	497
548	501
549	507
550	511
551	513
552	516
553	522
554	525
555	527
556	533
557	536
558	539
559	540
560	542
561	546
562	553
563	554
564	554
565	558
566	561
567	562
568	564
569	567
570	576
571	578
572	581
573	587
574	590
575	594
576	597
577	598
578	599
579	606
580	608
581	614
582	618
583	621
584	624
585	630
586	633
587	635
588	637
589	640
590	644
591	651
592	654
593	660
594	664
595	669
596	677
597	682
598	685
599	688
600	694
601	697
602	700
603	703
604	709
605	712
606	716
607	720
608	721
609	726
610	727
611	734
612	738
613	743
614	747
615	748
616	750
617	751
618	756
619	760
620	766
621	772
622	772
623	776
624	780
625	784
626	788
627	791
628	797
629	798
630	799
631	801
632	805
633	809
634	809
635	814
636	816
637	819
638	824
639	830
640	837
641	839
642	841
643	846
644	849
645	853
646	856
647	864
648	870
649	876
650	881
651	883
652	885
653	888
654	892
655	896
656	903
657	904
658	906
659	912
660	914
661	915
662	919
663	919
664	920
665	923
666	925
667	928
668	935
669	939
670	941
671	945
672	952
673	956
674	959
675	962
676	966
677	970
678	971
679	976
680	980
681	987
682	991
683	995
684	999
685	1004
686	1011
687	1017
688	1021
689	1027
690	1032
691	1038
692	1044
693	1050
694	1053
695	1061
696	1072
697	1088
698	1093
699	1096
700	1106
701	1109
702	1113
703	1119
704	1128
705	1132
706	1139
707	1140
708	1143
709	1150
710	1159
711	1163
712	1168
713	1174
714	1176
715	1183
716	1187
717	1191
718	1198
719	1210
720	1211
721	1213
722	1220
723	1226
724	1231
725	1234
726	1239
727	1244
728	1251
729	1253
730	1260
731	1265
732	1277
733	1282
734	1289
735	1295
736	1302
737	1312
738	1317
739	1327
740	1337
741	1338
742	1343
743	1345
744	1353
745	1364
746	1378
747	1384
748	1389
749	1396
750	1404
751	1412
752	1422
753	1430
754	1435
755	1440
756	1440
757	1449
758	1461
759	1471
760	1478
761	1484
762	1488
763	1488
764	1493
765	1499
766	1507
767	1514
768	1517
769	1520
770	1525
771	1534
772	1537
773	1541
774	1546
775	1548
776	1549
777	1553
778	1556
779	1557
780	1562
781	1573
782	1580
783	1587
784	1592
785	1598
786	1600
787	1604
788	1608
789	1619
790	1621
791	1625
792	1635
793	1642
794	1649
795	1656
796	1665
797	1674
798	1676
799	1678
800	1686
801	1690
802	1695
803	1704
804	1711
805	1713
806	1720
807	1729
808	1739
809	1747
810	1756
811	1762
812	1764
813	1766
814	1772
815	1777
816	1784
817	1787
818	1790
819	1796
820	1805
821	1814
822	1823
823	1830
824	1836
825	1842
826	1845
827	1852
828	1860
829	1873
830	1879
831	1886
832	1890
833	1894
834	1896
835	1904
836	1908
837	1915
838	1924
839	1926
840	1932
841	1937
842	1942
843	1949
844	1959
845	1964
846	1970
847	1976
848	1982
849	1990
850	2002
851	2020
852	2030
853	2036
854	2038
855	2040
856	2051
857	2053
858	2058
859	2066
860	2075
861	2079
862	2085
863	2091
864	2097
865	2108
866	2118
867	2125
868	2129
869	2136
870	2145
871	2146
872	2231
873	2242
874	2251
875	2261
876	2273
877	2280
878	2294
879	2303
880	2314
881	2321
882	2326
883	2332
884	2337
885	2344
886	2353
887	2358
888	2362
889	2370
890	2376
891	2390
892	2398
893	2403
894	2411
895	2412
896	2418
897	2427
898	2439
899	2457
900	2468
901	2481
902	2486
903	2490
904	2501
905	2509
906	2519
907	2527
908	2545
909	2551
910	2556
911	2565
912	2573
913	2578
914	2586
915	2596
916	2600
917	2602
918	2606
919	2615
920	2624
921	2637
922	2644
923	2652
924	2658
925	2666
926	2676
927	2683
928	2693
929	2702
930	2709
931	2713
932	2726
933	2732
934	2739
935	2751
936	2765
937	2770
938	2778
939	2793
940	2803
941	2811
942	2822
943	2836
944	2854
945	2864
946	2888
947	2895
948	2910
949	2917
950	2926
951	2928
952	2933
953	2951
954	2969
955	2979
956	2991
957	2999
958	3007
959	3015
960	3028
961	3038
962	3050
963	3060
964	3072
965	3085
966	3092
967	3101
968	3116
969	3134
970	3142
971	3147
972	3155
973	3162
974	3173
975	3186
976	3197
977	3214
978	3229
979	3233
980	3247
981	3262
982	3274
983	3284
984	3298
985	3311
986	3324
987	3329
988	3347
989	3356
990	3366
991	3374
992	3383
993	3394
994	3406
995	3425
996	3439
997	3449
998	3455
999	3469
1000	3481
1001	3494
1002	3505
1003	3516
1004	3534
1005	3550
1006	3565
1007	3567
1008	3579
1009	3596
1010	3613
1011	3622
1012	3638
1013	3653
1014	3658
1015	3664
1016	3678
1017	3695
1018	3718
1019	3731
1020	3741
1021	3748
1022	3759
1023	3771
1024	3782
1025	3793
1026	3803
1027	3810
1028	3814
1029	3821
1030	3831
1031	3841
1032	3858
1033	3872
1034	3877
1035	3882
1036	3890
1037	3905
1038	3919
1039	3929
1040	3946
1041	3955
1042	3969
1043	3983
1044	3994
1045	4017
1046	4026
1047	4042
1048	4051
1049	4064
1050	4072
1051	4082
1052	4096
1053	4113
1054	4140
1055	4156
1056	4175
1057	4183
1058	4202
1059	4223
1060	4238
1061	4249
1062	4273
1063	4279
1064	4292
1065	4307
1066	4331
1067	4345
1068	4365
1069	4388
1070	4402
1071	4415
1072	4454
1073	4479
1074	4498
1075	4514
1076	4529
1077	4541
1078	4555
1079	4579
1080	4601
1081	4614
1082	4640
1083	4662
1084	4671
1085	4688
1086	4709
1087	4724
1088	4744
1089	4763
1090	4783
1091	4802
1092	4818
1093	4842
1094	4862
1095	4886
1096	4906
1097	4927
1098	4939
1099	4960
1100	4983
1101	5003
1102	5023
1103	5036
1104	5055
1105	5076
1106	5091
1107	5106
1108	5125
1109	5139
1110	5160
1111	5187
1112	5205
1113	5220
1114	5236
1115	5256
1116	5288
1117	5306
1118	5330
1119	5341
1120	5362
1121	5384
1122	5404
1123	5427
1124	5450
1125	5466
1126	5489
1127	5503
1128	5530
1129	5556
1130	5577
1131	5603
1132	5624
1133	5637
1134	5658
1135	5686
1136	5716
1137	5737
1138	5760
1139	5791
1140	5806
1141	5820
1142	5841
1143	5864
1144	5888
1145	5910
1146	5932
1147	5944
1148	5961
1149	5983
1150	6017
1151	6042
1152	6065
1153	6091
1154	6106
1155	6121
1156	6137
1157	6158
1158	6183
1159	6214
1160	6244
1161	6252
1162	6268
1163	6303
1164	6320
1165	6342
1166	6370
1167	6393
1168	6410
1169	6426
1170	6452
1171	6475
1172	6498
1173	6515
1174	6534
1175	6549
1176	6566
1177	6593
1178	6609
1179	6640
1180	6666
1181	6683
1182	6694
1183	6708
1184	6722
1185	6741
1186	6765
1187	6793
1188	6826
1189	6840
1190	6854
1191	6877
1192	6897
1193	6919
1194	6950
1195	6971
1196	6980
1197	7000
1198	7019
1199	7036
1200	7064
1201	7088
1202	7111
1203	7135
1204	7148
1205	7180
1206	7206
1207	7241
1208	7271
1209	7296
1210	7311
1211	7342
1212	7376
1213	7417
1214	7455
1215	7488
1216	7512
1217	7529
1218	7550
1219	7572
1220	7613
1221	7640
1222	7672
1223	7701
1224	7709
1225	7727
1226	7749
1227	7768
1228	7788
1229	7819
1230	7837
1231	7867
1232	7879
1233	7899
1234	7931
1235	7963
1236	7986
1237	8020
1238	8033
1239	8056
1240	8090
1241	8120
1242	8146
1243	8170
1244	8191
1245	8218
1246	8235
1247	8258
1248	8286
1249	8321
1250	8360
1251	8393
1252	8415
1253	8433
1254	8466
1255	8505
1256	8538
1257	8558
1258	8583
1259	8608
1260	8628
1261	8660
1262	8696
1263	8729
1264	8751
1265	8770
1266	8792
1267	8808
1268	8845
1269	8874
1270	8906
1271	8939
1272	8969
1273	8992
1274	9013
1275	9037
1276	9076
1277	9104
1278	9143
1279	9171
1280	9201
1281	9220
1282	9252
1283	9284
1284	9316
1285	9347
1286	9396
1287	9423
1288	9435
1289	9467
1290	9491
1291	9527
1292	9570
1293	9606
1294	9624
1295	9643
1296	9671
1297	9708
1298	9752
1299	9792
1300	9826
1301	9859
1302	9886
1303	9917
1304	9963
1305	9998
1306	10033
1307	10069
1308	10094
1309	10122
1310	10166
1311	10197
1312	10235
1313	10264
1314	10317
1315	10348
1316	10374
1317	10415
1318	10444
1319	10475
1320	10499
1321	10529
1322	10539
1323	10568
1324	10604
1325	10637
1326	10675
1327	10706
1328	10737
1329	10766
1330	10790
1331	10825
1332	10864
1333	10902
1334	10947
1335	10987
1336	11012
1337	11040
1338	11078
1339	11117
1340	11168
1341	11216
1342	11266
1343	11297
1344	11330
1345	11370
1346	11410
1347	11451
1348	11493
1349	11527
1350	11558
1351	11582
1352	11623
1353	11674
1354	11712
1355	11740
1356	11764
1357	11788
1358	11808
1359	11845
1360	11887
1361	11942
1362	11977
1363	12012
1364	12045
1365	12076
1366	12106
1367	12150
1368	12178
1369	12226
1370	12266
1371	12296
1372	12323
1373	12375
1374	12427
1375	12483
1376	12531
1377	12572
1378	12598
1379	12622
1380	12659
1381	12726
1382	12763
1383	12812
1384	12860
1385	12883
1386	12908
1387	12968
1388	13023
1389	13061
1390	13108
1391	13136
1392	13165
1393	13188
1394	13221
1395	13266
1396	13311
1397	13352
1398	13401
1399	13440
1400	13460
1401	13508
1402	13572
1403	13635
1404	13702
1405	13757
1406	13816
1407	13865
1408	13929
1409	14001
1410	14065
1411	14134
1412	14201
1413	14249
1414	14298
1415	14361
1416	14438
1417	14503
1418	14570
1419	14629
1420	14686
1421	14729
1422	14786
1423	14849
1424	14931
1425	14997
1426	15052
1427	15112
1428	15169
1429	15246
1430	15331
1431	15407
1432	15480
1433	15544
1434	15597
1435	15648
1436	15722
1437	15806
1438	15868
1439	15935
1440	16005
1441	16052
1442	16132
1443	16215
1444	16286
1445	16366
1446	16443
1447	16523
1448	16597
1449	16666
1450	16755
1451	16849
1452	16945
1453	17051
1454	17151
1455	17202
1456	17275
1457	17375
1458	17470
1459	17565
1460	17647
1461	17733
1462	17799
1463	17859
1464	17947
1465	18039
1466	18122
1467	18208
1468	18293
1469	18333
1470	18382
1471	18462
1472	18525
1473	18597
1474	18717
1475	18796
1476	18862
1477	18915
1478	18999
1479	19094
1480	19222
1481	19311
1482	19427
1483	19488
1484	19549
1485	19641
1486	19742
1487	19869
1488	19977
1489	20084
1490	20159
1491	20233
1492	20355
1493	20461
1494	20566
1495	20667
1496	20742
1497	20800
1498	20875
1499	20979
1500	21089
1501	21191
1502	21311
1503	21396
1504	21459
1505	21516
1506	21632
1507	21753
1508	21860
1509	21978
1510	22070
1511	22140
1512	22224
1513	22314
1514	22418
1515	22524
1516	22640
1517	22737
1518	22815
1519	22884
1520	22965
1521	23064
1522	23182
1523	23291
1524	23377
1525	23468
1526	23536
1527	23621
1528	23738
1529	23844
1530	23957
1531	24060
1532	24144
1533	24223
1534	24324
1535	24442
1536	24539
1537	24641
1538	24715
1539	24778
1540	24854
1541	24956
1542	25098
1543	25241
1544	25371
1545	25485
1546	25568
1547	25634
1548	25743
1549	25892
1550	26040
1551	26151
1552	26269
1553	26349
1554	26440
1555	26565
1556	26718
1557	26838
1558	26977
1559	27115
1560	27223
1561	27327
1562	27450
1563	27620
1564	27802
1565	27937
1566	28045
1567	28131
1568	28212
1569	28321
1570	28485
1571	28620
1572	28754
1573	28864
1574	28958
1575	29028
1576	29151
1577	29298
1578	29423
1579	29566
1580	29692
1581	29811
1582	29902
1583	30014
1584	30164
1585	30290
1586	30419
1587	30548
1588	30629
1589	30709
1590	30825
1591	30950
1592	31049
1593	31154
1594	31296
1595	31385
1596	31465
1597	31586
1598	31743
1599	31880
1600	31983
1601	32099
1602	32203
1603	32300
1604	32432
1605	32561
1606	32690
1607	32815
1608	32952
1609	33032
1610	33132
1611	33258
1612	33396
1613	33528
1614	33680
1615	33830
1616	33937
1617	34054
1618	34199
1619	34364
1620	34532
1621	34699
1622	34839
1623	34927
1624	35037
1625	35230
1626	35394
1627	35561
1628	35725
1629	35892
1630	36034
1631	36159
1632	36318
1633	36515
1634	36683
1635	36889
1636	37080
1637	37226
1638	37369
1639	37564
1640	37750
1641	37935
1642	38138
1643	38311
1644	38417
1645	38537
1646	38705
1647	38867
1648	39043
1649	39252
1650	39424
1651	39543
1652	39689
1653	39876
1654	40062
1655	40224
1656	40418
1657	40600
1658	40725
1659	40853
1660	41072
1661	41274
1662	41507
1663	41748
1664	41928
1665	42076
1666	42192
1667	42378
1668	42558
1669	42759
1670	42955
1671	43118
1672	43256
1673	43394
1674	43588
1675	43788
1676	43883
1677	44001
1678	44099
1679	44175
1680	44274
1681	44399
1682	44548
1683	44708
1684	44872
1685	44973
1686	45056
1687	45151
1688	45267
1689	45399
1690	45538
1691	45663
1692	45775
1693	45859
1694	45945
1695	46058
1696	46208
1697	46316
1698	46443
1699	46551
1700	46641
1701	46738
1702	46836
1703	46941
1704	47043
1705	47171
1706	47284
1707	47369
1708	47448
1709	47584
1710	47724
1711	47903
1712	48096
1713	48287
1714	48456
1715	48617
1716	48850
1717	49090
1718	49268
1719	49504
1720	49704
1721	49881
1722	50003
1723	50176
1724	50340
1725	50486
1726	50579
1727	50653
1728	50725
1729	50808
1730	50913
1731	51048
1732	51174
1733	51360
1734	51510
1735	51611
1736	51739
1737	51918
1738	52087
1739	52246
1740	52428
1741	52580
1742	52713
1743	52817
1744	52981
1745	53177
1746	53364
1747	53572
1748	53744
1749	53872
1750	53979
1751	54138
1752	54321
1753	54429
1754	54538
1755	54644
1756	54713
1757	54782
1758	54841
1759	54902
1760	55009
1761	55186
1762	55334
1763	55489
1764	55585
1765	55654
1766	55699
1767	55852
1768	55981
1769	56071
1770	56170
1771	56239
1772	56391
1773	56672
1774	56901
1775	57139
1776	57319
1777	57397
1778	57487
1779	57612
1780	57730
1781	57854
1782	57979
1783	58134
1784	58246
1785	58374
1786	58504
1787	58668
1788	58820
1789	59047
1790	59214
1791	59336
1792	59456
1793	59652
1794	59846
1795	60051
1796	60237
1797	60449
1798	60602
1799	60731
1800	60897
1801	61119
1802	61328
1803	61557
1804	61784
1805	61949
1806	62110
1807	62302
1808	62529
1809	62739
1810	62958
1811	63170
1812	63347
1813	63573
1814	63828
1815	64095
1816	64382
1817	64679
1818	64981
1819	65191
1820	65428
1821	65738
1822	66031
1823	66334
1824	66640
1825	66978
1826	67184
1827	67399
1828	67770
1829	68000
1830	68199
1831	68387
1832	68639
1833	68859
1834	69079
1835	69354
1836	69665
1837	69939
1838	70157
1839	70449
1840	70646
1841	70939
1842	71228
1843	71568
1844	71855
1845	72129
1846	72394
1847	72581
1848	72684
1849	72834
1850	73107
1851	73367
1852	73579
1853	73791
1854	73957
1855	74132
1856	74349
1857	74555
1858	74779
1859	74966
1860	75198
1861	75362
1862	75535
1863	75774
1864	76012
1865	76236
1866	76459
1867	76673
1868	76852
1869	77018
1870	77274
1871	77542
1872	77844
1873	78100
1874	78333
1875	78513
1876	78694
1877	78978
1878	79292
1879	79466
1880	79638
1881	79804
1882	79992
1883	80219
1884	80540
1885	80867
1886	81167
1887	81471
1888	81752
1889	81932
1890	82127
1891	82460
1892	82769
1893	83095
1894	83402
1895	83710
1896	83897
1897	84108
1898	84444
1899	84772
1900	85097
1901	85448
1902	85755
1903	85982
1904	86194
1905	86489
1906	86709
1907	86950
1908	87131
1909	87354
1910	87581
1911	87793
1912	88121
1913	88411
1914	88718
1915	89037
1916	89239
1917	89340
1918	89443
1919	89643
1920	89938
1921	90239
1922	90552
1923	90880
1924	91121
1925	91369
1926	91646
1927	91957
1928	92266
1929	92596
1930	92858
1931	93045
1932	93218
1933	93544
1934	93855
1935	94222
1936	94548
1937	94808
1938	94981
1939	95187
1940	95481
1941	95849
1942	96132
1943	96410
1944	96708
1945	96912
1946	97114
1947	97447
1948	97813
1949	98180
1950	98475
1951	98777
1952	98978
1953	99207
1954	99513
1955	99905
1956	100278
1957	100641
1958	100932
1959	101150
1960	101363
1961	101682
1962	102027
1963	102398
1964	102695
1965	102889
1966	103056
1967	103261
1968	103635
1969	103982
1970	104392
1971	104765
1972	105110
1973	105308
1974	105545
1975	105897
1976	106265
1977	106603
1978	106964
1979	107281
1980	107527
1981	107775
1982	108096
1983	108451
1984	108831
1985	109198
1986	109549
1987	109778
1988	110000
1989	110270
1990	110474
1991	110848
1992	111162
1993	111498
1994	111753
1995	111978
1996	112292
1997	112662
1998	113023
1999	113439
2000	113780
2001	114028
2002	114280
2003	114642
2004	115076
2005	115470
2006	115826
2007	116136
2008	116380
2009	116586
2010	116890
2011	117201
2012	117569
2013	117880
2014	118194
2015	118441
2016	118675
2017	118991
2018	119378
2019	119738
2020	120123
2021	120440
2022	120584
2023	120710
2024	120908
2025	121146
2026	121498
2027	121858
2028	122193
2029	122442
2030	122683
2031	123048
2032	123450
2033	123839
2034	124231
2035	124589
2036	124834
2037	125084
2038	125465
2039	125783
2040	126115
2041	126457
2042	126782
2043	127017
2044	127251
2045	127610
2046	127994
2047	128395
2048	128793
2049	129143
2050	129394
2051	129645
2052	130026
2053	130441
2054	130902
2055	131277
2056	131609
2057	131875
2058	132154
2059	132561
2060	133000
2061	133390
2062	133800
2063	134235
2064	134476
2065	134733
2066	135136
2067	135506
2068	135918
2069	136347
2070	136682
2071	136952
2072	137212
2073	137617
2074	138024
2075	138457
2076	138867
2077	139261
2078	139539
2079	139848
2080	140295
2081	140744
2082	141190
2083	141589
2084	141967
2085	142218
2086	142486
2087	142881
2088	143325
2089	143760
2090	144246
2091	144634
2092	144903
2093	145173
2094	145641
2095	146055
2096	146456
2097	146833
2098	147194
2099	147478
2100	147745
2101	148145
2102	148568
2103	148978
2104	149468
2105	149879
2106	150158
2107	150439
2108	150874
2109	151313
2110	151745
2111	152206
2112	152559
2113	152855
2114	153125
2115	153483
2116	153843
2117	154233
2118	154655
2119	154973
2120	155210
2121	155444
2122	155770
2123	156024
2124	156251
2125	156543
2126	156848
2127	157092
2128	157330
2129	157612
2130	157903
2131	158087
2132	158440
2133	158792
2134	159132
2135	159389
2136	159724
2137	160159
2138	160575
2139	160972
2140	161362
2141	161684
2142	161984
2143	162506
2144	162935
2145	163381
2146	163822
2147	164229
2148	164545
2149	164833
2150	165214
2151	165685
2152	166110
2153	166584
2154	167055
2155	167437
2156	167825
2157	168181
2158	168441
2159	168830
2160	169288
2161	169687
2162	169945
2163	170236
2164	170621
2165	171021
2166	171441
2167	171903
2168	172393
2169	172702
2170	173008
2171	173451
2172	173868
2173	174269
2174	174722
2175	175140
2176	175440
2177	175767
2178	176276
2179	176811
2180	177292
2181	177810
2182	178301
2183	178635
2184	178959
2185	179492
2186	180052
2187	180585
2188	181115
2189	181590
2190	181966
2191	182322
2192	182771
2193	183267
2194	183784
2195	184325
2196	184790
2197	185120
2198	185460
2199	185937
2200	186470
2201	186974
2202	187442
2203	187913
2204	188299
2205	188668
2206	189172
2207	189717
2208	190242
2209	190745
2210	191316
2211	191710
2212	192093
2213	192554
2214	193034
2215	193545
2216	194095
2217	194559
2218	194930
2219	195242
2220	195642
2221	196164
2222	196689
2223	197176
2224	197628
2225	197945
2226	198297
2227	198843
2228	199395
2229	199910
2230	200456
2231	200947
2232	201326
2233	201684
2234	202089
2235	202477
2236	202991
2237	203401
2238	203801
2239	204049
2240	204334
2241	204829
2242	205356
2243	205881
2244	206417
2245	206930
2246	207358
2247	207687
2248	208206
2249	208737
2250	209214
2251	209643
2252	209993
2253	210186
2254	210486
2255	210916
2256	211353
2257	211830
2258	212294
2259	212816
2260	213131
2261	213505
2262	214057
2263	214598
2264	215205
2265	215559
2266	215781
2267	215956
2268	216235
2269	216691
2270	217139
2271	217443
2272	217786
2273	218099
2274	218340
2275	218655
2276	219120
2277	219453
2278	219777
2279	220104
2280	220447
2281	220657
2282	220901
2283	221193
2284	221508
2285	221848
2286	222159
2287	222449
2288	222684
2289	222895
2290	223179
2291	223478
2292	223825
2293	224169
2294	224486
2295	224722
2296	224914
2297	225184
2298	225507
2299	225819
2300	226138
2301	226430
2302	226654
2303	226862
2304	227185
2305	227538
2306	227911
2307	228266
2308	228547
2309	228730
2310	228996
2311	229320
2312	229642
2313	229933
2314	230242
2315	230556
2316	230745
2317	230996
2318	231281
2319	231609
2320	231963
2321	232277
2322	232552
2323	232778
2324	233018
2325	233336
2326	233661
2327	233991
2328	234301
2329	234638
2330	234845
2331	235074
2332	235384
2333	235729
2334	236050
2335	236368
2336	236666
2337	236885
2338	237061
2339	237383
2340	237694
2341	238011
2342	238311
2343	238612
2344	238824
2345	239045
2346	239367
2347	239647
2348	239968
2349	240287
2350	240568
2351	240811
2352	241038
2353	241359
2354	241687
2355	242022
2356	242323
2357	242618
2358	242845
2359	243048
2360	243361
2361	243678
2362	243971
2363	244226
2364	244496
2365	244772
2366	245008
2367	245248
2368	245563
2369	245894
2370	246223
2371	246563
2372	246761
2373	246903
2374	247084
2375	247297
2376	247580
2377	247793
2378	248032
2379	248211
2380	248396
2381	248637
2382	248905
2383	249177
2384	249439
2385	249690
2386	249879
2387	250085
2388	250430
2389	250859
2390	251272
2391	251684
2392	251997
2393	252271
2394	252587
2395	252994
2396	253436
2397	253855
2398	254308
2399	254670
2400	254952
2401	255291
2402	255720
2403	256118
2404	256484
2405	256819
2406	257251
2407	257515
2408	257795
2409	258157
2410	258560
2411	258975
2412	259408
2413	259743
2414	260037
2415	260296
2416	260675
2417	261092
2418	261512
2419	261915
2420	262299
2421	262587
2422	262856
2423	263289
2424	263725
2425	264142
2426	264559
2427	264947
2428	265213
2429	265535
2430	265964
2431	266415
2432	266865
2433	267247
2434	267630
2435	267901
2436	268196
2437	268656
2438	269086
2439	269464
2440	269775
2441	270062
2442	270313
2443	270574
2444	271030
2445	271542
2446	272145
2447	273058
2448	273837
2449	274369
2450	274863
2451	275554
2452	276267
2453	276952
2454	277558
2455	278065
2456	278459
2457	278866
2458	279384
2459	279907
2460	280412
2461	280851
2462	281308
2463	281687
2464	282056
2465	282591
2466	283103
2467	283599
2468	284086
2469	284543
2470	285015
2471	285436
2472	285985
2473	286522
2474	287131
2475	287732
2476	288301
2477	288668
2478	289000
2479	289559
2480	290111
2481	290931
2482	291724
2483	292481
2484	293006
2485	293554
2486	294263
2487	294883
2488	295198
2489	295473
2490	295817
2491	296160
2492	296475
2493	296849
2494	297248
2495	297578
2496	297836
2497	298183
2498	298496
2499	298840
2500	299334
2501	299898
2502	300404
2503	300950
2504	301498
2505	301903
2506	302488
2507	303280
2508	304264
2509	305234
2510	306239
2511	307113
2512	307577
2513	307928
2514	308551
2515	309135
2516	309815
2517	310437
2518	311120
2519	311631
2520	312026
2521	312606
2522	313314
2523	314027
2524	314751
2525	315427
2526	315888
2527	316301
2528	316934
2529	317611
2530	318373
2531	319085
2532	319717
2533	320115
2534	320532
2535	321226
2536	321930
2537	322558
2538	323206
2539	323787
2540	324130
2541	324547
2542	325096
2543	325527
2544	325948
2545	326489
2546	327113
2547	327814
2548	328329
2549	328906
2550	329808
2551	330583
2552	331313
2553	332103
2554	332637
2555	333121
2556	333734
2557	334579
2558	335717
2559	336464
2560	337096
2561	337507
2562	337903
2563	338594
2564	339479
2565	340518
2566	341631
2567	342783
2568	343680
2569	344777
2570	346034
2571	347294
2572	348223
2573	349083
2574	349878
2575	350447
2576	350986
2577	351830
2578	352747
2579	353580
2580	354681
2581	355522
2582	356050
2583	356536
2584	357351
2585	358224
2586	359279
2587	360417
2588	361114
2589	361631
2590	362034
2591	362581
2592	363315
2593	364102
2594	364851
2595	365549
2596	366030
2597	366470
2598	367217
2599	368016
2600	368727
2601	369396
2602	370075
2603	370580
2604	371070
2605	371729
2606	372464
2607	373240
2608	373975
2609	374640
2610	375083
2611	375489
2612	376204
2613	377215
2614	377953
2615	378698
2616	379336
2617	379806
2618	380297
2619	381013
2620	381857
2621	382572
2622	383383
2623	384448
2624	385195
2625	386012
2626	387085
2627	388342
2628	389642
2629	390496
2630	391183
2631	391667
2632	392120
2633	392847
2634	393600
2635	394399
2636	395377
2637	396069
2638	396564
2639	396945
2640	397614
2641	398346
2642	399067
2643	400062
2644	401093
2645	401546
2646	401964
2647	402617
2648	403326
2649	404163
2650	404861
2651	405528
2652	405927
2653	406368
2654	407141
2655	408311
2656	409263
2657	410103
2658	410820
2659	411243
2660	411674
2661	412431
2662	413352
2663	414500
2664	416060
2665	417354
2666	418104
2667	418754
2668	419772
2669	420885
2670	421991
2671	423165
2672	423961
2673	424464
2674	424921
2675	425706
2676	426412
2677	427170
2678	428107
2679	428499
2680	428707
2681	428946
2682	429402
2683	430002
2684	430597
2685	431224
2686	431741
2687	432135
2688	432547
2689	433143
2690	433732
2691	434311
2692	434862
2693	435367
2694	435760
2695	436165
2696	436876
2697	437607
2698	438335
2699	439039
2700	439614
2701	440065
2702	440556
2703	441244
2704	441941
2705	442647
2706	443326
2707	443747
2708	444232
2709	444724
2710	445355
2711	446015
2712	446693
2713	447357
2714	447973
2715	448489
2716	448994
2717	449666
2718	450380
2719	451104
2720	451762
2721	452390
2722	452880
2723	453382
2724	454055
2725	454878
2726	455743
2727	456492
2728	457306
2729	457916
2730	458539
2731	459318
2732	460067
2733	460896
2734	461713
2735	462500
2736	463050
2737	463573
2738	464056
2739	464841
2740	465654
2741	466388
2742	467038
2743	467565
2744	468129
2745	468898
2746	469749
2747	470532
2748	471318
2749	472143
2750	472731
2751	473433
2752	474282
2753	475250
2754	476128
2755	476950
2756	477714
2757	478313
2758	478904
2759	479705
2760	480657
2761	481531
2762	482374
2763	483211
2764	483848
2765	484481
2766	485391
2767	486303
2768	487160
2769	488053
2770	489069
2771	489992
2772	490801
2773	492096
2774	493232
2775	493637
2776	494072
2777	494313
2778	494492
2779	494778
2780	495151
2781	495790
2782	496543
2783	497344
2784	497962
2785	498119
2786	498297
2787	498551
2788	499083
2789	499956
2790	500806
2791	501313
2792	501507
2793	501648
2794	502023
2795	502307
2796	502696
2797	503014
2798	503266
2799	503394
2800	503517
2801	503743
2802	504166
2803	504594
2804	505315
2805	505813
2806	505973
2807	506120
2808	506577
2809	507301
2810	507658
2811	507903
2812	508079
2813	508228
2814	508357
2815	508527
2816	509084
2817	509588
2818	509985
2819	510210
2820	510605
2821	510896
2822	511496
2823	511835
2824	512216
2825	512791
2826	513279
2827	513856
2828	514462
2829	515285
2830	516131
2831	516902
2832	517280
2833	518004
2834	518622
2835	519267
2836	519623
2837	519962
2838	520800
2839	521127
2840	521328
2841	521447
2842	521582
2843	521783
2844	522021
2845	522225
2846	522408
2847	522582
2848	522661
2849	522761
2850	522927
2851	523086
2852	523231
2853	523370
2854	523453
2855	523524
2856	523606
2857	523741
2858	523891
2859	524027
2860	524154
2861	524235
2862	524324
2863	524419
2864	524588
2865	524774
2866	524975
2867	525469
2868	525677
2869	525802
2870	525922
2871	526135
2872	526353
2873	526549
2874	526758
2875	526956
