1	1
2	1
3	1
4	1
5	1
6	1
7	1
8	1
9	1
10	1
11	1
12	1
13	1
14	1
15	1
16	1
17	2
18	3
19	4
20	4
21	6
22	6
23	9
24	10
25	10
26	10
27	10
28	10
29	10
30	10
31	10
32	10
33	10
34	11
35	11
36	11
37	11
38	13
39	13
40	15
41	16
42	16
43	16
44	16
45	16
46	16
47	17
48	17
49	17
50	17
51	17
52	17
53	17
54	17
55	19
56	23
57	23
58	24
59	26
60	27
61	28
62	29
63	29
64	32
65	33
66	35
67	35
68	35
69	36
70	36
71	39
72	39
73	39
74	39
75	39
76	39
77	39
78	39
79	39
80	39
81	40
82	42
83	42
84	43
85	44
86	44
87	45
88	45
89	46
90	47
91	50
92	51
93	52
94	53
95	54
96	54
97	54
98	55
99	57
100	57
101	57
102	57
103	58
104	58
105	58
106	58
107	61
108	61
109	61
110	61
111	62
112	63
113	65
114	65
115	65
116	67
117	68
118	69
119	70
120	70
121	70
122	70
123	72
124	74
125	74
126	76
127	76
128	77
129	79
130	79
131	79
132	80
133	81
134	82
135	82
136	82
137	83
138	84
139	84
140	84
141	85
142	87
143	87
144	92
145	92
146	92
147	92
148	92
149	93
150	96
151	96
152	97
153	98
154	98
155	99
156	99
157	99
158	99
159	99
160	99
161	100
162	102
163	103
164	104
165	105
166	105
167	106
168	106
169	106
170	106
171	106
172	106
173	106
174	108
175	109
176	110
177	111
178	112
179	113
180	113
181	116
182	117
183	119
184	119
185	119
186	121
187	121
188	121
189	123
190	124
191	127
192	127
193	130
194	132
195	135
196	135
197	138
198	138
199	139
200	140
201	141
202	142
203	144
204	145
205	145
206	146
207	147
208	150
209	153
210	153
211	153
212	156
213	160
214	161
215	163
216	163
217	163
218	163
219	163
220	164
221	164
222	164
223	165
224	165
225	166
226	167
227	168
228	169
229	171
230	171
231	172
232	173
233	173
234	173
235	174
236	175
237	176
238	178
239	178
240	181
241	181
242	184
243	184
244	184
245	186
246	187
247	188
248	188
249	190
250	190
251	193
252	195
253	197
254	236
255	238
256	239
257	241
258	241
259	242
260	243
261	244
262	245
263	245
264	246
265	246
266	248
267	249
268	250
269	251
270	252
271	255
272	256
273	256
274	257
275	262
276	263
277	265
278	267
279	271
280	274
281	282
282	288
283	293
284	294
285	294
286	295
287	296
288	297
289	297
290	298
291	300
292	300
293	301
294	302
295	303
296	305
297	305
298	309
299	313
300	315
301	316
302	317
303	318
304	321
305	324
306	326
307	326
308	330
309	331
310	332
311	335
312	336
313	340
314	342
315	342
316	344
317	347
318	348
319	350
320	351
321	354
322	358
323	360
324	362
325	364
326	364
327	365
328	366
329	368
330	374
331	375
332	379
333	383
334	385
335	386
336	390
337	393
338	400
339	404
340	408
341	410
342	411
343	416
344	419
345	419
346	425
347	426
348	427
349	428
350	431
351	433
352	436
353	438
354	439
355	442
356	443
357	446
358	451
359	455
360	460
361	464
362	470
363	473
364	476
365	476
366	481
367	484
368	491
369	499
370	501
371	503
372	510
373	515
374	522
375	523
376	529
377	530
378	533
379	540
380	550
381	555
382	557
383	563
384	567
385	572
386	576
387	578
388	578
389	586
390	597
391	598
392	601
393	608
394	608
395	618
396	623
397	627
398	632
399	641
400	649
401	654
402	656
403	661
404	668
405	670
406	676
407	678
408	683
409	687
410	691
411	712
412	716
413	722
414	725
415	729
416	741
417	747
418	749
419	752
420	757
421	759
422	764
423	765
424	768
425	775
426	776
427	776
428	781
429	789
430	792
431	795
432	797
433	801
434	806
435	812
436	817
437	823
438	832
439	837
440	879
441	881
442	884
443	889
444	892
445	901
446	906
447	912
448	919
449	925
450	934
451	943
452	951
453	961
454	964
455	965
456	967
457	976
458	982
459	985
460	988
461	993
462	994
463	998
464	1007
465	1063
466	1094
467	1103
468	1104
469	1107
470	1112
471	1120
472	1128
473	1133
474	1139
475	1142
476	1147
477	1151
478	1156
479	1162
480	1169
481	1176
482	1183
483	1184
484	1192
485	1198
486	1204
487	1209
488	1225
489	1227
490	1234
491	1240
492	1246
493	1253
494	1258
495	1266
496	1271
497	1273
498	1276
499	1279
500	1282
501	1290
502	1295
503	1302
504	1328
505	1334
506	1337
507	1351
508	1357
509	1362
510	1367
511	1370
512	1375
513	1382
514	1383
515	1391
516	1397
517	1402
518	1403
519	1407
520	1411
521	1421
522	1426
523	1429
524	1442
525	1446
526	1460
527	1468
528	1559
529	1570
530	1581
531	1589
532	1597
533	1604
534	1608
535	1621
536	1633
537	1635
538	1638
539	1642
540	1645
541	1647
542	1653
543	1663
544	1668
545	1675
546	1680
547	1685
548	1692
549	1697
550	1704
551	1708
552	1713
553	1718
554	1722
555	1726
556	1730
557	1737
558	1744
559	1747
560	1753
561	1760
562	1768
563	1788
564	1791
565	1803
566	1810
567	1816
568	1829
569	1841
570	1851
571	1863
572	1866
573	1875
574	1880
575	1890
576	1897
577	1902
578	1908
579	1919
580	1924
581	1930
582	1935
583	1942
584	1946
585	1951
586	1958
587	1963
588	1965
589	1972
590	1980
591	1988
592	1996
593	2009
594	2016
595	2017
596	2027
597	2034
598	2046
599	2056
600	2062
601	2067
602	2072
603	2083
604	2093
605	2103
606	2115
607	2121
608	2125
609	2129
610	2145
611	2148
612	2158
613	2166
614	2174
615	2184
616	2190
617	2200
618	2213
619	2225
620	2232
621	2240
622	2247
623	2259
624	2269
625	2276
626	2282
627	2291
628	2301
629	2307
630	2312
631	2319
632	2333
633	2343
634	2355
635	2366
636	2376
637	2383
638	2398
639	2412
640	2430
641	2438
642	2447
643	2457
644	2468
645	2472
646	2484
647	2490
648	2501
649	2515
650	2526
651	2535
652	2543
653	2550
654	2560
655	2566
656	2569
657	2575
658	2583
659	2605
660	2612
661	2617
662	2623
663	2634
664	2639
665	2645
666	2660
667	2671
668	2687
669	2699
670	2705
671	2714
672	2722
673	2728
674	2738
675	2750
676	2758
677	2766
678	2774
679	2781
680	2789
681	2799
682	2808
683	2814
684	2818
685	2823
686	2827
687	2833
688	2840
689	2852
690	2859
691	2866
692	2872
693	2884
694	2894
695	2903
696	2912
697	2926
698	2937
699	2944
700	2956
701	2966
702	2981
703	2993
704	3020
705	3032
706	3040
707	3055
708	3069
709	3075
710	3096
711	3106
712	3119
713	3133
714	3144
715	3161
716	3170
717	3178
718	3194
719	3207
720	3217
721	3228
722	3241
723	3253
724	3284
725	3296
726	3312
727	3320
728	3335
729	3360
730	3378
731	3401
732	3413
733	3425
734	3431
735	3443
736	3457
737	3473
738	3485
739	3503
740	3519
741	3531
742	3546
743	3553
744	3572
745	3596
746	3616
747	3637
748	3645
749	3658
750	3677
751	3703
752	3721
753	3746
754	3761
755	3772
756	3793
757	3810
758	3830
759	3851
760	3880
761	3895
762	3909
763	3924
764	3942
765	3960
766	3974
767	3995
768	4012
769	4019
770	4038
771	4062
772	4080
773	4092
774	4122
775	4144
776	4158
777	4177
778	4198
779	4226
780	4244
781	4270
782	4278
783	4295
784	4310
785	4329
786	4351
787	4381
788	4397
789	4423
790	4433
791	4442
792	4468
793	4490
794	4503
795	4528
796	4550
797	4569
798	4589
799	4612
800	4629
801	4645
802	4665
803	4683
804	4692
805	4705
806	4723
807	4743
808	4764
809	4792
810	4815
811	4835
812	4854
813	4872
814	4893
815	4916
816	4949
817	4969
818	4988
819	5006
820	5024
821	5045
822	5063
823	5081
824	5107
825	5125
826	5136
827	5155
828	5170
829	5188
830	5211
831	5224
832	5240
833	5252
834	5279
835	5310
836	5341
837	5373
838	5391
839	5399
840	5438
841	5461
842	5479
843	5504
844	5520
845	5542
846	5554
847	5570
848	5588
849	5607
850	5639
851	5660
852	5686
853	5698
854	5713
855	5734
856	5760
857	5776
858	5796
859	5819
860	5826
861	5843
862	5863
863	5887
864	5913
865	5933
866	5946
867	5962
868	5972
869	5997
870	6037
871	6064
872	6091
873	6109
874	6117
875	6135
876	6153
877	6181
878	6217
879	6244
880	6272
881	6289
882	6303
883	6326
884	6358
885	6389
886	6419
887	6435
888	6457
889	6476
890	6500
891	6518
892	6541
893	6562
894	6585
895	6605
896	6625
897	6665
898	6692
899	6723
900	6746
901	6767
902	6776
903	6794
904	6824
905	6852
906	6883
907	6912
908	6930
909	6953
910	6966
911	6993
912	7038
913	7066
914	7096
915	7111
916	7123
917	7140
918	7167
919	7197
920	7235
921	7261
922	7296
923	7320
924	7338
925	7359
926	7404
927	7439
928	7469
929	7498
930	7509
931	7528
932	7558
933	7585
934	7625
935	7657
936	7692
937	7712
938	7740
939	7780
940	7814
941	7848
942	7877
943	7907
944	7924
945	7950
946	7989
947	8030
948	8068
949	8111
950	8141
951	8165
952	8181
953	8213
954	8234
955	8261
956	8279
957	8317
958	8333
959	8356
960	8397
961	8434
962	8474
963	8517
964	8557
965	8582
966	8611
967	8644
968	8675
969	8717
970	8762
971	8791
972	8823
973	8851
974	8884
975	8918
976	8949
977	8985
978	9018
979	9041
980	9065
981	9113
982	9157
983	9188
984	9235
985	9281
986	9314
987	9339
988	9384
989	9433
990	9477
991	9526
992	9571
993	9613
994	9646
995	9676
996	9712
997	9748
998	9795
999	9832
1000	9858
1001	9885
1002	9924
1003	9973
1004	10003
1005	10061
1006	10107
1007	10143
1008	10152
1009	10215
1010	10264
1011	10296
1012	10343
1013	10385
1014	10420
1015	10445
1016	10482
1017	10528
1018	10579
1019	10622
1020	10657
1021	10689
1022	10713
1023	10744
1024	10789
1025	10828
1026	10893
1027	10938
1028	10990
1029	11024
1030	11066
1031	11115
1032	11160
1033	11214
1034	11262
1035	11303
1036	11346
1037	11646
1038	11720
1039	11765
1040	11819
1041	11864
1042	11901
1043	11932
1044	11981
1045	12038
1046	12084
1047	12124
1048	12149
1049	12170
1050	12193
1051	12221
1052	12260
1053	12302
1054	12331
1055	12368
1056	12392
1057	12424
1058	12488
1059	12537
1060	12604
1061	12657
1062	12711
1063	12733
1064	12762
1065	12808
1066	12865
1067	12917
1068	12974
1069	13045
1070	13100
1071	13134
1072	13202
1073	13280
1074	13334
1075	13379
1076	13461
1077	13512
1078	13559
1079	13637
1080	13691
1081	13760
1082	13824
1083	13915
1084	13959
1085	14014
1086	14082
1087	14138
1088	14200
1089	14289
1090	14346
1091	14393
1092	14449
1093	14510
1094	14590
1095	14677
1096	14763
1097	14836
1098	14876
1099	14931
1100	15009
1101	15084
1102	15168
1103	15241
1104	15317
1105	15374
1106	15442
1107	15559
1108	15637
1109	15716
1110	15810
1111	15890
1112	15951
1113	16003
1114	16098
1115	16182
1116	16266
1117	16347
1118	16435
1119	16488
1120	16551
1121	16640
1122	16727
1123	16800
1124	16890
1125	16962
1126	17004
1127	17060
1128	17158
1129	17237
1130	17311
1131	17371
1132	17430
1133	17482
1134	17553
1135	17622
1136	17699
1137	17787
1138	17863
1139	17944
1140	18028
1141	18103
1142	18185
1143	18264
1144	18356
1145	18472
1146	18600
1147	18670
1148	18729
1149	18826
1150	18917
1151	19022
1152	19131
1153	19215
1154	19281
1155	19354
1156	19465
1157	19563
1158	19651
1159	19744
1160	19839
1161	19903
1162	19976
1163	20070
1164	20156
1165	20249
1166	20343
1167	20414
1168	20468
1169	20528
1170	20617
1171	20723
1172	20824
1173	20925
1174	21021
1175	21083
1176	21140
1177	21214
1178	21300
1179	21397
1180	21487
1181	21580
1182	21632
1183	21695
1184	21791
1185	21897
1186	21977
1187	22055
1188	22173
1189	22241
1190	22319
1191	22441
1192	22524
1193	22636
1194	22754
1195	22879
1196	22943
1197	23044
1198	23140
1199	23236
1200	23335
1201	23424
1202	23507
1203	23581
1204	23637
1205	23730
1206	23839
1207	23942
1208	24036
1209	24132
1210	24187
1211	24293
1212	24401
1213	24535
1214	24640
1215	24756
1216	24850
1217	24909
1218	25000
1219	25109
1220	25198
1221	25315
1222	25398
1223	25502
1224	25576
1225	25651
1226	25819
1227	25964
1228	26082
1229	26206
1230	26324
1231	26387
1232	26455
1233	26557
1234	26691
1235	26811
1236	26901
1237	26995
1238	27059
1239	27130
1240	27218
1241	27321
1242	27454
1243	27553
1244	27647
1245	27711
1246	27780
1247	27898
1248	28016
1249	28158
1250	28260
1251	28387
1252	28478
1253	28555
1254	28687
1255	28802
1256	28937
1257	29056
1258	29156
1259	29238
1260	29317
1261	29412
1262	29511
1263	29621
1264	29724
1265	29826
1266	29881
1267	29965
1268	30092
1269	30200
1270	30312
1271	30426
1272	30535
1273	30611
1274	30698
1275	30833
1276	30944
1277	31069
1278	31207
1279	31329
1280	31406
1281	31483
1282	31599
1283	31730
1284	31853
1285	31974
1286	32108
1287	32171
1288	32262
1289	32395
1290	32538
1291	32660
1292	32792
1293	32895
1294	32962
1295	33057
1296	33183
1297	33316
1298	33438
1299	33571
1300	33713
1301	33795
1302	33873
1303	33994
1304	34134
1305	34277
1306	34420
1307	34541
1308	34634
1309	34718
1310	34827
1311	34949
1312	35142
1313	35290
1314	35414
1315	35494
1316	35591
1317	35792
1318	35950
1319	36110
1320	36281
1321	36414
1322	36509
1323	36623
1324	36776
1325	36923
1326	37079
1327	37234
1328	37389
1329	37467
1330	37571
1331	37699
1332	37879
1333	38048
1334	38199
1335	38324
1336	38421
1337	38529
1338	38686
1339	38840
1340	38985
1341	39131
1342	39272
1343	39362
1344	39463
1345	39648
1346	39789
1347	39938
1348	40105
1349	40252
1350	40349
1351	40455
1352	40576
1353	40720
1354	40847
1355	41015
1356	41175
1357	41286
1358	41387
1359	41523
1360	41689
1361	41885
1362	42051
1363	42210
1364	42306
1365	42446
1366	42599
1367	42783
1368	42959
1369	43127
1370	43314
1371	43471
1372	43611
1373	43786
1374	43961
1375	44183
1376	44347
1377	44500
1378	44615
1379	44737
1380	44913
1381	45123
1382	45267
1383	45433
1384	45584
1385	45696
1386	45814
1387	45981
1388	46159
1389	46350
1390	46516
1391	46699
1392	46844
1393	46982
1394	47171
1395	47369
1396	47566
1397	47757
1398	47938
1399	48050
1400	48191
1401	48364
1402	48569
1403	48721
1404	48954
1405	49171
1406	49303
1407	49466
1408	49676
1409	49896
1410	50097
1411	50314
1412	50479
1413	50583
1414	50708
1415	50881
1416	51053
1417	51215
1418	51408
1419	51540
1420	51650
1421	51781
1422	51993
1423	52233
1424	52476
1425	52701
1426	52975
1427	53167
1428	53362
1429	53575
1430	53846
1431	54143
1432	54408
1433	54640
1434	54851
1435	55043
1436	55327
1437	55608
1438	55935
1439	56248
1440	56527
1441	56713
1442	56887
1443	57111
1444	57404
1445	57678
1446	57954
1447	58175
1448	58381
1449	58602
1450	58858
1451	59163
1452	59490
1453	59783
1454	60032
1455	60248
1456	60455
1457	60737
1458	60992
1459	61293
1460	61580
1461	61849
1462	62021
1463	62265
1464	62606
1465	62990
1466	63319
1467	63657
1468	64030
1469	64290
1470	64594
1471	64953
1472	65336
1473	65768
1474	66163
1475	66498
1476	66769
1477	67089
1478	67473
1479	67914
1480	68255
1481	68634
1482	69038
1483	69359
1484	69648
1485	70044
1486	70411
1487	70796
1488	71220
1489	71580
1490	71766
1491	71970
1492	72299
1493	72589
1494	72965
1495	73318
1496	73691
1497	73974
1498	74273
1499	74702
1500	75107
1501	75567
1502	76012
1503	76428
1504	76702
1505	76980
1506	77365
1507	77800
1508	78252
1509	78701
1510	79093
1511	79356
1512	79640
1513	80022
1514	80413
1515	80824
1516	81280
1517	81633
1518	81939
1519	82218
1520	82613
1521	83028
1522	83482
1523	83966
1524	84396
1525	84680
1526	85032
1527	85544
1528	85977
1529	86458
1530	86909
1531	87361
1532	87684
1533	88023
1534	88486
1535	88925
1536	89392
1537	89846
1538	90207
1539	90491
1540	90754
1541	91105
1542	91432
1543	91911
1544	92343
1545	92759
1546	93028
1547	93302
1548	93733
1549	94186
1550	94656
1551	95174
1552	95658
1553	96059
1554	96374
1555	96872
1556	97308
1557	97736
1558	98155
1559	98547
1560	98927
1561	99275
1562	99730
1563	100201
1564	100731
1565	101242
1566	101672
1567	101956
1568	102244
1569	102655
1570	103158
1571	103626
1572	104035
1573	104471
1574	104801
1575	105133
1576	105579
1577	106011
1578	106448
1579	106927
1580	107330
1581	107626
1582	107973
1583	108478
1584	108953
1585	109465
1586	109978
1587	110395
1588	110705
1589	111009
1590	111449
1591	111996
1592	112538
1593	113035
1594	113532
1595	113819
1596	114100
1597	114655
1598	115168
1599	115700
1600	116163
1601	116571
1602	116885
1603	117227
1604	117682
1605	118238
1606	118737
1607	119280
1608	119747
1609	120050
1610	120355
1611	120834
1612	121396
1613	121964
1614	122597
1615	123199
1616	123549
1617	123957
1618	124539
1619	125135
1620	125682
1621	126201
1622	126700
1623	127022
1624	127356
1625	127817
1626	128393
1627	128857
1628	129350
1629	129823
1630	130159
1631	130527
1632	131062
1633	131658
1634	132201
1635	132852
1636	133466
1637	133932
1638	134411
1639	135145
1640	135990
1641	136835
1642	137591
1643	138246
1644	138784
1645	139339
1646	140110
1647	140956
1648	141703
1649	142444
1650	143206
1651	143691
1652	144233
1653	144943
1654	145816
1655	146569
1656	147397
1657	148106
1658	148654
1659	149203
1660	149968
1661	150827
1662	151730
1663	152533
1664	153241
1665	153780
1666	154320
1667	155081
1668	155952
1669	156853
1670	157693
1671	158510
1672	159086
1673	159655
1674	160512
1675	161327
1676	162240
1677	163202
1678	164054
1679	164616
1680	165202
1681	166065
1682	166998
1683	167816
1684	168588
1685	169388
1686	169951
1687	170601
1688	171453
1689	172325
1690	173363
1691	174276
1692	175075
1693	175704
1694	176236
1695	177165
1696	177933
1697	178456
1698	178908
1699	179357
1700	179662
1701	180002
1702	180536
1703	181150
1704	181786
1705	182476
1706	183002
1707	183319
1708	183737
1709	184212
1710	184713
1711	185250
1712	185811
1713	186247
1714	186569
1715	186937
1716	187467
1717	188028
1718	188574
1719	189140
1720	189598
1721	189936
1722	190271
1723	190767
1724	191320
1725	191836
1726	192343
1727	192880
1728	193261
1729	193673
1730	194347
1731	195101
1732	195921
1733	197049
1734	197976
1735	198643
1736	199321
1737	200424
1738	201395
1739	202405
1740	203366
1741	204230
1742	204931
1743	205568
1744	206368
1745	207071
1746	207684
1747	208231
1748	208693
1749	208972
1750	209334
1751	209841
1752	210447
1753	211025
1754	211802
1755	212552
1756	213106
1757	213682
1758	214428
1759	215174
1760	216049
1761	216930
1762	217751
1763	218361
1764	218971
1765	219790
1766	220682
1767	221643
1768	222492
1769	223230
1770	223860
1771	224469
1772	225369
1773	226089
1774	226565
1775	227064
1776	227661
1777	227980
1778	228267
1779	228587
1780	228889
1781	229467
1782	230344
1783	231115
1784	231629
1785	232121
1786	232478
1787	232751
1788	233267
1789	233972
1790	234464
1791	234856
1792	235310
1793	236017
1794	236965
1795	237921
1796	238915
1797	239755
1798	240231
1799	240642
1800	241198
1801	241765
1802	242353
1803	243068
1804	243821
1805	244386
1806	244895
1807	245642
1808	246413
1809	247392
1810	248378
1811	249141
1812	249747
1813	250351
1814	251287
1815	252286
1816	253262
1817	254213
1818	255047
1819	255730
1820	256428
1821	257405
1822	258349
1823	259432
1824	260484
1825	261354
1826	262010
1827	262799
1828	263723
1829	264671
1830	265718
1831	266697
1832	267607
1833	268454
1834	269354
1835	270551
1836	271919
1837	273326
1838	274847
1839	276152
1840	277145
1841	278074
1842	279203
1843	280638
1844	282047
1845	283342
1846	284661
1847	285597
1848	286586
1849	288011
1850	289045
1851	290095
1852	291070
1853	292712
1854	293645
1855	294591
1856	295990
1857	297531
1858	298820
1859	299964
1860	301357
1861	302384
1862	303513
1863	304906
1864	306280
1865	307773
1866	309310
1867	310616
1868	311451
1869	311933
1870	312557
1871	313620
1872	314967
1873	316119
1874	317230
1875	317964
1876	319015
1877	320097
1878	321275
1879	322325
1880	323300
1881	324381
1882	325288
1883	326250
1884	327541
1885	328823
1886	330001
1887	331298
1888	332444
1889	333384
1890	334246
1891	335414
1892	336686
1893	338147
1894	339629
1895	340883
1896	341812
1897	342643
1898	343869
1899	345185
1900	346012
1901	346818
1902	347536
1903	348305
1904	349534
1905	351004
1906	352369
1907	353590
1908	355267
1909	356721
1910	357683
1911	358769
1912	360347
1913	361880
1914	363553
1915	365015
1916	366252
1917	367238
1918	368261
1919	369688
1920	371237
1921	372792
1922	374171
1923	375630
1924	376610
1925	377612
1926	378911
1927	379908
1928	381120
1929	382125
1930	383144
1931	384107
1932	385045
1933	386411
1934	387922
1935	389439
1936	390794
1937	391544
1938	391994
1939	392497
1940	393341
1941	394937
1942	396403
1943	397812
1944	399182
1945	400261
1946	401305
1947	402584
1948	403845
1949	405183
1950	406607
1951	408021
1952	408843
1953	409867
1954	411331
1955	412830
1956	414221
1957	415626
1958	417130
1959	418001
1960	418986
1961	420345
1962	421957
1963	423355
1964	424854
1965	426413
1966	427375
1967	428295
1968	429830
1969	431547
1970	433187
1971	434588
1972	436011
1973	437061
1974	438117
1975	439824
1976	441562
1977	443328
1978	444936
1979	446354
1980	447384
1981	448383
1982	450116
1983	451888
1984	453748
1985	455198
1986	456054
1987	456893
1988	457809
1989	459480
1990	461307
1991	463059
1992	464711
1993	466363
1994	467461
1995	468538
1996	470305
1997	471987
1998	473542
1999	475151
2000	476727
2001	477745
2002	478794
2003	480406
2004	482048
2005	483703
2006	485407
2007	486933
2008	487889
2009	488829
2010	490176
2011	491124
2012	492833
2013	494282
2014	495679
2015	496583
2016	497412
2017	499132
2018	500832
2019	502575
2020	504295
2021	505746
2022	506882
2023	508029
2024	509758
2025	511456
2026	513246
2027	514941
2028	516266
2029	517266
2030	518357
2031	519827
2032	521300
2033	523030
2034	524719
2035	526267
2036	527324
2037	528349
2038	530141
2039	531879
2040	533644
2041	535445
2042	537055
2043	537725
2044	538261
2045	539291
2046	540319
2047	541802
2048	543291
2049	544862
2050	546145
2051	547628
2052	549497
2053	551248
2054	553228
2055	554974
2056	556632
2057	557847
2058	559173
2059	560914
2060	562566
2061	564095
2062	565898
2063	567438
2064	568562
2065	569854
2066	571525
2067	573652
2068	575589
2069	577466
2070	579319
2071	580699
2072	582007
2073	583804
2074	585742
2075	587751
2076	589720
2077	591311
2078	592703
2079	594115
2080	596011
2081	598019
2082	600002
2083	602054
2084	603910
2085	605072
2086	606344
2087	608579
2088	610644
2089	612796
2090	614749
2091	616407
2092	617647
2093	619009
2094	621155
2095	623190
2096	625387
2097	627593
2098	629574
2099	631014
2100	632399
2101	634572
2102	636936
2103	639312
2104	641534
2105	643589
2106	644948
2107	646473
2108	648635
2109	650974
2110	653139
2111	655346
2112	657381
2113	658721
2114	660026
2115	662065
2116	664235
2117	666285
2118	667978
2119	669710
2120	670945
2121	672248
2122	674342
2123	676497
2124	678380
2125	680390
2126	682225
2127	683511
2128	684770
2129	686738
2130	689173
2131	691167
2132	693036
2133	694795
2134	695988
2135	697328
2136	699330
2137	701269
2138	703116
2139	705144
2140	706829
2141	707948
2142	709114
2143	710702
2144	712042
2145	713198
2146	714669
2147	716209
2148	717301
2149	718412
2150	719945
2151	721296
2152	722250
2153	723919
2154	725587
2155	726819
2156	728003
2157	729803
2158	731785
2159	733867
2160	735890
2161	737740
2162	739042
2163	740376
2164	742491
2165	744713
2166	746900
2167	749156
2168	751294
2169	752802
2170	754266
2171	756564
2172	759125
2173	761487
2174	763717
2175	765663
2176	767108
2177	768752
2178	770274
2179	771230
2180	772770
2181	774657
2182	776457
2183	777692
2184	779095
2185	780918
2186	782835
2187	784947
2188	787248
2189	789399
2190	791127
2191	792678
2192	794935
2193	797118
2194	799049
2195	801446
2196	803462
2197	804876
2198	806420
2199	808850
2200	811367
2201	813607
2202	816116
2203	818463
2204	820187
2205	821808
2206	824193
2207	826972
2208	829533
2209	832146
2210	834493
2211	836227
2212	837961
2213	840216
2214	842732
2215	845393
2216	848092
2217	850442
2218	852026
2219	853754
2220	856137
2221	858689
2222	861283
2223	863895
2224	866199
2225	867710
2226	869400
2227	871849
2228	874549
2229	877112
2230	879517
2231	881967
2232	883602
2233	885286
2234	887795
2235	890310
2236	892750
2237	895270
2238	897545
2239	899181
2240	900753
2241	902663
2242	905159
2243	907570
2244	910142
2245	912371
2246	913950
2247	915535
2248	918151
2249	920729
2250	923221
2251	925729
2252	928079
2253	929850
2254	931604
2255	933797
2256	935439
2257	937974
2258	939929
2259	941887
2260	942941
2261	944458
2262	946657
2263	949113
2264	951785
2265	954292
2266	956688
2267	958365
2268	960158
2269	962661
2270	965305
2271	967710
2272	969469
2273	971084
2274	971939
2275	973392
2276	975659
2277	977908
2278	980067
2279	982314
2280	984408
2281	985842
2282	987525
2283	990403
2284	993234
2285	995940
2286	997221
2287	998147
2288	998825
2289	1000222
2290	1002373
2291	1004663
2292	1005990
2293	1007381
2294	1008759
2295	1009762
2296	1011408
2297	1013776
2298	1015278
2299	1016651
2300	1017932
2301	1019034
2302	1019896
2303	1020768
2304	1021950
2305	1023321
2306	1024781
2307	1026288
2308	1027525
2309	1028416
2310	1029304
2311	1030646
2312	1031956
2313	1033249
2314	1034494
2315	1035645
2316	1036551
2317	1037468
2318	1038661
2319	1039947
2320	1041288
2321	1042556
2322	1043798
2323	1044612
2324	1045517
2325	1046801
2326	1048080
2327	1049454
2328	1050777
2329	1051960
2330	1052767
2331	1053564
2332	1054812
2333	1056111
2334	1057323
2335	1058567
2336	1059555
2337	1060270
2338	1061155
2339	1062408
2340	1063693
2341	1064892
2342	1066130
2343	1067205
2344	1068098
2345	1068947
2346	1070030
2347	1071350
2348	1072596
2349	1073804
2350	1074867
2351	1075688
2352	1076495
2353	1077585
2354	1078836
2355	1080018
2356	1081222
2357	1082324
2358	1083175
2359	1084104
2360	1085314
2361	1086417
2362	1087604
2363	1088829
2364	1089922
2365	1090659
2366	1091561
2367	1092718
2368	1093984
2369	1095177
2370	1096313
2371	1097431
2372	1098250
2373	1099108
2374	1100268
2375	1101382
2376	1102590
2377	1103763
2378	1104755
2379	1105431
2380	1106276
2381	1107455
2382	1108635
2383	1109869
2384	1111097
2385	1112236
2386	1113142
2387	1113962
2388	1114958
2389	1116216
2390	1117591
2391	1118764
2392	1119787
2393	1120533
2394	1121080
2395	1121776
2396	1122702
2397	1123567
2398	1124441
2399	1125204
2400	1125834
2401	1126510
2402	1127406
2403	1128384
2404	1129434
2405	1130514
2406	1131623
2407	1132432
2408	1133289
2409	1134603
2410	1136312
2411	1138000
2412	1139601
2413	1141101
2414	1142272
2415	1143383
2416	1144941
2417	1146653
2418	1148315
2419	1149838
2420	1151177
2421	1152293
2422	1153532
2423	1155196
2424	1156749
2425	1158289
2426	1159709
2427	1161103
2428	1162146
2429	1163166
2430	1164664
2431	1166304
2432	1167889
2433	1169426
2434	1170840
2435	1171994
2436	1173106
2437	1174570
2438	1176137
2439	1177746
2440	1179260
2441	1180639
2442	1181723
2443	1182923
2444	1184615
2445	1186351
2446	1188016
2447	1189596
2448	1191076
2449	1192190
2450	1193351
2451	1195014
2452	1196866
2453	1198525
2454	1200201
2455	1201603
2456	1202642
2457	1203818
2458	1205393
2459	1207153
2460	1208651
2461	1209665
2462	1210696
2463	1211560
2464	1212486
2465	1214273
2466	1216433
2467	1218722
2468	1221213
2469	1223612
2470	1225192
2471	1226947
2472	1229485
2473	1232131
2474	1234763
2475	1237162
2476	1239112
2477	1240483
2478	1241947
2479	1243986
2480	1246067
2481	1248051
2482	1249870
2483	1251423
2484	1252747
2485	1254166
2486	1256214
2487	1258167
2488	1260358
2489	1262378
2490	1264114
2491	1265515
2492	1266888
2493	1268860
2494	1270824
2495	1272656
2496	1274710
2497	1277114
2498	1278788
2499	1280243
2500	1282690
2501	1285116
2502	1288519
2503	1292078
2504	1295396
2505	1297379
2506	1299535
2507	1302606
2508	1305757
2509	1307537
2510	1309025
2511	1310660
2512	1311990
2513	1313375
2514	1315255
2515	1317230
2516	1318805
2517	1319728
2518	1321331
2519	1322707
2520	1324489
2521	1326829
2522	1329321
2523	1331890
2524	1334632
2525	1337039
2526	1338634
2527	1340986
2528	1344611
2529	1348687
2530	1352680
2531	1356809
2532	1360632
2533	1362732
2534	1364368
2535	1367220
2536	1370132
2537	1373051
2538	1375827
2539	1378478
2540	1380225
2541	1381980
2542	1384827
2543	1387838
2544	1390888
2545	1393813
2546	1396634
2547	1398494
2548	1400180
2549	1402988
2550	1405854
2551	1408954
2552	1411789
2553	1414370
2554	1416151
2555	1417796
2556	1420606
2557	1423379
2558	1426183
2559	1428999
2560	1431497
2561	1433082
2562	1434705
2563	1436726
2564	1438456
2565	1440216
2566	1442373
2567	1444632
2568	1447261
2569	1449157
2570	1451303
2571	1454411
2572	1457454
2573	1460806
2574	1464129
2575	1466158
2576	1467802
2577	1470782
2578	1474385
2579	1478777
2580	1482017
2581	1484999
2582	1486874
2583	1488732
2584	1492392
2585	1496514
2586	1501069
2587	1505878
2588	1510720
2589	1514359
2590	1519023
2591	1524432
2592	1530152
2593	1534794
2594	1538347
2595	1541891
2596	1544335
2597	1546533
2598	1550471
2599	1554437
2600	1558490
2601	1563136
2602	1566831
2603	1569349
2604	1571743
2605	1575403
2606	1579309
2607	1584279
2608	1588965
2609	1592413
2610	1594214
2611	1595995
2612	1598597
2613	1602111
2614	1605736
2615	1608964
2616	1612119
2617	1614418
2618	1616452
2619	1619770
2620	1623232
2621	1626608
2622	1630070
2623	1633246
2624	1635291
2625	1637332
2626	1640708
2627	1644381
2628	1647820
2629	1651036
2630	1653986
2631	1656048
2632	1657998
2633	1661257
2634	1665845
2635	1669461
2636	1672397
2637	1674333
2638	1676027
2639	1677822
2640	1681010
2641	1684249
2642	1687608
2643	1690961
2644	1695211
2645	1698361
2646	1701627
2647	1706016
2648	1710793
2649	1715277
2650	1718786
2651	1721938
2652	1723804
2653	1725888
2654	1729288
2655	1732877
2656	1736235
2657	1740153
2658	1743401
2659	1745391
2660	1747313
2661	1750408
2662	1753601
2663	1757006
2664	1761271
2665	1765804
2666	1767927
2667	1770082
2668	1773181
2669	1776736
2670	1780429
2671	1783957
2672	1787007
2673	1788884
2674	1790835
2675	1794450
2676	1799247
2677	1803365
2678	1806858
2679	1810024
2680	1811894
2681	1813796
2682	1817104
2683	1821048
2684	1825629
2685	1830147
2686	1834065
2687	1836655
2688	1839494
2689	1843500
2690	1848175
2691	1853577
2692	1858363
2693	1861381
2694	1863374
2695	1865362
2696	1868674
2697	1872014
2698	1875350
2699	1879094
2700	1880917
2701	1881548
2702	1882418
2703	1883881
2704	1886125
2705	1888297
2706	1890404
2707	1892181
2708	1893472
2709	1894971
2710	1897020
2711	1899038
2712	1901086
2713	1903000
2714	1904777
2715	1906036
2716	1907601
2717	1910176
2718	1912733
2719	1915292
2720	1918035
2721	1920377
2722	1922008
2723	1923844
2724	1926482
2725	1929090
2726	1931687
2727	1934091
2728	1935370
2729	1936949
2730	1938775
2731	1941215
2732	1943780
2733	1946450
2734	1949040
2735	1951449
2736	1953143
2737	1955002
2738	1957576
2739	1960154
2740	1962879
2741	1965552
2742	1967915
2743	1969693
2744	1971798
2745	1974398
2746	1977339
2747	1980271
2748	1983075
2749	1985732
2750	1987565
2751	1989643
2752	1992504
2753	1995546
2754	1998456
2755	2001579
2756	2004576
2757	2006653
2758	2008680
2759	2010671
2760	2013773
2761	2016916
2762	2019707
2763	2022343
2764	2024302
2765	2026602
2766	2029629
2767	2032844
2768	2036171
2769	2039432
2770	2042420
2771	2044534
2772	2046956
2773	2050557
2774	2054055
2775	2057392
2776	2060952
2777	2064028
2778	2066356
2779	2068748
2780	2072224
2781	2075820
2782	2079274
2783	2082739
2784	2085760
2785	2088115
2786	2090413
2787	2093904
2788	2097426
2789	2100804
2790	2104151
2791	2107402
2792	2110316
2793	2113624
2794	2118332
2795	2122167
2796	2123749
2797	2125215
2798	2126119
2799	2126716
2800	2127660
2801	2129189
2802	2131728
2803	2134858
2804	2138428
2805	2140493
2806	2141036
2807	2141546
2808	2142534
2809	2144431
2810	2148047
2811	2151539
2812	2153731
2813	2154412
2814	2154854
2815	2156048
2816	2157049
2817	2158757
2818	2159893
2819	2160693
2820	2161162
2821	2161644
2822	2162480
2823	2164038
2824	2165692
2825	2168241
2826	2170177
2827	2170646
2828	2171133
2829	2173120
2830	2176372
2831	2177580
2832	2178432
2833	2179163
2834	2179556
2835	2180031
2836	2180926
2837	2183182
2838	2185064
2839	2186679
2840	2187503
2841	2188853
2842	2190006
2843	2192033
2844	2193569
2845	2194970
2846	2197270
2847	2199174
2848	2201567
2849	2204145
2850	2207734
2851	2211055
2852	2214068
2853	2215460
2854	2217970
2855	2220336
2856	2222705
2857	2224017
2858	2225201
2859	2228508
2860	2229855
2861	2230500
2862	2230883
2863	2231248
2864	2231948
2865	2232708
2866	2233386
2867	2234043
2868	2234653
2869	2235013
2870	2235410
2871	2235937
2872	2236533
2873	2237078
2874	2237508
2875	2237848
2876	2238121
2877	2238451
2878	2238950
2879	2239481
2880	2239937
2881	2240300
2882	2240553
2883	2240885
2884	2241267
2885	2241945
2886	2242631
2887	2243360
2888	2245089
2889	2245901
2890	2246242
2891	2246642
2892	2247370
2893	2248159
2894	2248900
2895	2249863
2896	2250457
