1	1
2	1
3	1
4	1
5	1
6	1
7	2
8	2
9	2
10	2
11	2
12	2
13	2
14	2
15	2
16	2
17	2
18	2
19	3
20	3
21	4
22	4
23	4
24	4
25	4
26	6
27	7
28	7
29	8
30	8
31	9
32	13
33	17
34	20
35	20
36	22
37	25
38	27
39	27
40	28
41	33
42	35
43	35
44	38
45	38
46	40
47	41
48	42
49	44
50	45
51	47
52	47
53	47
54	51
55	52
56	54
57	55
58	55
59	55
60	56
61	58
62	58
63	58
64	59
65	59
66	60
67	60
68	61
69	63
70	65
71	68
72	71
73	73
74	75
75	75
76	81
77	82
78	83
79	85
80	90
81	92
82	92
83	94
84	97
85	97
86	102
87	103
88	108
89	109
90	109
91	111
92	115
93	116
94	118
95	122
96	125
97	128
98	130
99	133
100	134
101	135
102	136
103	138
104	140
105	143
106	144
107	146
108	147
109	149
110	150
111	151
112	152
113	152
114	153
115	158
116	163
117	166
118	168
119	172
120	173
121	175
122	177
123	180
124	181
125	182
126	184
127	184
128	187
129	189
130	189
131	192
132	192
133	195
134	195
135	196
136	198
137	199
138	202
139	202
140	207
141	208
142	210
143	212
144	214
145	214
146	217
147	218
148	221
149	223
150	229
151	233
152	233
153	235
154	240
155	242
156	244
157	247
158	249
159	249
160	250
161	250
162	251
163	251
164	251
165	253
166	254
167	255
168	256
169	256
170	261
171	263
172	265
173	265
174	267
175	271
176	274
177	275
178	276
179	277
180	278
181	278
182	279
183	280
184	281
185	283
186	285
187	287
188	291
189	293
190	296
191	297
192	302
193	304
194	309
195	314
196	314
197	317
198	318
199	322
200	325
201	329
202	331
203	333
204	336
205	338
206	343
207	346
208	347
209	347
210	347
211	351
212	354
213	357
214	360
215	361
216	364
217	366
218	368
219	371
220	373
221	376
222	377
223	380
224	383
225	384
226	386
227	390
228	395
229	397
230	397
231	399
232	403
233	406
234	406
235	412
236	415
237	417
238	418
239	421
240	424
241	428
242	431
243	433
244	435
245	439
246	440
247	441
248	444
249	447
250	448
251	451
252	453
253	456
254	458
255	458
256	460
257	464
258	465
259	466
260	466
261	466
262	473
263	475
264	479
265	482
266	486
267	488
268	539
269	544
270	548
271	550
272	550
273	552
274	554
275	555
276	558
277	558
278	563
279	565
280	566
281	570
282	572
283	574
284	579
285	582
286	586
287	587
288	590
289	592
290	594
291	598
292	603
293	604
294	606
295	610
296	613
297	616
298	618
299	619
300	621
301	623
302	627
303	630
304	634
305	636
306	637
307	640
308	642
309	646
310	651
311	657
312	663
313	667
314	669
315	673
316	677
317	681
318	687
319	694
320	696
321	700
322	704
323	706
324	707
325	712
326	716
327	719
328	721
329	723
330	728
331	731
332	735
333	739
334	743
335	747
336	748
337	752
338	756
339	758
340	760
341	768
342	777
343	780
344	789
345	795
346	800
347	803
348	811
349	815
350	822
351	827
352	832
353	837
354	841
355	842
356	846
357	850
358	857
359	864
360	868
361	875
362	879
363	888
364	894
365	901
366	909
367	911
368	917
369	920
370	924
371	931
372	936
373	944
374	948
375	953
376	960
377	963
378	971
379	977
380	982
381	986
382	998
383	1005
384	1005
385	1015
386	1024
387	1027
388	1031
389	1035
390	1041
391	1047
392	1055
393	1061
394	1068
395	1076
396	1080
397	1085
398	1090
399	1099
400	1103
401	1110
402	1120
403	1125
404	1131
405	1135
406	1140
407	1144
408	1153
409	1159
410	1162
411	1171
412	1174
413	1179
414	1186
415	1192
416	1196
417	1200
418	1204
419	1213
420	1221
421	1232
422	1243
423	1250
424	1259
425	1271
426	1279
427	1284
428	1290
429	1299
430	1306
431	1317
432	1325
433	1329
434	1341
435	1352
436	1360
437	1365
438	1374
439	1384
440	1390
441	1397
442	1399
443	1402
444	1404
445	1407
446	1416
447	1425
448	1430
449	1437
450	1443
451	1456
452	1466
453	1479
454	1488
455	1495
456	1506
457	1521
458	1530
459	1542
460	1550
461	1557
462	1565
463	1575
464	1591
465	1609
466	1622
467	1631
468	1636
469	1642
470	1649
471	1658
472	1672
473	1685
474	1692
475	1695
476	1705
477	1712
478	1725
479	1733
480	1741
481	1745
482	1752
483	1770
484	1772
485	1787
486	1794
487	1801
488	1809
489	1815
490	1821
491	1827
492	1840
493	1844
494	1854
495	1864
496	1872
497	1883
498	1892
499	1900
500	1909
501	1926
502	1932
503	1940
504	1944
505	1953
506	1965
507	1971
508	1977
509	1982
510	1989
511	1998
512	2002
513	2013
514	2019
515	2028
516	2035
517	2038
518	2049
519	2055
520	2057
521	2067
522	2074
523	2080
524	2087
525	2091
526	2096
527	2104
528	2119
529	2129
530	2143
531	2149
532	2152
533	2160
534	2167
535	2174
536	2178
537	2181
538	2186
539	2190
540	2199
541	2206
542	2218
543	2221
544	2224
545	2228
546	2237
547	2242
548	2250
549	2256
550	2263
551	2271
552	2276
553	2278
554	2290
555	2295
556	2301
557	2309
558	2319
559	2326
560	2337
561	2349
562	2356
563	2368
564	2372
565	2385
566	2389
567	2392
568	2399
569	2408
570	2431
571	2441
572	2453
573	2460
574	2463
575	2475
576	2483
577	2493
578	2500
579	2511
580	2518
581	2531
582	2540
583	2546
584	2555
585	2562
586	2572
587	2577
588	2586
589	2594
590	2603
591	2617
592	2626
593	2638
594	2645
595	2654
596	2659
597	2670
598	2677
599	2680
600	2687
601	2696
602	2701
603	2710
604	2718
605	2731
606	2739
607	2746
608	2751
609	2760
610	2769
611	2783
612	2789
613	2797
614	2806
615	2811
616	2815
617	2828
618	2846
619	2856
620	2864
621	2871
622	2883
623	2893
624	2903
625	2911
626	2920
627	2931
628	2939
629	2950
630	2958
631	2971
632	2987
633	3003
634	3010
635	3025
636	3033
637	3039
638	3053
639	3055
640	3069
641	3078
642	3085
643	3090
644	3098
645	3106
646	3117
647	3123
648	3132
649	3140
650	3146
651	3159
652	3169
653	3177
654	3194
655	3206
656	3218
657	3227
658	3234
659	3243
660	3260
661	3267
662	3274
663	3284
664	3296
665	3308
666	3316
667	3326
668	3337
669	3345
670	3353
671	3362
672	3369
673	3382
674	3391
675	3398
676	3407
677	3420
678	3427
679	3438
680	3447
681	3458
682	3469
683	3485
684	3497
685	3511
686	3535
687	3546
688	3555
689	3563
690	3576
691	3593
692	3600
693	3613
694	3620
695	3632
696	3636
697	3644
698	3654
699	3661
700	3671
701	3684
702	3700
703	3709
704	3722
705	3729
706	3738
707	3749
708	3759
709	3771
710	3793
711	3806
712	3821
713	3837
714	3856
715	3863
716	3877
717	3885
718	3899
719	3909
720	3929
721	3938
722	3955
723	3976
724	3988
725	3999
726	4015
727	4027
728	4035
729	4051
730	4063
731	4072
732	4083
733	4098
734	4112
735	4122
736	4135
737	4142
738	4161
739	4176
740	4191
741	4201
742	4214
743	4226
744	4245
745	4262
746	4278
747	4291
748	4314
749	4327
750	4335
751	4349
752	4368
753	4385
754	4401
755	4411
756	4427
757	4442
758	4459
759	4474
760	4494
761	4508
762	4520
763	4536
764	4549
765	4561
766	4582
767	4604
768	4615
769	4622
770	4630
771	4644
772	4659
773	4675
774	4689
775	4721
776	4733
777	4743
778	4751
779	4771
780	4788
781	4809
782	4816
783	4827
784	4840
785	4859
786	4870
787	4879
788	4899
789	4916
790	4933
791	4944
792	4961
793	4980
794	4996
795	5018
796	5030
797	5049
798	5059
799	5076
800	5092
801	5108
802	5126
803	5158
804	5174
805	5182
806	5195
807	5203
808	5214
809	5230
810	5239
811	5251
812	5262
813	5278
814	5293
815	5311
816	5326
817	5347
818	5365
819	5377
820	5393
821	5408
822	5419
823	5439
824	5450
825	5461
826	5481
827	5495
828	5512
829	5533
830	5553
831	5568
832	5580
833	5589
834	5605
835	5624
836	5647
837	5664
838	5685
839	5697
840	5721
841	5742
842	5765
843	5784
844	5810
845	5823
846	5834
847	5850
848	5871
849	5892
850	5914
851	5936
852	5947
853	5961
854	5986
855	6009
856	6029
857	6047
858	6075
859	6092
860	6104
861	6120
862	6140
863	6162
864	6179
865	6196
866	6217
867	6237
868	6249
869	6276
870	6302
871	6320
872	6341
873	6363
874	6374
875	6396
876	6419
877	6435
878	6449
879	6463
880	6480
881	6486
882	6499
883	6518
884	6537
885	6557
886	6572
887	6599
888	6613
889	6638
890	6673
891	6699
892	6717
893	6731
894	6753
895	6764
896	6774
897	6792
898	6815
899	6840
900	6858
901	6879
902	6890
903	6912
904	6930
905	6949
906	6970
907	7011
908	7030
909	7038
910	7064
911	7085
912	7097
913	7110
914	7133
915	7148
916	7163
917	7180
918	7208
919	7236
920	7264
921	7286
922	7309
923	7324
924	7339
925	7372
926	7392
927	7423
928	7443
929	7472
930	7504
931	7523
932	7562
933	7601
934	7628
935	7664
936	7688
937	7711
938	7730
939	7757
940	7775
941	7792
942	7812
943	7840
944	7857
945	7876
946	7898
947	7926
948	7956
949	7990
950	8011
951	8038
952	8055
953	8083
954	8108
955	8134
956	8157
957	8185
958	8202
959	8224
960	8254
961	8275
962	8295
963	8325
964	8352
965	8377
966	8398
967	8428
968	8460
969	8487
970	8512
971	8536
972	8548
973	8569
974	8596
975	8624
976	8660
977	8698
978	8795
979	8822
980	8846
981	8877
982	8908
983	8931
984	8957
985	8979
986	9000
987	9022
988	9046
989	9064
990	9103
991	9142
992	9166
993	9188
994	9220
995	9253
996	9286
997	9307
998	9332
999	9359
1000	9388
1001	9405
1002	9449
1003	9492
1004	9530
1005	9560
1006	9588
1007	9614
1008	9644
1009	9682
1010	9733
1011	9763
1012	9807
1013	9838
1014	9860
1015	9886
1016	9934
1017	9967
1018	9989
1019	10028
1020	10065
1021	10093
1022	10108
1023	10145
1024	10187
1025	10231
1026	10263
1027	10298
1028	10329
1029	10365
1030	10408
1031	10460
1032	10494
1033	10535
1034	10569
1035	10605
1036	10631
1037	10680
1038	10711
1039	10758
1040	10795
1041	10833
1042	10886
1043	10920
1044	10950
1045	10981
1046	11029
1047	11058
1048	11095
1049	11118
1050	11152
1051	11193
1052	11237
1053	11270
1054	11305
1055	11340
1056	11376
1057	11396
1058	11435
1059	11487
1060	11530
1061	11566
1062	11584
1063	11600
1064	11625
1065	11649
1066	11678
1067	11711
1068	11747
1069	11779
1070	11806
1071	11841
1072	11873
1073	11910
1074	11950
1075	11995
1076	12032
1077	12063
1078	12109
1079	12150
1080	12187
1081	12292
1082	12372
1083	12424
1084	12469
1085	12502
1086	12535
1087	12598
1088	12645
1089	12676
1090	12743
1091	12772
1092	12815
1093	12857
1094	12891
1095	12925
1096	12961
1097	13006
1098	13048
1099	13089
1100	13132
1101	13182
1102	13240
1103	13280
1104	13335
1105	13365
1106	13403
1107	13464
1108	13512
1109	13551
1110	13590
1111	13645
1112	13681
1113	13725
1114	13773
1115	13839
1116	13888
1117	13958
1118	13997
1119	14034
1120	14077
1121	14156
1122	14220
1123	14276
1124	14325
1125	14370
1126	14406
1127	14450
1128	14500
1129	14543
1130	14588
1131	14639
1132	14703
1133	14748
1134	14789
1135	14828
1136	14880
1137	14943
1138	15001
1139	15057
1140	15091
1141	15127
1142	15187
1143	15235
1144	15276
1145	15338
1146	15390
1147	15421
1148	15467
1149	15515
1150	15570
1151	15620
1152	15671
1153	15733
1154	15777
1155	15839
1156	15890
1157	15953
1158	16017
1159	16079
1160	16140
1161	16177
1162	16225
1163	16296
1164	16348
1165	16406
1166	16472
1167	16533
1168	16575
1169	16621
1170	16695
1171	16755
1172	16802
1173	16858
1174	16908
1175	16965
1176	17008
1177	17054
1178	17120
1179	17189
1180	17260
1181	17307
1182	17347
1183	17384
1184	17436
1185	17485
1186	17549
1187	17611
1188	17666
1189	17706
1190	17756
1191	17798
1192	17845
1193	17903
1194	17963
1195	18018
1196	18071
1197	18116
1198	18180
1199	18242
1200	18300
1201	18351
1202	18395
1203	18444
1204	18486
1205	18534
1206	18594
1207	18659
1208	18720
1209	18821
1210	18876
1211	18921
1212	18982
1213	19050
1214	19109
1215	19174
1216	19235
1217	19274
1218	19324
1219	19368
1220	19424
1221	19480
1222	19536
1223	19591
1224	19632
1225	19667
1226	19733
1227	19800
1228	19857
1229	19916
1230	19968
1231	20009
1232	20054
1233	20109
1234	20156
1235	20218
1236	20281
1237	20333
1238	20377
1239	20417
1240	20470
1241	20554
1242	20621
1243	20689
1244	20737
1245	20779
1246	20812
1247	20883
1248	20946
1249	20999
1250	21046
1251	21083
1252	21130
1253	21169
1254	21224
1255	21275
1256	21334
1257	21399
1258	21460
1259	21486
1260	21522
1261	21578
1262	21638
1263	21703
1264	21761
1265	21826
1266	21879
1267	21930
1268	21984
1269	22059
1270	22117
1271	22178
1272	22231
1273	22258
1274	22301
1275	22359
1276	22417
1277	22484
1278	22529
1279	22597
1280	22644
1281	22703
1282	22766
1283	22818
1284	22879
1285	22951
1286	22985
1287	23036
1288	23089
1289	23154
1290	23214
1291	23281
1292	23350
1293	23416
1294	23469
1295	23520
1296	23579
1297	23642
1298	23722
1299	23787
1300	23843
1301	23891
1302	23950
1303	24011
1304	24080
1305	24153
1306	24210
1307	24267
1308	24319
1309	24387
1310	24459
1311	24536
1312	24603
1313	24655
1314	24725
1315	24783
1316	24841
1317	24906
1318	24986
1319	25100
1320	25203
1321	25278
1322	25338
1323	25384
1324	25468
1325	25558
1326	25680
1327	25758
1328	25824
1329	25897
1330	25952
1331	26052
1332	26136
1333	26238
1334	26323
1335	26388
1336	26458
1337	26528
1338	26602
1339	26691
1340	26763
1341	26839
1342	26919
1343	26982
1344	27043
1345	27105
1346	27175
1347	27247
1348	27320
1349	27390
1350	27454
1351	27522
1352	27605
1353	27706
1354	27798
1355	27872
1356	27940
1357	28005
1358	28069
1359	28129
1360	28229
1361	28304
1362	28378
1363	28442
1364	28503
1365	28550
1366	28621
1367	28715
1368	28807
1369	28895
1370	28973
1371	29033
1372	29092
1373	29168
1374	29247
1375	29341
1376	29425
1377	29517
1378	29593
1379	29655
1380	29742
1381	29822
1382	29914
1383	29979
1384	30062
1385	30156
1386	30282
1387	30350
1388	30438
1389	30543
1390	30621
1391	30707
1392	30781
1393	30871
1394	30962
1395	31054
1396	31160
1397	31250
1398	31342
1399	31413
1400	31485
1401	31575
1402	31652
1403	31755
1404	31863
1405	31958
1406	32059
1407	32140
1408	32226
1409	32338
1410	32434
1411	32535
1412	32620
1413	32680
1414	32780
1415	32875
1416	32980
1417	33078
1418	33162
1419	33270
1420	33350
1421	33427
1422	33527
1423	33631
1424	33740
1425	33832
1426	33916
1427	33978
1428	34117
1429	34205
1430	34331
1431	34417
1432	34516
1433	34599
1434	34657
1435	34734
1436	34823
1437	34952
1438	35073
1439	35213
1440	35322
1441	35425
1442	35537
1443	35671
1444	35791
1445	35914
1446	36043
1447	36179
1448	36293
1449	36399
1450	36506
1451	36633
1452	36774
1453	36903
1454	37033
1455	37118
1456	37201
1457	37306
1458	37412
1459	37543
1460	37673
1461	37796
1462	37895
1463	38001
1464	38126
1465	38249
1466	38416
1467	38541
1468	38678
1469	38769
1470	38900
1471	39027
1472	39157
1473	39279
1474	39411
1475	39535
1476	39640
1477	39771
1478	39925
1479	40096
1480	40251
1481	40418
1482	40574
1483	40733
1484	40890
1485	41053
1486	41212
1487	41383
1488	41566
1489	41737
1490	41870
1491	41988
1492	42182
1493	42396
1494	42530
1495	42658
1496	42806
1497	42914
1498	43034
1499	43191
1500	43355
1501	43539
1502	43705
1503	43883
1504	44020
1505	44121
1506	44250
1507	44411
1508	44592
1509	44790
1510	44954
1511	45084
1512	45239
1513	45481
1514	45704
1515	45921
1516	46127
1517	46328
1518	46478
1519	46610
1520	46821
1521	47025
1522	47206
1523	47379
1524	47575
1525	47714
1526	47862
1527	48066
1528	48229
1529	48414
1530	48628
1531	48803
1532	48935
1533	49080
1534	49258
1535	49457
1536	49658
1537	49843
1538	50022
1539	50182
1540	50329
1541	50550
1542	50738
1543	50985
1544	51178
1545	51400
1546	51552
1547	51741
1548	51958
1549	52171
1550	52376
1551	52599
1552	52814
1553	52963
1554	53123
1555	53301
1556	53511
1557	53754
1558	53927
1559	54115
1560	54279
1561	54435
1562	54648
1563	54844
1564	55075
1565	55343
1566	55551
1567	55791
1568	55969
1569	56181
1570	56366
1571	56575
1572	56754
1573	56951
1574	57213
1575	57403
1576	57580
1577	57791
1578	58019
1579	58236
1580	58425
1581	58557
1582	58712
1583	58914
1584	59141
1585	59376
1586	59585
1587	59843
1588	60092
1589	60316
1590	60528
1591	60738
1592	60969
1593	61204
1594	61445
1595	61585
1596	61784
1597	61976
1598	62230
1599	62483
1600	62736
1601	62925
1602	63080
1603	63249
1604	63447
1605	63681
1606	63867
1607	64075
1608	64282
1609	64449
1610	64628
1611	64868
1612	65095
1613	65278
1614	65488
1615	65680
1616	65881
1617	66071
1618	66313
1619	66532
1620	66728
1621	66953
1622	67154
1623	67296
1624	67436
1625	67624
1626	67883
1627	68149
1628	68462
1629	68810
1630	68957
1631	69123
1632	69330
1633	69575
1634	69785
1635	70000
1636	70217
1637	70391
1638	70583
1639	70811
1640	71049
1641	71253
1642	71448
1643	71644
1644	71812
1645	71968
1646	72228
1647	72467
1648	72709
1649	72982
1650	73278
1651	73494
1652	73735
1653	74113
1654	74417
1655	74791
1656	75406
1657	75724
1658	76010
1659	76306
1660	76610
1661	76960
1662	77308
1663	77605
1664	77935
1665	78158
1666	78414
1667	78745
1668	79088
1669	79385
1670	79715
1671	80017
1672	80305
1673	80559
1674	80866
1675	81263
1676	81582
1677	81927
1678	82240
1679	82466
1680	82731
1681	83082
1682	83460
1683	83840
1684	84175
1685	84472
1686	84734
1687	84997
1688	85284
1689	85625
1690	85977
1691	86345
1692	86667
1693	86921
1694	87156
1695	87501
1696	87942
1697	88329
1698	88684
1699	89008
1700	89296
1701	89600
1702	89950
1703	90345
1704	90756
1705	91155
1706	91542
1707	91834
1708	92139
1709	92459
1710	92772
1711	92959
1712	93189
1713	93369
1714	93508
1715	93683
1716	93893
1717	94125
1718	94380
1719	94591
1720	94800
1721	94965
1722	95141
1723	95319
1724	95533
1725	95762
1726	95991
1727	96214
1728	96366
1729	96539
1730	96762
1731	96993
1732	97239
1733	97466
1734	97656
1735	97807
1736	97983
1737	98241
1738	98490
1739	98707
1740	98919
1741	99165
1742	99349
1743	99547
1744	99794
1745	100048
1746	100285
1747	100849
1748	101214
1749	101526
1750	101899
1751	102316
1752	102721
1753	103113
1754	103537
1755	103919
1756	104287
1757	104607
1758	105016
1759	105379
1760	105645
1761	105881
1762	106058
1763	106213
1764	106376
1765	106591
1766	106827
1767	107081
1768	107452
1769	107774
1770	108084
1771	108404
1772	108780
1773	109127
1774	109437
1775	109764
1776	110102
1777	110403
1778	110705
1779	111068
1780	111459
1781	111830
1782	112224
1783	112622
1784	112972
1785	113257
1786	113640
1787	113968
1788	114195
1789	114428
1790	114722
1791	114884
1792	115046
1793	115223
1794	115363
1795	115670
1796	116058
1797	116466
1798	116853
1799	117164
1800	117399
1801	117527
1802	117760
1803	118056
1804	118278
1805	118446
1806	118651
1807	118943
1808	119391
1809	119852
1810	120361
1811	120787
1812	121074
1813	121275
1814	121517
1815	121799
1816	122090
1817	122403
1818	122784
1819	123047
1820	123353
1821	123687
1822	124035
1823	124441
1824	124903
1825	125261
1826	125553
1827	125906
1828	126366
1829	126813
1830	127252
1831	127668
1832	128082
1833	128483
1834	128857
1835	129249
1836	129713
1837	130119
1838	130592
1839	130959
1840	131235
1841	131546
1842	131929
1843	132314
1844	132784
1845	133262
1846	133719
1847	134198
1848	134631
1849	135164
1850	135753
1851	136306
1852	136842
1853	137418
1854	137873
1855	138295
1856	138759
1857	139352
1858	139946
1859	140525
1860	141094
1861	141576
1862	142052
1863	142688
1864	143133
1865	143564
1866	143970
1867	144717
1868	145215
1869	145677
1870	146213
1871	146846
1872	147388
1873	147864
1874	148388
1875	148836
1876	149365
1877	149929
1878	150514
1879	151105
1880	151705
1881	152259
1882	152694
1883	152952
1884	153218
1885	153653
1886	154180
1887	154618
1888	155101
1889	155456
1890	155839
1891	156367
1892	156851
1893	157295
1894	157684
1895	158108
1896	158544
1897	159002
1898	159499
1899	160015
1900	160600
1901	161147
1902	161690
1903	162109
1904	162553
1905	163195
1906	163761
1907	164284
1908	164856
1909	165415
1910	165877
1911	166327
1912	166851
1913	167416
1914	167807
1915	168096
1916	168390
1917	168735
1918	169283
1919	169902
1920	170464
1921	170981
1922	171524
1923	172136
1924	172630
1925	173092
1926	173668
1927	174294
1928	174952
1929	175574
1930	176134
1931	176606
1932	177098
1933	177694
1934	178285
1935	178831
1936	179441
1937	179963
1938	180408
1939	180907
1940	181441
1941	181816
1942	182304
1943	182693
1944	183123
1945	183554
1946	184017
1947	184542
1948	185196
1949	185784
1950	186342
1951	186640
1952	186831
1953	187031
1954	187339
1955	187986
1956	188631
1957	189274
1958	189919
1959	190411
1960	190933
1961	191456
1962	191891
1963	192366
1964	192901
1965	193391
1966	193747
1967	194185
1968	194821
1969	195440
1970	196038
1971	196683
1972	197222
1973	197627
1974	198045
1975	198552
1976	199159
1977	199739
1978	200351
1979	201026
1980	201453
1981	201858
1982	202442
1983	203167
1984	203815
1985	204415
1986	204980
1987	205352
1988	205838
1989	206506
1990	207125
1991	207806
1992	208350
1993	208782
1994	209210
1995	209597
1996	210217
1997	210851
1998	211544
1999	212023
2000	212311
2001	212688
2002	213125
2003	213725
2004	214431
2005	215046
2006	215796
2007	216368
2008	216790
2009	217245
2010	217934
2011	218658
2012	219341
2013	220236
2014	221098
2015	221740
2016	222238
2017	222907
2018	223526
2019	224190
2020	225052
2021	225850
2022	226582
2023	227292
2024	228050
2025	228451
2026	229396
2027	230189
2028	230997
2029	231673
2030	232179
2031	233077
2032	233994
2033	234928
2034	235806
2035	236698
2036	237425
2037	238071
2038	238961
2039	239880
2040	240848
2041	241630
2042	242170
2043	242679
2044	243275
2045	243907
2046	244505
2047	245154
2048	245853
2049	246461
2050	246921
2051	247410
2052	248135
2053	248813
2054	249519
2055	250152
2056	250726
2057	251006
2058	251228
2059	251639
2060	252082
2061	252801
2062	253538
2063	254412
2064	255213
2065	255978
2066	256894
2067	257785
2068	258635
2069	259558
2070	260344
2071	261123
2072	261983
2073	262950
2074	263734
2075	264393
2076	265199
2077	265791
2078	266257
2079	266750
2080	267514
2081	268225
2082	269060
2083	269812
2084	270541
2085	271134
2086	271692
2087	272409
2088	273197
2089	273964
2090	274742
2091	275428
2092	276000
2093	276568
2094	277359
2095	278096
2096	278796
2097	279684
2098	280424
2099	280913
2100	281549
2101	282312
2102	283068
2103	283796
2104	284579
2105	285351
2106	285945
2107	286611
2108	287923
2109	288698
2110	289523
2111	290307
2112	291055
2113	291626
2114	292220
2115	292957
2116	293767
2117	294736
2118	295534
2119	296296
2120	296947
2121	297624
2122	298455
2123	299304
2124	300210
2125	301005
2126	301817
2127	302420
2128	303028
2129	303884
2130	304656
2131	305513
2132	306185
2133	306928
2134	307545
2135	308092
2136	308874
2137	309615
2138	310418
2139	311195
2140	311939
2141	312511
2142	313066
2143	313882
2144	314788
2145	315567
2146	316372
2147	317143
2148	317720
2149	318349
2150	319131
2151	319932
2152	320689
2153	321517
2154	322318
2155	322938
2156	323529
2157	324248
2158	324947
2159	325449
2160	326047
2161	326771
2162	327418
2163	327996
2164	328725
2165	329354
2166	329846
2167	330650
2168	331431
2169	332121
2170	332847
2171	333639
2172	334430
2173	335207
2174	336037
2175	336954
2176	337590
2177	338251
2178	339152
2179	340022
2180	340930
2181	341754
2182	342525
2183	343153
2184	343793
2185	344587
2186	345473
2187	346320
2188	347147
2189	347974
2190	348668
2191	349426
2192	350072
2193	350445
2194	351002
2195	351680
2196	352372
2197	352940
2198	353545
2199	354181
2200	354875
2201	355595
2202	356562
2203	357297
2204	358044
2205	358632
2206	359514
2207	360399
2208	361174
2209	362138
2210	362998
2211	363613
2212	364186
2213	365089
2214	365995
2215	366793
2216	367704
2217	368622
2218	369398
2219	370133
2220	371160
2221	372191
2222	373156
2223	374212
2224	375113
2225	375834
2226	376563
2227	377461
2228	378501
2229	379706
2230	380737
2231	381677
2232	382391
2233	383140
2234	384009
2235	384905
2236	385959
2237	387325
2238	388199
2239	388884
2240	389631
2241	390577
2242	391594
2243	392596
2244	393526
2245	394396
2246	395152
2247	395908
2248	396871
2249	397784
2250	398678
2251	399682
2252	400524
2253	401186
2254	401924
2255	402608
2256	403488
2257	404423
2258	405352
2259	406255
2260	406985
2261	407752
2262	408827
2263	409923
2264	410783
2265	411935
2266	412825
2267	413535
2268	414304
2269	415010
2270	415602
2271	416419
2272	417174
2273	417903
2274	418358
2275	419002
2276	419903
2277	420740
2278	421697
2279	422640
2280	423571
2281	424379
2282	425128
2283	426002
2284	426854
2285	427731
2286	428456
2287	429057
2288	429421
2289	430025
2290	430809
2291	431584
2292	432380
2293	433115
2294	433807
2295	434338
2296	435046
2297	435918
2298	436859
2299	437757
2300	438180
2301	438467
2302	438729
2303	439248
2304	439960
2305	440732
2306	441164
2307	441608
2308	442041
2309	442393
2310	442915
2311	443645
2312	444103
2313	444569
2314	444976
2315	445395
2316	445711
2317	446060
2318	446475
2319	446950
2320	447401
2321	447892
2322	448295
2323	448620
2324	448957
2325	449391
2326	449818
2327	450257
2328	450666
2329	451060
2330	451465
2331	451760
2332	452120
2333	452497
2334	452892
2335	453307
2336	453723
2337	454068
2338	454375
2339	454945
2340	455454
2341	455948
2342	456344
2343	456796
2344	457104
2345	457454
2346	457793
2347	458146
2348	458433
2349	458754
2350	459043
2351	459327
2352	459556
2353	459904
2354	460270
2355	460650
2356	461000
2357	461282
2358	461542
2359	461784
2360	462089
2361	462392
2362	462725
2363	463046
2364	463364
2365	463644
2366	463907
2367	464216
2368	464578
2369	464884
2370	465232
2371	465572
2372	465848
2373	466172
2374	466495
2375	466859
2376	467197
2377	467524
2378	467808
2379	468017
2380	468281
2381	468592
2382	468891
2383	469224
2384	469571
2385	469885
2386	470159
2387	470437
2388	470766
2389	471103
2390	471442
2391	471764
2392	472087
2393	472306
2394	472569
2395	472899
2396	473256
2397	473591
2398	473907
2399	474208
2400	474493
2401	474733
2402	475008
2403	475390
2404	475775
2405	476092
2406	476413
2407	476657
2408	476836
2409	477064
2410	477307
2411	477565
2412	477843
2413	478079
2414	478288
2415	478472
2416	478785
2417	479103
2418	479406
2419	479712
2420	479993
2421	480240
2422	480488
2423	480880
2424	481355
2425	481836
2426	482347
2427	482777
2428	483098
2429	483447
2430	483894
2431	484354
2432	484790
2433	485302
2434	485711
2435	486057
2436	486431
2437	486858
2438	487337
2439	487722
2440	488129
2441	488527
2442	488853
2443	489202
2444	489623
2445	490132
2446	490567
2447	490998
2448	491380
2449	491749
2450	492042
2451	492468
2452	492930
2453	493364
2454	493770
2455	494144
2456	494477
2457	494843
2458	495269
2459	495792
2460	496312
2461	496767
2462	497206
2463	497549
2464	497898
2465	498338
2466	498797
2467	499259
2468	499695
2469	500074
2470	500400
2471	500757
2472	501233
2473	501699
2474	502178
2475	502477
2476	502832
2477	503129
2478	503450
2479	503925
2480	504481
2481	505104
2482	505753
2483	506430
2484	506983
2485	507524
2486	508204
2487	508834
2488	509494
2489	510071
2490	510573
2491	511023
2492	511434
2493	511996
2494	512515
2495	513058
2496	513507
2497	513982
2498	514408
2499	514816
2500	515420
2501	516046
2502	516651
2503	517179
2504	517801
2505	518242
2506	518674
2507	519304
2508	519870
2509	520413
2510	521068
2511	521783
2512	522325
2513	522866
2514	523602
2515	524374
2516	525337
2517	526241
2518	527079
2519	527744
2520	528690
2521	529697
2522	530568
2523	531173
2524	531701
2525	532249
2526	532754
2527	533271
2528	533907
2529	534611
2530	535180
2531	535630
2532	536161
2533	536623
2534	537251
2535	538131
2536	538973
2537	539748
2538	540548
2539	541323
2540	541874
2541	542559
2542	543569
2543	544753
2544	545842
2545	546912
2546	547903
2547	548634
2548	549268
2549	549982
2550	550846
2551	551666
2552	552462
2553	553258
2554	553849
2555	554441
2556	555235
2557	555987
2558	556765
2559	557620
2560	558378
2561	558963
2562	559574
2563	560422
2564	561393
2565	562312
2566	563103
2567	563895
2568	564478
2569	565016
2570	565838
2571	566664
2572	567451
2573	568354
2574	569035
2575	569485
2576	570010
2577	570613
2578	571228
2579	571722
2580	572529
2581	573310
2582	574242
2583	574842
2584	575468
2585	576412
2586	577198
2587	578126
2588	579059
2589	579720
2590	580304
2591	581099
2592	582198
2593	583410
2594	584368
2595	585141
2596	585713
2597	586268
2598	587258
2599	588465
2600	589658
2601	590981
2602	592218
2603	593441
2604	594685
2605	596034
2606	597434
2607	598545
2608	599423
2609	600339
2610	601069
2611	601763
2612	602784
2613	603851
2614	604895
2615	606122
2616	607143
2617	607723
2618	608348
2619	609226
2620	610203
2621	611601
2622	612834
2623	613745
2624	614354
2625	614951
2626	615668
2627	616617
2628	617538
2629	618487
2630	619362
2631	620027
2632	620629
2633	621494
2634	622300
2635	623242
2636	624173
2637	624985
2638	625610
2639	626183
2640	627023
2641	627865
2642	628904
2643	629784
2644	630550
2645	631128
2646	631757
2647	632570
2648	633794
2649	634768
2650	635568
2651	636160
2652	636740
2653	637284
2654	638076
2655	638884
2656	639798
2657	640642
2658	641779
2659	642758
2660	643718
2661	644920
2662	646046
2663	647181
2664	648026
2665	648705
2666	649273
2667	649879
2668	650757
2669	651708
2670	652541
2671	653491
2672	654277
2673	654856
2674	655444
2675	656180
2676	656987
2677	657879
2678	658900
2679	659976
2680	660635
2681	661252
2682	662129
2683	663067
2684	663952
2685	664869
2686	665694
2687	666353
2688	666936
2689	667873
2690	669077
2691	670225
2692	671127
2693	671943
2694	672533
2695	673161
2696	674046
2697	675024
2698	676053
2699	677162
2700	678279
2701	679067
2702	679872
2703	680959
2704	682115
2705	683321
2706	684570
2707	685347
2708	685922
2709	686475
2710	687306
2711	688171
2712	688991
2713	689933
2714	690363
2715	690568
2716	690789
2717	691215
2718	691776
2719	692321
2720	692797
2721	693270
2722	693616
2723	693987
2724	694459
2725	694968
2726	695434
2727	695896
2728	696401
2729	696745
2730	697127
2731	697622
2732	698178
2733	698833
2734	699425
2735	699983
2736	700421
2737	700892
2738	701513
2739	702141
2740	702756
2741	703330
2742	703647
2743	704072
2744	704524
2745	705057
2746	705647
2747	706282
2748	706844
2749	707384
2750	707792
2751	708229
2752	708700
2753	709318
2754	709918
2755	710605
2756	711148
2757	711703
2758	712363
2759	712994
2760	713676
2761	714324
2762	714961
2763	715560
2764	716087
2765	716585
2766	717279
2767	717890
2768	718506
2769	719145
2770	719763
2771	720239
2772	720797
2773	721271
2774	721967
2775	722614
2776	723219
2777	723841
2778	724353
2779	724940
2780	725631
2781	726360
2782	727011
2783	727713
2784	728400
2785	728889
2786	729465
2787	730205
2788	730874
2789	731595
2790	732333
2791	733043
2792	733612
2793	734223
2794	734990
2795	735752
2796	736508
2797	737235
2798	737825
2799	738340
2800	738887
2801	739656
2802	740503
2803	741275
2804	741947
2805	742759
2806	743666
2807	744626
2808	745846
2809	746985
2810	747387
2811	747785
2812	748029
2813	748210
2814	748494
2815	748897
2816	749423
2817	750149
2818	750900
2819	751438
2820	751638
2821	751832
2822	752107
2823	752538
2824	753331
2825	754089
2826	754606
2827	754846
2828	755032
2829	755403
2830	755662
2831	756143
2832	756489
2833	756765
2834	756969
2835	757159
2836	757405
2837	757793
2838	758285
2839	758864
2840	759373
2841	759597
2842	759773
2843	760223
2844	760899
2845	761403
2846	761660
2847	761879
2848	762174
2849	762390
2850	762610
2851	763157
2852	763591
2853	763966
2854	764205
2855	764537
2856	764839
2857	765315
2858	765663
2859	766085
2860	766577
2861	766974
2862	767474
2863	768124
2864	768842
2865	769611
2866	770333
2867	770769
2868	771455
2869	772037
2870	772618
2871	772979
2872	773365
2873	774121
2874	774457
2875	774709
2876	774865
2877	775053
2878	775339
2879	775590
2880	775828
2881	776066
2882	776274
2883	776436
2884	776601
2885	776800
2886	777027
2887	777222
2888	777371
2889	777497
2890	777636
2891	777772
2892	777965
2893	778165
2894	778349
2895	778492
2896	778638
2897	778809
2898	779006
2899	779221
2900	779433
2901	779675
2902	780096
2903	780347
2904	780513
2905	780669
2906	780930
2907	781167
2908	781361
2909	781583
2910	781745
