1	2
2	2
3	2
4	3
5	3
6	3
7	3
8	3
9	3
10	3
11	3
12	3
13	3
14	3
15	3
16	3
17	3
18	3
19	5
20	5
21	5
22	7
23	13
24	17
25	20
26	21
27	21
28	30
29	33
30	35
31	37
32	47
33	48
34	48
35	49
36	49
37	52
38	55
39	57
40	57
41	59
42	60
43	61
44	61
45	61
46	61
47	62
48	63
49	64
50	65
51	71
52	73
53	73
54	73
55	75
56	77
57	78
58	79
59	83
60	84
61	85
62	86
63	87
64	91
65	94
66	100
67	108
68	112
69	119
70	125
71	129
72	132
73	134
74	139
75	140
76	145
77	150
78	151
79	151
80	156
81	157
82	160
83	162
84	162
85	164
86	165
87	167
88	168
89	170
90	174
91	179
92	180
93	181
94	184
95	184
96	185
97	189
98	191
99	192
100	196
101	199
102	201
103	204
104	205
105	206
106	212
107	214
108	215
109	218
110	219
111	223
112	226
113	228
114	231
115	233
116	238
117	239
118	239
119	240
120	244
121	244
122	246
123	248
124	249
125	251
126	254
127	257
128	259
129	260
130	262
131	263
132	265
133	268
134	271
135	271
136	272
137	274
138	276
139	279
140	284
141	286
142	287
143	287
144	288
145	291
146	292
147	294
148	294
149	300
150	307
151	308
152	309
153	315
154	316
155	317
156	320
157	321
158	322
159	324
160	326
161	327
162	328
163	330
164	332
165	335
166	337
167	337
168	340
169	345
170	346
171	348
172	354
173	354
174	358
175	360
176	365
177	365
178	370
179	375
180	378
181	380
182	382
183	387
184	389
185	390
186	392
187	395
188	398
189	401
190	404
191	406
192	408
193	409
194	410
195	413
196	422
197	425
198	428
199	430
200	433
201	439
202	443
203	448
204	450
205	453
206	456
207	460
208	464
209	470
210	472
211	476
212	476
213	478
214	485
215	488
216	490
217	500
218	501
219	505
220	508
221	513
222	515
223	518
224	522
225	527
226	533
227	540
228	545
229	548
230	552
231	559
232	563
233	567
234	572
235	577
236	579
237	583
238	588
239	594
240	597
241	599
242	602
243	602
244	608
245	621
246	627
247	631
248	634
249	637
250	639
251	645
252	648
253	649
254	653
255	657
256	661
257	667
258	674
259	678
260	679
261	689
262	693
263	694
264	697
265	700
266	703
267	708
268	715
269	718
270	719
271	728
272	733
273	735
274	739
275	741
276	747
277	750
278	752
279	758
280	764
281	770
282	780
283	789
284	795
285	803
286	810
287	816
288	824
289	831
290	837
291	846
292	856
293	864
294	868
295	872
296	878
297	887
298	887
299	895
300	900
301	908
302	912
303	922
304	936
305	942
306	949
307	959
308	966
309	975
310	981
311	985
312	989
313	998
314	1007
315	1017
316	1029
317	1033
318	1041
319	1050
320	1057
321	1060
322	1072
323	1082
324	1084
325	1088
326	1093
327	1093
328	1095
329	1103
330	1108
331	1112
332	1117
333	1132
334	1140
335	1151
336	1158
337	1169
338	1178
339	1181
340	1183
341	1194
342	1198
343	1208
344	1221
345	1231
346	1240
347	1251
348	1254
349	1259
350	1269
351	1284
352	1291
353	1297
354	1303
355	1312
356	1321
357	1328
358	1331
359	1347
360	1355
361	1365
362	1372
363	1391
364	1397
365	1401
366	1410
367	1416
368	1425
369	1435
370	1440
371	1445
372	1457
373	1467
374	1480
375	1486
376	1494
377	1510
378	1525
379	1530
380	1536
381	1549
382	1563
383	1572
384	1580
385	1599
386	1611
387	1622
388	1654
389	1667
390	1690
391	1705
392	1717
393	1728
394	1741
395	1750
396	1763
397	1771
398	1783
399	1798
400	1814
401	1823
402	1835
403	1846
404	1854
405	1864
406	1880
407	1892
408	1900
409	1903
410	1917
411	1927
412	1937
413	1952
414	1961
415	1976
416	1988
417	1999
418	2017
419	2035
420	2050
421	2066
422	2091
423	2101
424	2110
425	2119
426	2129
427	2138
428	2147
429	2155
430	2163
431	2174
432	2193
433	2202
434	2212
435	2220
436	2231
437	2243
438	2250
439	2270
440	2285
441	2296
442	2308
443	2322
444	2339
445	2357
446	2375
447	2383
448	2390
449	2397
450	2412
451	2422
452	2433
453	2445
454	2460
455	2474
456	2489
457	2504
458	2518
459	2532
460	2543
461	2556
462	2567
463	2574
464	2585
465	2600
466	2614
467	2622
468	2631
469	2643
470	2658
471	2675
472	2688
473	2699
474	2712
475	2723
476	2740
477	2752
478	2760
479	2774
480	2783
481	2787
482	2800
483	2813
484	2829
485	2849
486	2860
487	2864
488	2866
489	2877
490	2902
491	2915
492	2933
493	2951
494	2960
495	2964
496	2977
497	2993
498	3001
499	3010
500	3018
501	3024
502	3031
503	3043
504	3055
505	3066
506	3080
507	3096
508	3101
509	3111
510	3127
511	3143
512	3160
513	3181
514	3190
515	3204
516	3213
517	3230
518	3240
519	3253
520	3264
521	3275
522	3284
523	3297
524	3312
525	3323
526	3334
527	3349
528	3360
529	3369
530	3386
531	3403
532	3420
533	3439
534	3459
535	3481
536	3497
537	3507
538	3524
539	3537
540	3553
541	3575
542	3587
543	3599
544	3611
545	3623
546	3631
547	3648
548	3664
549	3675
550	3681
551	3689
552	3704
553	3714
554	3731
555	3743
556	3757
557	3766
558	3779
559	3797
560	3826
561	3846
562	3867
563	3884
564	3899
565	3923
566	3938
567	3950
568	3970
569	3983
570	3994
571	4003
572	4012
573	4028
574	4046
575	4061
576	4084
577	4101
578	4115
579	4124
580	4138
581	4152
582	4174
583	4194
584	4213
585	4229
586	4239
587	4261
588	4294
589	4310
590	4328
591	4350
592	4364
593	4378
594	4395
595	4422
596	4440
597	4458
598	4478
599	4491
600	4506
601	4530
602	4543
603	4556
604	4581
605	4596
606	4607
607	4624
608	4644
609	4671
610	4697
611	4717
612	4734
613	4748
614	4760
615	4784
616	4812
617	4825
618	4838
619	4855
620	4866
621	4887
622	4910
623	4931
624	4958
625	4983
626	5010
627	5026
628	5039
629	5050
630	5075
631	5090
632	5113
633	5136
634	5148
635	5162
636	5185
637	5204
638	5223
639	5244
640	5264
641	5278
642	5296
643	5310
644	5340
645	5365
646	5392
647	5409
648	5441
649	5461
650	5474
651	5507
652	5524
653	5544
654	5567
655	5575
656	5588
657	5613
658	5629
659	5646
660	5667
661	5672
662	5687
663	5704
664	5721
665	5740
666	5760
667	5777
668	5789
669	5806
670	5815
671	5838
672	5854
673	5880
674	5901
675	5930
676	5960
677	5975
678	6005
679	6021
680	6037
681	6074
682	6091
683	6105
684	6117
685	6133
686	6169
687	6188
688	6204
689	6209
690	6218
691	6227
692	6246
693	6270
694	6292
695	6303
696	6324
697	6345
698	6368
699	6386
700	6408
701	6433
702	6458
703	6486
704	6515
705	6542
706	6562
707	6592
708	6621
709	6658
710	6682
711	6702
712	6728
713	6750
714	6769
715	6798
716	6829
717	6854
718	6873
719	6892
720	6918
721	6951
722	6981
723	7011
724	7039
725	7061
726	7085
727	7111
728	7122
729	7156
730	7178
731	7195
732	7224
733	7241
734	7269
735	7302
736	7327
737	7361
738	7382
739	7416
740	7430
741	7458
742	7488
743	7517
744	7536
745	7565
746	7590
747	7614
748	7655
749	7685
750	7720
751	7747
752	7770
753	7793
754	7829
755	7857
756	7885
757	7927
758	7966
759	7988
760	8010
761	8035
762	8061
763	8092
764	8119
765	8146
766	8178
767	8204
768	8233
769	8261
770	8290
771	8312
772	8347
773	8382
774	8417
775	8438
776	8472
777	8507
778	8529
779	8550
780	8582
781	8606
782	8626
783	8654
784	8684
785	8705
786	8733
787	8772
788	8790
789	8815
790	8848
791	8877
792	8899
793	8941
794	8972
795	8990
796	9019
797	9051
798	9088
799	9109
800	9139
801	9173
802	9199
803	9226
804	9264
805	9300
806	9343
807	9375
808	9403
809	9431
810	9457
811	9497
812	9541
813	9570
814	9599
815	9631
816	9657
817	9683
818	9715
819	9750
820	9777
821	9812
822	9847
823	9866
824	9880
825	9918
826	9958
827	9982
828	10012
829	10046
830	10075
831	10095
832	10130
833	10170
834	10213
835	10245
836	10276
837	10309
838	10337
839	10372
840	10412
841	10449
842	10499
843	10523
844	10552
845	10575
846	10598
847	10641
848	10673
849	10708
850	10745
851	10768
852	10793
853	10827
854	10861
855	10904
856	10936
857	10960
858	10993
859	11018
860	11058
861	11089
862	11118
863	11156
864	11182
865	11205
866	11226
867	11265
868	11306
869	11351
870	11397
871	11430
872	11461
873	11488
874	11528
875	11568
876	11599
877	11625
878	11661
879	11681
880	11700
881	11743
882	11795
883	11832
884	11870
885	11908
886	11932
887	11955
888	11999
889	12040
890	12081
891	12126
892	12167
893	12194
894	12220
895	12258
896	12313
897	12365
898	12420
899	12449
900	12486
901	12518
902	12550
903	12583
904	12627
905	12764
906	12803
907	12827
908	12866
909	12919
910	12958
911	13016
912	13057
913	13107
914	13140
915	13166
916	13206
917	13251
918	13305
919	13353
920	13390
921	13417
922	13439
923	13491
924	13544
925	13602
926	13658
927	13694
928	13729
929	13768
930	13812
931	13855
932	13892
933	13932
934	13967
935	14002
936	14044
937	14098
938	14169
939	14211
940	14254
941	14285
942	14318
943	14352
944	14390
945	14433
946	14478
947	14534
948	14582
949	14619
950	14667
951	14727
952	14791
953	14843
954	14891
955	14945
956	14974
957	15012
958	15069
959	15126
960	15174
961	15219
962	15258
963	15285
964	15316
965	15366
966	15432
967	15493
968	15549
969	15605
970	15631
971	15670
972	15737
973	15787
974	15843
975	15891
976	15958
977	15983
978	16026
979	16082
980	16138
981	16193
982	16246
983	16292
984	16339
985	16388
986	16463
987	16516
988	16593
989	16650
990	16718
991	16764
992	16799
993	16854
994	16920
995	16981
996	17043
997	17105
998	17156
999	17201
1000	17242
1001	17299
1002	17366
1003	17416
1004	17474
1005	17516
1006	17564
1007	17622
1008	17674
1009	17744
1010	17803
1011	17875
1012	17923
1013	17967
1014	18045
1015	18132
1016	18184
1017	18231
1018	18289
1019	18335
1020	18384
1021	18447
1022	18513
1023	18572
1024	18630
1025	18681
1026	18732
1027	18767
1028	18834
1029	18911
1030	18979
1031	19039
1032	19113
1033	19163
1034	19220
1035	19297
1036	19363
1037	19417
1038	19468
1039	19524
1040	19568
1041	19617
1042	19692
1043	19754
1044	19811
1045	19874
1046	19987
1047	20025
1048	20059
1049	20109
1050	20178
1051	20253
1052	20399
1053	20433
1054	20458
1055	20478
1056	20527
1057	20604
1058	20665
1059	20711
1060	20744
1061	20783
1062	20829
1063	20885
1064	20957
1065	21054
1066	21126
1067	21188
1068	21238
1069	21289
1070	21371
1071	21450
1072	21510
1073	21590
1074	21657
1075	21702
1076	21762
1077	21835
1078	21905
1079	21994
1080	22076
1081	22138
1082	22181
1083	22228
1084	22305
1085	22396
1086	22470
1087	22533
1088	22608
1089	22666
1090	22724
1091	22811
1092	22892
1093	22957
1094	23037
1095	23113
1096	23172
1097	23243
1098	23307
1099	23382
1100	23462
1101	23550
1102	23619
1103	23704
1104	23774
1105	23867
1106	23950
1107	24057
1108	24146
1109	24221
1110	24317
1111	24380
1112	24479
1113	24558
1114	24651
1115	24738
1116	24842
1117	24935
1118	25009
1119	25113
1120	25203
1121	25285
1122	25360
1123	25465
1124	25526
1125	25593
1126	25683
1127	25788
1128	25896
1129	25994
1130	26087
1131	26145
1132	26231
1133	26334
1134	26426
1135	26543
1136	26627
1137	26732
1138	26804
1139	26880
1140	27004
1141	27116
1142	27217
1143	27321
1144	27412
1145	27475
1146	27555
1147	27671
1148	27775
1149	27901
1150	28020
1151	28122
1152	28269
1153	28359
1154	28460
1155	28561
1156	28696
1157	28785
1158	28897
1159	28982
1160	29042
1161	29146
1162	29266
1163	29374
1164	29475
1165	29567
1166	29653
1167	29716
1168	29841
1169	29978
1170	30082
1171	30190
1172	30288
1173	30347
1174	30414
1175	30501
1176	30614
1177	30738
1178	30842
1179	30939
1180	30995
1181	31056
1182	31184
1183	31288
1184	31398
1185	31506
1186	31625
1187	31691
1188	31761
1189	31878
1190	31970
1191	32111
1192	32224
1193	32319
1194	32378
1195	32482
1196	32597
1197	32716
1198	32822
1199	32941
1200	33029
1201	33090
1202	33157
1203	33266
1204	33392
1205	33496
1206	33633
1207	33738
1208	33805
1209	33876
1210	33990
1211	34123
1212	34243
1213	34368
1214	34463
1215	34536
1216	34618
1217	34744
1218	34872
1219	35004
1220	35130
1221	35234
1222	35308
1223	35394
1224	35514
1225	35636
1226	35761
1227	35882
1228	35995
1229	36082
1230	36172
1231	36292
1232	36418
1233	36560
1234	36689
1235	36811
1236	36896
1237	36975
1238	37104
1239	37238
1240	37376
1241	37527
1242	37651
1243	37746
1244	37820
1245	37924
1246	38053
1247	38171
1248	38302
1249	38451
1250	38565
1251	38660
1252	38786
1253	38999
1254	39125
1255	39235
1256	39373
1257	39455
1258	39549
1259	39694
1260	39827
1261	39963
1262	40065
1263	40179
1264	40267
1265	40358
1266	40485
1267	40621
1268	40767
1269	40894
1270	41016
1271	41107
1272	41204
1273	41345
1274	41490
1275	41628
1276	41754
1277	41868
1278	41952
1279	42041
1280	42161
1281	42300
1282	42444
1283	42584
1284	42721
1285	42823
1286	42926
1287	43095
1288	43244
1289	43390
1290	43538
1291	43693
1292	43777
1293	43863
1294	44011
1295	44158
1296	44295
1297	44440
1298	44573
1299	44679
1300	44785
1301	44920
1302	45079
1303	45231
1304	45356
1305	45520
1306	45615
1307	45730
1308	45867
1309	46052
1310	46229
1311	46416
1312	46573
1313	46689
1314	46781
1315	46934
1316	47096
1317	47240
1318	47404
1319	47548
1320	47634
1321	47737
1322	47939
1323	48099
1324	48295
1325	48445
1326	48629
1327	48777
1328	48905
1329	49051
1330	49243
1331	49420
1332	49594
1333	49756
1334	49863
1335	49978
1336	50204
1337	50371
1338	50522
1339	50682
1340	50836
1341	50939
1342	51034
1343	51192
1344	51339
1345	51505
1346	51671
1347	51834
1348	51965
1349	52085
1350	52270
1351	52463
1352	52658
1353	52806
1354	52972
1355	53084
1356	53201
1357	53359
1358	53559
1359	53741
1360	53934
1361	54111
1362	54221
1363	54341
1364	54506
1365	54687
1366	54838
1367	54998
1368	55214
1369	55340
1370	55497
1371	55676
1372	55893
1373	56076
1374	56270
1375	56450
1376	56589
1377	56699
1378	56881
1379	57056
1380	57247
1381	57439
1382	57638
1383	57817
1384	57982
1385	58197
1386	58388
1387	58578
1388	58762
1389	58908
1390	59025
1391	59166
1392	59328
1393	59521
1394	59719
1395	59921
1396	60118
1397	60259
1398	60412
1399	60598
1400	60800
1401	60972
1402	61172
1403	61339
1404	61449
1405	61579
1406	61781
1407	61991
1408	62219
1409	62435
1410	62637
1411	62776
1412	62908
1413	63095
1414	63281
1415	63479
1416	63685
1417	63830
1418	63940
1419	64015
1420	64123
1421	64281
1422	64477
1423	64633
1424	64857
1425	64995
1426	65101
1427	65294
1428	65534
1429	65803
1430	66048
1431	66334
1432	66506
1433	66678
1434	66936
1435	67217
1436	67515
1437	67783
1438	68028
1439	68213
1440	68404
1441	68644
1442	68918
1443	69176
1444	69437
1445	69691
1446	69843
1447	70023
1448	70253
1449	70538
1450	70828
1451	71086
1452	71334
1453	71528
1454	71741
1455	72005
1456	72344
1457	72680
1458	72968
1459	73233
1460	73461
1461	73691
1462	73997
1463	74276
1464	74556
1465	74810
1466	75094
1467	75282
1468	75524
1469	75849
1470	76249
1471	76540
1472	76905
1473	77239
1474	77498
1475	77756
1476	78127
1477	78497
1478	78870
1479	79226
1480	79575
1481	79859
1482	80122
1483	80515
1484	80882
1485	81237
1486	81557
1487	81855
1488	82126
1489	82390
1490	82734
1491	83103
1492	83488
1493	83811
1494	84148
1495	84378
1496	84604
1497	84942
1498	85300
1499	85656
1500	86036
1501	86397
1502	86646
1503	86913
1504	87307
1505	87719
1506	88115
1507	88507
1508	88837
1509	89126
1510	89412
1511	89819
1512	90293
1513	90729
1514	91132
1515	91467
1516	91694
1517	91956
1518	92353
1519	92769
1520	93170
1521	93592
1522	93970
1523	94228
1524	94461
1525	94843
1526	95273
1527	95681
1528	96093
1529	96461
1530	96743
1531	96997
1532	97434
1533	97862
1534	98286
1535	98691
1536	99063
1537	99367
1538	99669
1539	100063
1540	100448
1541	100847
1542	101265
1543	101651
1544	101995
1545	102276
1546	102650
1547	103029
1548	103422
1549	103854
1550	104252
1551	104524
1552	104797
1553	105207
1554	105717
1555	106191
1556	106731
1557	107167
1558	107485
1559	107754
1560	108162
1561	108604
1562	109035
1563	109464
1564	109890
1565	110139
1566	110418
1567	110833
1568	111265
1569	111751
1570	112184
1571	112673
1572	112938
1573	113187
1574	113522
1575	113965
1576	114418
1577	114835
1578	115272
1579	115562
1580	115857
1581	116294
1582	116764
1583	117250
1584	117790
1585	118256
1586	118573
1587	118881
1588	119369
1589	119860
1590	120354
1591	120787
1592	121184
1593	121432
1594	121673
1595	122120
1596	122613
1597	123171
1598	123667
1599	124106
1600	124411
1601	124697
1602	125269
1603	125821
1604	126312
1605	126861
1606	127345
1607	127627
1608	127972
1609	128456
1610	128961
1611	129364
1612	129874
1613	130407
1614	130685
1615	130955
1616	131417
1617	131899
1618	132381
1619	132839
1620	133301
1621	133641
1622	133987
1623	134473
1624	135025
1625	135543
1626	136089
1627	136558
1628	136894
1629	137234
1630	137725
1631	138201
1632	138670
1633	139139
1634	139584
1635	139876
1636	140204
1637	140637
1638	141107
1639	141667
1640	142305
1641	142929
1642	143348
1643	143760
1644	144356
1645	145017
1646	145704
1647	146334
1648	146877
1649	147286
1650	147716
1651	148335
1652	149030
1653	149674
1654	150361
1655	150955
1656	151386
1657	151821
1658	152462
1659	153181
1660	153900
1661	154622
1662	155219
1663	155687
1664	156152
1665	156844
1666	157581
1667	158256
1668	158941
1669	159592
1670	160055
1671	160477
1672	161117
1673	161787
1674	162503
1675	163225
1676	163891
1677	164374
1678	164914
1679	165608
1680	166344
1681	167051
1682	167737
1683	168393
1684	168788
1685	169233
1686	169922
1687	170684
1688	171381
1689	172048
1690	172788
1691	173263
1692	173805
1693	174525
1694	175220
1695	175926
1696	176733
1697	177440
1698	177916
1699	178438
1700	179067
1701	179719
1702	180119
1703	180573
1704	180968
1705	181231
1706	181524
1707	181953
1708	182451
1709	182991
1710	183512
1711	183979
1712	184278
1713	184675
1714	185147
1715	185608
1716	186052
1717	186504
1718	186916
1719	187232
1720	187566
1721	187989
1722	188435
1723	188907
1724	189336
1725	189778
1726	190038
1727	190324
1728	190777
1729	191241
1730	191666
1731	192151
1732	192555
1733	192866
1734	193209
1735	193677
1736	194191
1737	194752
1738	195418
1739	196138
1740	196684
1741	197243
1742	198029
1743	198873
1744	199658
1745	200434
1746	201203
1747	201757
1748	202255
1749	202978
1750	203574
1751	204060
1752	204409
1753	204770
1754	205076
1755	205400
1756	205857
1757	206377
1758	206895
1759	207524
1760	208158
1761	208658
1762	209189
1763	209773
1764	210429
1765	211055
1766	211754
1767	212450
1768	212910
1769	213426
1770	214148
1771	214905
1772	215556
1773	216246
1774	216862
1775	217314
1776	217792
1777	218564
1778	219175
1779	219613
1780	220036
1781	220461
1782	220733
1783	221003
1784	221291
1785	221524
1786	221969
1787	222563
1788	223159
1789	223694
1790	224141
1791	224426
1792	224643
1793	225158
1794	225695
1795	226098
1796	226433
1797	226739
1798	227287
1799	228129
1800	229009
1801	229876
1802	230595
1803	230933
1804	231267
1805	231699
1806	232156
1807	232661
1808	233220
1809	233841
1810	234316
1811	234769
1812	235385
1813	236080
1814	236771
1815	237590
1816	238154
1817	238621
1818	239065
1819	239729
1820	240431
1821	241210
1822	241888
1823	242611
1824	243122
1825	243692
1826	244345
1827	245091
1828	245922
1829	246744
1830	247412
1831	247935
1832	248478
1833	249352
1834	250187
1835	250959
1836	251707
1837	252419
1838	253011
1839	253673
1840	254531
1841	255461
1842	256433
1843	257412
1844	258490
1845	259365
1846	260085
1847	261097
1848	262250
1849	263606
1850	264575
1851	265549
1852	266303
1853	267089
1854	268109
1855	268824
1856	269570
1857	270288
1858	271344
1859	272036
1860	272839
1861	273866
1862	275025
1863	276016
1864	276949
1865	277936
1866	278680
1867	279536
1868	280720
1869	281844
1870	282893
1871	283948
1872	285028
1873	285662
1874	286044
1875	286615
1876	287523
1877	288521
1878	289418
1879	290222
1880	290864
1881	291509
1882	292365
1883	293299
1884	294163
1885	295029
1886	295845
1887	296518
1888	297258
1889	298216
1890	299193
1891	300157
1892	301152
1893	302120
1894	302822
1895	303517
1896	304345
1897	305337
1898	306400
1899	307450
1900	308399
1901	309057
1902	309715
1903	310847
1904	311962
1905	312625
1906	313215
1907	313871
1908	314491
1909	315241
1910	316371
1911	317424
1912	318484
1913	319566
1914	320648
1915	321463
1916	322254
1917	323315
1918	324445
1919	325543
1920	326637
1921	327618
1922	328428
1923	329189
1924	330306
1925	331449
1926	332541
1927	333565
1928	334641
1929	335519
1930	336306
1931	337334
1932	338120
1933	338956
1934	339592
1935	340320
1936	341065
1937	341828
1938	342791
1939	343940
1940	345089
1941	346251
1942	346878
1943	347298
1944	347730
1945	348385
1946	349600
1947	350727
1948	351878
1949	352946
1950	353686
1951	354395
1952	355394
1953	356407
1954	357470
1955	358597
1956	359691
1957	360389
1958	361119
1959	362240
1960	363480
1961	364654
1962	365746
1963	366781
1964	367409
1965	368202
1966	369194
1967	370464
1968	371605
1969	372756
1970	373838
1971	374503
1972	375285
1973	376445
1974	377673
1975	378903
1976	379907
1977	380902
1978	381616
1979	382389
1980	383633
1981	384910
1982	386269
1983	387448
1984	388489
1985	389385
1986	390235
1987	391413
1988	392735
1989	394019
1990	395022
1991	395804
1992	396419
1993	397074
1994	398968
1995	400518
1996	401897
1997	403155
1998	404257
1999	405130
2000	405930
2001	407057
2002	408265
2003	409438
2004	410745
2005	411907
2006	412768
2007	413588
2008	414708
2009	415834
2010	417019
2011	418225
2012	419507
2013	420411
2014	421433
2015	422554
2016	423374
2017	424685
2018	425801
2019	426972
2020	427749
2021	428521
2022	429833
2023	431235
2024	432578
2025	434049
2026	435352
2027	436277
2028	437247
2029	438439
2030	439798
2031	441143
2032	442471
2033	443502
2034	444222
2035	444985
2036	445993
2037	447063
2038	448276
2039	449481
2040	450633
2041	451441
2042	452177
2043	453323
2044	454582
2045	455749
2046	456950
2047	458035
2048	458514
2049	458945
2050	459743
2051	460538
2052	461685
2053	462824
2054	463947
2055	464884
2056	465890
2057	467121
2058	468297
2059	469693
2060	471064
2061	472293
2062	473200
2063	474268
2064	475654
2065	476940
2066	478141
2067	479275
2068	480390
2069	481268
2070	482207
2071	483420
2072	484735
2073	486069
2074	487349
2075	488620
2076	489478
2077	490363
2078	491668
2079	492960
2080	494222
2081	495567
2082	496821
2083	497726
2084	498698
2085	500002
2086	501300
2087	502599
2088	503897
2089	505124
2090	505936
2091	506726
2092	508010
2093	509306
2094	510652
2095	511856
2096	512934
2097	513935
2098	514932
2099	516367
2100	517626
2101	519107
2102	520537
2103	521951
2104	523005
2105	524013
2106	525452
2107	526863
2108	528256
2109	529613
2110	531024
2111	532000
2112	533078
2113	534458
2114	535936
2115	537337
2116	538722
2117	540047
2118	541085
2119	542119
2120	543512
2121	544890
2122	546302
2123	547427
2124	548473
2125	549308
2126	550161
2127	551471
2128	552852
2129	554177
2130	555683
2131	556969
2132	557848
2133	558772
2134	560071
2135	561445
2136	562722
2137	564023
2138	565200
2139	566043
2140	566968
2141	568207
2142	569638
2143	570893
2144	572244
2145	573402
2146	574269
2147	575070
2148	576237
2149	577115
2150	577851
2151	578782
2152	579783
2153	580855
2154	581717
2155	582802
2156	583686
2157	584408
2158	585487
2159	586741
2160	587666
2161	588633
2162	589805
2163	591114
2164	592388
2165	593867
2166	595251
2167	596243
2168	597233
2169	598634
2170	600158
2171	601776
2172	603291
2173	604573
2174	605597
2175	606670
2176	607990
2177	609621
2178	611243
2179	612716
2180	614172
2181	615197
2182	616297
2183	617437
2184	618173
2185	619307
2186	620836
2187	622147
2188	623203
2189	624250
2190	625583
2191	627104
2192	628704
2193	630304
2194	631790
2195	633007
2196	634157
2197	635694
2198	637069
2199	638416
2200	640074
2201	641420
2202	642450
2203	643458
2204	645017
2205	646650
2206	648245
2207	649824
2208	651403
2209	652630
2210	653886
2211	655527
2212	657250
2213	659070
2214	660881
2215	662657
2216	663841
2217	665131
2218	666706
2219	668544
2220	670737
2221	672424
2222	674096
2223	675264
2224	676511
2225	678195
2226	679903
2227	681659
2228	683419
2229	685003
2230	686233
2231	687448
2232	689031
2233	690937
2234	692679
2235	694364
2236	695934
2237	697145
2238	698303
2239	699954
2240	701580
2241	703249
2242	704902
2243	706443
2244	707515
2245	708633
2246	709971
2247	711491
2248	713269
2249	715019
2250	716511
2251	717647
2252	718793
2253	720379
2254	722042
2255	723687
2256	725387
2257	726909
2258	728048
2259	729274
2260	730764
2261	732001
2262	733759
2263	735283
2264	736688
2265	737543
2266	738665
2267	740137
2268	741805
2269	743487
2270	745073
2271	746639
2272	747914
2273	749196
2274	750835
2275	752598
2276	754137
2277	755468
2278	756785
2279	757455
2280	758440
2281	760000
2282	761556
2283	763086
2284	764571
2285	765979
2286	767001
2287	768237
2288	769759
2289	771482
2290	773188
2291	774153
2292	774947
2293	775549
2294	776506
2295	777918
2296	779278
2297	780323
2298	781327
2299	782313
2300	782958
2301	783984
2302	785388
2303	786480
2304	787528
2305	788492
2306	789363
2307	789996
2308	790693
2309	791623
2310	792708
2311	793697
2312	794763
2313	795746
2314	796307
2315	796972
2316	797916
2317	798962
2318	800031
2319	801084
2320	802057
2321	802714
2322	803308
2323	804353
2324	805361
2325	806413
2326	807392
2327	808294
2328	809001
2329	809695
2330	810601
2331	811628
2332	812623
2333	813676
2334	814659
2335	815315
2336	815930
2337	816974
2338	817874
2339	818766
2340	819636
2341	820342
2342	820853
2343	821432
2344	822349
2345	823293
2346	824229
2347	825146
2348	826020
2349	826584
2350	827236
2351	828180
2352	829141
2353	830165
2354	831125
2355	832028
2356	832593
2357	833230
2358	834106
2359	835086
2360	836059
2361	836988
2362	837830
2363	838430
2364	839039
2365	839936
2366	840782
2367	841698
2368	842560
2369	843319
2370	843855
2371	844475
2372	845323
2373	846299
2374	847162
2375	848006
2376	848829
2377	849374
2378	849949
2379	850818
2380	851709
2381	852636
2382	853478
2383	854233
2384	854905
2385	855485
2386	856342
2387	857304
2388	858274
2389	859137
2390	860003
2391	860610
2392	861185
2393	861892
2394	862747
2395	863692
2396	864617
2397	865461
2398	865971
2399	866377
2400	866929
2401	867600
2402	868251
2403	868911
2404	869553
2405	870002
2406	870457
2407	871157
2408	871877
2409	872585
2410	873325
2411	874077
2412	874576
2413	875088
2414	876001
2415	877060
2416	878176
2417	879175
2418	880090
2419	880828
2420	881586
2421	882645
2422	883711
2423	884817
2424	885918
2425	886892
2426	887560
2427	888294
2428	889551
2429	890514
2430	891476
2431	892500
2432	893395
2433	894087
2434	894820
2435	895803
2436	896935
2437	897964
2438	899009
2439	899993
2440	900679
2441	902039
2442	903517
2443	904564
2444	905580
2445	906579
2446	907511
2447	908316
2448	909010
2449	910225
2450	911415
2451	912483
2452	913636
2453	914717
2454	915456
2455	916179
2456	917294
2457	918375
2458	919496
2459	920606
2460	921565
2461	922300
2462	923049
2463	924161
2464	925333
2465	926305
2466	927145
2467	927883
2468	928456
2469	929063
2470	930216
2471	931433
2472	932853
2473	934402
2474	935790
2475	936903
2476	937917
2477	939441
2478	941032
2479	942718
2480	944150
2481	945517
2482	946489
2483	947422
2484	948814
2485	950222
2486	951463
2487	952577
2488	953614
2489	954494
2490	955400
2491	956806
2492	958189
2493	959605
2494	960929
2495	962037
2496	963014
2497	963905
2498	965207
2499	966543
2500	967799
2501	969335
2502	970825
2503	971888
2504	972843
2505	974428
2506	976061
2507	978055
2508	980161
2509	982052
2510	983467
2511	984925
2512	986893
2513	988656
2514	989739
2515	990663
2516	991612
2517	992472
2518	993377
2519	994665
2520	996045
2521	997104
2522	997909
2523	999084
2524	1000050
2525	1001297
2526	1003061
2527	1004842
2528	1006635
2529	1008388
2530	1009961
2531	1011127
2532	1012593
2533	1014719
2534	1017034
2535	1019423
2536	1021800
2537	1024227
2538	1025605
2539	1026790
2540	1028383
2541	1030172
2542	1032107
2543	1033919
2544	1035663
2545	1036936
2546	1038209
2547	1040015
2548	1041889
2549	1043840
2550	1045691
2551	1047445
2552	1048665
2553	1050027
2554	1051917
2555	1053953
2556	1055855
2557	1057770
2558	1059695
2559	1061027
2560	1062241
2561	1064066
2562	1065925
2563	1067647
2564	1069482
2565	1071058
2566	1072068
2567	1073229
2568	1074739
2569	1076164
2570	1077566
2571	1079362
2572	1081052
2573	1082736
2574	1083983
2575	1085553
2576	1087644
2577	1089527
2578	1091373
2579	1093270
2580	1094530
2581	1095705
2582	1097459
2583	1099492
2584	1101848
2585	1103794
2586	1105446
2587	1106618
2588	1107672
2589	1109374
2590	1111518
2591	1113851
2592	1116287
2593	1118740
2594	1120602
2595	1122657
2596	1125451
2597	1128406
2598	1130714
2599	1132803
2600	1134706
2601	1136057
2602	1137440
2603	1139527
2604	1141887
2605	1144253
2606	1146748
2607	1148768
2608	1150159
2609	1151510
2610	1153502
2611	1155641
2612	1158291
2613	1160851
2614	1162926
2615	1164273
2616	1165499
2617	1167126
2618	1169115
2619	1171603
2620	1173625
2621	1175492
2622	1176846
2623	1178211
2624	1180171
2625	1182220
2626	1184285
2627	1186206
2628	1188099
2629	1189511
2630	1190905
2631	1192946
2632	1195075
2633	1197157
2634	1199107
2635	1200989
2636	1202267
2637	1203645
2638	1205562
2639	1208228
2640	1210341
2641	1212227
2642	1213724
2643	1214920
2644	1216113
2645	1218065
2646	1220059
2647	1222243
2648	1224300
2649	1226723
2650	1228619
2651	1230350
2652	1232831
2653	1235464
2654	1238080
2655	1239907
2656	1241682
2657	1242910
2658	1244131
2659	1246016
2660	1247953
2661	1249894
2662	1252072
2663	1254016
2664	1255331
2665	1256572
2666	1258114
2667	1259911
2668	1261952
2669	1264402
2670	1266895
2671	1268226
2672	1269450
2673	1271266
2674	1273260
2675	1275414
2676	1277405
2677	1279160
2678	1280384
2679	1281687
2680	1283765
2681	1286352
2682	1288671
2683	1290814
2684	1292558
2685	1293776
2686	1295057
2687	1297069
2688	1299426
2689	1301937
2690	1304533
2691	1306889
2692	1308499
2693	1310061
2694	1312504
2695	1315280
2696	1318068
2697	1320691
2698	1322559
2699	1323649
2700	1324783
2701	1326564
2702	1328508
2703	1330446
2704	1332628
2705	1333673
2706	1334131
2707	1334674
2708	1335815
2709	1337336
2710	1338857
2711	1340319
2712	1341640
2713	1342642
2714	1343623
2715	1345043
2716	1346486
2717	1347940
2718	1349345
2719	1350641
2720	1351569
2721	1352545
2722	1354121
2723	1355773
2724	1357330
2725	1358916
2726	1360463
2727	1361528
2728	1362648
2729	1364324
2730	1365988
2731	1367602
2732	1369153
2733	1370123
2734	1371038
2735	1372145
2736	1373783
2737	1375331
2738	1377001
2739	1378640
2740	1380106
2741	1381164
2742	1382201
2743	1383747
2744	1385453
2745	1387293
2746	1388982
2747	1390538
2748	1391681
2749	1392915
2750	1394547
2751	1396373
2752	1398174
2753	1399925
2754	1401470
2755	1402676
2756	1403954
2757	1405825
2758	1407691
2759	1409565
2760	1411328
2761	1412882
2762	1413999
2763	1415128
2764	1416279
2765	1418188
2766	1419968
2767	1421669
2768	1423335
2769	1424577
2770	1426109
2771	1427776
2772	1429723
2773	1431710
2774	1433618
2775	1435397
2776	1436700
2777	1438020
2778	1439824
2779	1441804
2780	1443743
2781	1445605
2782	1447435
2783	1448742
2784	1450120
2785	1452151
2786	1454080
2787	1456201
2788	1458083
2789	1459867
2790	1461299
2791	1462714
2792	1464651
2793	1466600
2794	1468438
2795	1470271
2796	1472654
2797	1474789
2798	1476872
2799	1479764
2800	1482212
2801	1483399
2802	1484377
2803	1485036
2804	1485486
2805	1486119
2806	1487097
2807	1488704
2808	1490370
2809	1492145
2810	1493392
2811	1493853
2812	1494247
2813	1494967
2814	1496178
2815	1498036
2816	1499903
2817	1501158
2818	1501711
2819	1502106
2820	1503007
2821	1503815
2822	1504973
2823	1505882
2824	1506542
2825	1506958
2826	1507341
2827	1508003
2828	1509004
2829	1510040
2830	1511622
2831	1512833
2832	1513287
2833	1513706
2834	1515034
2835	1516856
2836	1517782
2837	1518544
2838	1519152
2839	1519608
2840	1520016
2841	1520702
2842	1522056
2843	1523162
2844	1524164
2845	1524811
2846	1525733
2847	1526465
2848	1527755
2849	1528805
2850	1529723
2851	1530982
2852	1532043
2853	1533339
2854	1534640
2855	1536560
2856	1538456
2857	1540165
2858	1541110
2859	1542749
2860	1544107
2861	1545535
2862	1546486
2863	1547565
2864	1549448
2865	1550353
2866	1550982
2867	1551356
2868	1551734
2869	1552394
2870	1553067
2871	1553689
2872	1554302
2873	1554839
2874	1555118
2875	1555507
2876	1555991
2877	1556517
2878	1556959
2879	1557319
2880	1557566
2881	1557850
2882	1558168
2883	1558639
2884	1559106
2885	1559589
2886	1559921
2887	1560187
2888	1560509
2889	1560824
2890	1561381
2891	1562022
2892	1562688
2893	1563908
2894	1564621
2895	1564968
2896	1565352
2897	1566014
2898	1566678
2899	1567316
2900	1567933
2901	1568419
