1	1
2	1
3	1
4	1
5	1
6	1
7	1
8	1
9	1
10	2
11	2
12	3
13	3
14	3
15	3
16	3
17	3
18	4
19	4
20	4
21	4
22	4
23	4
24	5
25	5
26	5
27	5
28	5
29	5
30	5
31	5
32	5
33	5
34	5
35	5
36	5
37	5
38	5
39	5
40	5
41	5
42	5
43	5
44	5
45	6
46	6
47	6
48	6
49	6
50	6
51	6
52	6
53	6
54	6
55	6
56	6
57	6
58	6
59	6
60	6
61	6
62	6
63	6
64	6
65	6
66	6
67	6
68	6
69	6
70	6
71	6
72	6
73	6
74	6
75	6
76	6
77	6
78	6
79	6
80	6
81	6
82	6
83	6
84	6
85	6
86	6
87	6
88	6
89	6
90	6
91	6
92	6
93	6
94	8
95	8
96	8
97	8
98	8
99	8
100	8
101	8
102	8
103	8
104	8
105	8
106	9
107	9
108	9
109	9
110	9
111	9
112	9
113	10
114	10
115	10
116	10
117	10
118	11
119	11
120	11
121	11
122	12
123	12
124	12
125	12
126	12
127	12
128	12
129	12
130	12
131	12
132	12
133	12
134	12
135	12
136	12
137	12
138	12
139	12
140	12
141	12
142	12
143	12
144	12
145	13
146	13
147	13
148	13
149	13
150	13
151	13
152	13
153	13
154	13
155	13
156	13
157	14
158	14
159	14
160	14
161	14
162	14
163	14
164	14
165	14
166	14
167	14
168	14
169	14
170	14
171	14
172	14
173	14
174	14
175	14
176	14
177	14
178	14
179	14
180	14
181	14
182	14
183	14
184	15
185	15
186	15
187	15
188	15
189	15
190	15
191	15
192	15
193	15
194	15
195	15
196	15
197	16
198	16
199	16
200	16
201	16
202	16
203	16
204	16
205	16
206	16
207	16
208	16
209	16
210	16
211	16
212	16
213	16
214	16
215	16
216	16
217	16
218	16
219	16
220	16
221	16
222	16
223	16
224	16
225	16
226	16
227	16
228	16
229	16
230	16
231	16
232	16
233	16
234	16
235	16
236	16
237	16
238	16
239	16
240	16
241	16
242	16
243	16
244	16
245	16
246	16
247	16
248	16
249	16
250	16
251	16
252	16
253	16
254	17
255	17
256	17
257	17
258	17
259	17
260	17
261	17
262	17
263	17
264	17
265	19
266	19
267	19
268	19
269	19
270	19
271	19
272	19
273	19
274	22
275	22
276	22
277	22
278	22
279	22
280	22
281	22
282	23
283	23
284	23
285	23
286	23
287	23
288	23
289	23
290	23
291	23
292	23
293	23
294	23
295	23
296	23
297	23
298	23
299	23
300	23
301	23
302	23
303	23
304	23
305	23
306	23
307	24
308	24
309	25
310	25
311	25
312	25
313	25
314	26
315	26
316	26
317	26
318	26
319	26
320	26
321	26
322	26
323	26
324	26
325	26
326	26
327	26
328	26
329	26
330	26
331	26
332	26
333	26
334	26
335	26
336	27
337	28
338	28
339	29
340	29
341	29
342	29
343	29
344	29
345	29
346	29
347	29
348	29
349	30
350	30
351	30
352	30
353	30
354	30
355	30
356	30
357	31
358	31
359	31
360	31
361	31
362	31
363	31
364	31
365	31
366	31
367	31
368	31
369	31
370	31
371	31
372	31
373	32
374	33
375	35
376	35
377	35
378	35
379	35
380	35
381	35
382	35
383	35
384	35
385	35
386	37
387	37
388	37
389	37
390	37
391	37
392	37
393	37
394	37
395	37
396	37
397	37
398	37
399	37
400	37
401	38
402	38
403	38
404	38
405	38
406	38
407	38
408	38
409	38
410	38
411	38
412	39
413	39
414	39
415	39
416	40
417	40
418	40
419	40
420	40
421	41
422	42
423	42
424	42
425	42
426	43
427	43
428	43
429	43
430	44
431	44
432	44
433	44
434	44
435	44
436	44
437	44
438	44
439	44
440	45
441	45
442	45
443	45
444	45
445	45
446	46
447	46
448	46
449	46
450	46
451	46
452	46
453	46
454	46
455	46
456	47
457	47
458	47
459	47
460	48
461	48
462	48
463	48
464	50
465	50
466	50
467	50
468	50
469	50
470	50
471	50
472	50
473	50
474	50
475	50
476	50
477	51
478	52
479	52
480	52
481	52
482	52
483	52
484	54
485	54
486	54
487	54
488	54
489	54
490	54
491	54
492	54
493	54
494	54
495	54
496	54
497	54
498	54
499	54
500	54
501	54
502	54
503	54
504	55
505	55
506	55
507	55
508	55
509	55
510	55
511	55
512	55
513	55
514	55
515	55
516	55
517	57
518	57
519	57
520	57
521	57
522	57
523	57
524	57
525	58
526	58
527	59
528	59
529	59
530	59
531	59
532	59
533	59
534	60
535	60
536	60
537	60
538	62
539	62
540	62
541	62
542	62
543	62
544	62
545	62
546	62
547	63
548	63
549	63
550	63
551	64
552	65
553	65
554	65
555	65
556	65
557	65
558	65
559	65
560	65
561	66
562	66
563	66
564	66
565	66
566	66
567	66
568	66
569	67
570	67
571	67
572	67
573	67
574	67
575	67
576	67
577	67
578	67
579	67
580	67
581	67
582	67
583	67
584	67
585	67
586	68
587	68
588	68
589	68
590	68
591	68
592	68
593	68
594	68
595	68
596	68
597	68
598	68
599	68
600	68
601	69
602	69
603	69
604	69
605	70
606	70
607	71
608	71
609	71
610	72
611	72
612	72
613	73
614	73
615	74
616	74
617	74
618	74
619	74
620	74
621	74
622	74
623	74
624	74
625	74
626	74
627	74
628	74
629	74
630	75
631	75
632	75
633	76
634	76
635	77
636	77
637	77
638	77
639	77
640	77
641	77
642	77
643	77
644	78
645	78
646	78
647	79
648	79
649	79
650	79
651	80
652	80
653	80
654	80
655	80
656	80
657	80
658	80
659	80
660	80
661	80
662	80
663	80
664	80
665	80
666	80
667	80
668	80
669	80
670	80
671	80
672	80
673	80
674	80
675	80
676	80
677	81
678	83
679	84
680	85
681	85
682	86
683	88
684	89
685	89
686	89
687	89
688	89
689	89
690	89
691	89
692	89
693	89
694	90
695	90
696	90
697	90
698	90
699	90
700	90
701	91
702	91
703	91
704	91
705	92
706	92
707	92
708	92
709	92
710	92
711	92
712	92
713	92
714	93
715	93
716	94
717	94
718	94
719	95
720	96
721	97
722	97
723	97
724	97
725	100
726	100
727	101
728	101
729	102
730	102
731	102
732	102
733	102
734	102
735	102
736	102
737	102
738	102
739	102
740	102
741	102
742	104
743	104
744	104
745	104
746	104
747	104
748	104
749	105
750	105
751	105
752	106
753	106
754	106
755	106
756	106
757	107
758	108
759	108
760	108
761	108
762	108
763	108
764	108
765	110
766	111
767	112
768	112
769	112
770	114
771	115
772	115
773	115
774	116
775	116
776	117
777	118
778	118
779	118
780	119
781	119
782	119
783	120
784	120
785	120
786	120
787	120
788	120
789	120
790	121
791	121
792	122
793	122
794	122
795	122
796	122
797	124
798	125
799	126
800	126
801	126
802	126
803	126
804	126
805	126
806	126
807	127
808	128
809	128
810	128
811	129
812	129
813	129
814	129
815	130
816	130
817	131
818	131
819	132
820	133
821	133
822	133
823	133
824	133
825	133
826	136
827	136
828	136
829	137
830	138
831	138
832	138
833	138
834	140
835	141
836	141
837	141
838	142
839	142
840	145
841	145
842	146
843	146
844	146
845	147
846	148
847	149
848	149
849	150
850	150
851	153
852	153
853	153
854	154
855	154
856	154
857	154
858	154
859	154
860	155
861	155
862	157
863	157
864	157
865	157
866	157
867	159
868	160
869	160
870	162
871	162
872	162
873	163
874	164
875	166
876	166
877	166
878	171
879	172
880	172
881	173
882	175
883	177
884	178
885	179
886	179
887	179
888	181
889	181
890	185
891	187
892	187
893	187
894	187
895	187
896	187
897	187
898	188
899	188
900	188
901	188
902	192
903	194
904	195
905	195
906	195
907	195
908	196
909	198
910	199
911	199
912	201
913	202
914	203
915	205
916	207
917	209
918	209
919	212
920	213
921	213
922	213
923	216
924	220
925	220
926	222
927	223
928	224
929	224
930	226
931	226
932	226
933	227
934	229
935	229
936	231
937	232
938	234
939	236
940	238
941	239
942	241
943	242
944	243
945	244
946	245
947	247
948	247
949	248
950	249
951	249
952	254
953	254
954	256
955	257
956	258
957	258
958	258
959	261
960	261
961	262
962	262
963	262
964	262
965	262
966	263
967	263
968	264
969	265
970	265
971	266
972	267
973	267
974	267
975	270
976	271
977	271
978	271
979	273
980	274
981	274
982	274
983	275
984	276
985	277
986	277
987	279
988	279
989	279
990	282
991	282
992	283
993	286
994	287
995	289
996	289
997	292
998	292
999	294
1000	294
1001	296
1002	298
1003	299
1004	300
1005	300
1006	303
1007	303
1008	303
1009	304
1010	304
1011	305
1012	307
1013	308
1014	308
1015	315
1016	317
1017	318
1018	319
1019	320
1020	320
1021	320
1022	320
1023	322
1024	323
1025	328
1026	328
1027	328
1028	330
1029	331
1030	334
1031	335
1032	335
1033	336
1034	337
1035	343
1036	344
1037	344
1038	345
1039	345
1040	346
1041	347
1042	347
1043	347
1044	353
1045	354
1046	358
1047	359
1048	360
1049	363
1050	363
1051	364
1052	365
1053	365
1054	366
1055	368
1056	368
1057	370
1058	372
1059	372
1060	373
1061	373
1062	374
1063	375
1064	375
1065	377
1066	377
1067	377
1068	377
1069	379
1070	381
1071	382
1072	385
1073	386
1074	388
1075	390
1076	392
1077	395
1078	398
1079	402
1080	404
1081	404
1082	405
1083	405
1084	405
1085	408
1086	410
1087	410
1088	413
1089	413
1090	414
1091	416
1092	416
1093	417
1094	417
1095	419
1096	419
1097	420
1098	420
1099	421
1100	422
1101	422
1102	425
1103	425
1104	425
1105	426
1106	429
1107	432
1108	434
1109	436
1110	437
1111	441
1112	444
1113	447
1114	452
1115	453
1116	454
1117	458
1118	460
1119	462
1120	464
1121	467
1122	468
1123	469
1124	470
1125	471
1126	472
1127	473
1128	475
1129	477
1130	478
1131	479
1132	479
1133	481
1134	481
1135	483
1136	484
1137	486
1138	487
1139	487
1140	488
1141	489
1142	491
1143	494
1144	494
1145	496
1146	497
1147	497
1148	499
1149	502
1150	504
1151	514
1152	514
1153	514
1154	514
1155	516
1156	526
1157	531
1158	535
1159	535
1160	536
1161	536
1162	544
1163	547
1164	549
1165	551
1166	552
1167	553
1168	557
1169	558
1170	559
1171	560
1172	563
1173	563
1174	564
1175	566
1176	572
1177	575
1178	577
1179	577
1180	577
1181	578
1182	581
1183	582
1184	584
1185	588
1186	591
1187	593
1188	593
1189	597
1190	601
1191	603
1192	603
1193	606
1194	609
1195	609
1196	610
1197	612
1198	613
1199	617
1200	619
1201	621
1202	621
1203	624
1204	624
1205	624
1206	624
1207	626
1208	627
1209	628
1210	630
1211	630
1212	631
1213	633
1214	637
1215	640
1216	641
1217	641
1218	645
1219	646
1220	647
1221	652
1222	653
1223	655
1224	657
1225	662
1226	663
1227	665
1228	667
1229	668
1230	669
1231	671
1232	671
1233	673
1234	677
1235	679
1236	681
1237	682
1238	685
1239	686
1240	696
1241	700
1242	702
1243	704
1244	706
1245	711
1246	713
1247	715
1248	715
1249	717
1250	719
1251	720
1252	723
1253	725
1254	727
1255	730
1256	732
1257	733
1258	734
1259	738
1260	745
1261	747
1262	749
1263	751
1264	764
1265	767
1266	769
1267	770
1268	771
1269	773
1270	775
1271	775
1272	779
1273	785
1274	790
1275	792
1276	795
1277	799
1278	805
1279	805
1280	809
1281	812
1282	819
1283	821
1284	829
1285	833
1286	834
1287	841
1288	853
1289	857
1290	861
1291	864
1292	868
1293	868
1294	869
1295	871
1296	873
1297	875
1298	876
1299	878
1300	880
1301	886
1302	892
1303	894
1304	898
1305	900
1306	903
1307	904
1308	906
1309	909
1310	913
1311	919
1312	922
1313	924
1314	930
1315	933
1316	943
1317	944
1318	949
1319	950
1320	954
1321	958
1322	960
1323	962
1324	965
1325	967
1326	973
1327	976
1328	979
1329	981
1330	981
1331	983
1332	987
1333	994
1334	995
1335	995
1336	996
1337	999
1338	1000
1339	1009
1340	1014
1341	1022
1342	1029
1343	1032
1344	1038
1345	1053
1346	1061
1347	1064
1348	1065
1349	1067
1350	1073
1351	1077
1352	1082
1353	1090
1354	1093
1355	1098
1356	1104
1357	1108
1358	1114
1359	1118
1360	1123
1361	1126
1362	1133
1363	1134
1364	1140
1365	1149
1366	1161
1367	1166
1368	1174
1369	1174
1370	1175
1371	1180
1372	1185
1373	1193
1374	1207
1375	1210
1376	1218
1377	1219
1378	1230
1379	1233
1380	1239
1381	1251
1382	1260
1383	1261
1384	1267
1385	1275
1386	1282
1387	1295
1388	1298
1389	1307
1390	1314
1391	1323
1392	1331
1393	1344
1394	1349
1395	1354
1396	1360
1397	1364
1398	1367
1399	1370
1400	1372
1401	1378
1402	1380
1403	1384
1404	1386
1405	1388
1406	1398
1407	1407
1408	1416
1409	1421
1410	1429
1411	1429
1412	1433
1413	1444
1414	1451
1415	1460
1416	1468
1417	1471
1418	1475
1419	1481
1420	1489
1421	1502
1422	1514
1423	1522
1424	1529
1425	1533
1426	1542
1427	1564
1428	1576
1429	1579
1430	1583
1431	1588
1432	1589
1433	1594
1434	1601
1435	1615
1436	1622
1437	1632
1438	1640
1439	1643
1440	1644
1441	1652
1442	1661
1443	1673
1444	1680
1445	1691
1446	1691
1447	1695
1448	1707
1449	1712
1450	1713
1451	1723
1452	1736
1453	1740
1454	1753
1455	1761
1456	1770
1457	1777
1458	1784
1459	1795
1460	1798
1461	1805
1462	1816
1463	1826
1464	1832
1465	1840
1466	1848
1467	1851
1468	1855
1469	1864
1470	1873
1471	1887
1472	1898
1473	1907
1474	1914
1475	1917
1476	1921
1477	1933
1478	1938
1479	1945
1480	1954
1481	1954
1482	1959
1483	1977
1484	1987
1485	1998
1486	2006
1487	2022
1488	2025
1489	2033
1490	2039
1491	2049
1492	2057
1493	2068
1494	2078
1495	2082
1496	2090
1497	2103
1498	2110
1499	2117
1500	2121
1501	2128
1502	2132
1503	2136
1504	2139
1505	2150
1506	2164
1507	2178
1508	2182
1509	2186
1510	2196
1511	2202
1512	2217
1513	2222
1514	2231
1515	2240
1516	2246
1517	2252
1518	2264
1519	2271
1520	2286
1521	2300
1522	2309
1523	2316
1524	2318
1525	2331
1526	2344
1527	2356
1528	2364
1529	2370
1530	2377
1531	2380
1532	2390
1533	2402
1534	2419
1535	2428
1536	2438
1537	2445
1538	2458
1539	2477
1540	2488
1541	2502
1542	2512
1543	2516
1544	2519
1545	2524
1546	2531
1547	2546
1548	2555
1549	2570
1550	2580
1551	2589
1552	2597
1553	2610
1554	2623
1555	2633
1556	2655
1557	2666
1558	2670
1559	2676
1560	2694
1561	2703
1562	2728
1563	2746
1564	2762
1565	2771
1566	2776
1567	2780
1568	2791
1569	2808
1570	2830
1571	2850
1572	2863
1573	2868
1574	2884
1575	2898
1576	2908
1577	2919
1578	2929
1579	2935
1580	2942
1581	2962
1582	2972
1583	2978
1584	2992
1585	3007
1586	3016
1587	3027
1588	3054
1589	3086
1590	3101
1591	3113
1592	3127
1593	3139
1594	3168
1595	3181
1596	3197
1597	3222
1598	3237
1599	3256
1600	3265
1601	3279
1602	3299
1603	3317
1604	3335
1605	3351
1606	3367
1607	3385
1608	3397
1609	3417
1610	3437
1611	3438
1612	3448
1613	3454
1614	3458
1615	3468
1616	3484
1617	3498
1618	3516
1619	3525
1620	3534
1621	3542
1622	3554
1623	3561
1624	3571
1625	3581
1626	3602
1627	3614
1628	3622
1629	3628
1630	3639
1631	3652
1632	3663
1633	3678
1634	3686
1635	3692
1636	3702
1637	3708
1638	3715
1639	3726
1640	3740
1641	3748
1642	3760
1643	3769
1644	3779
1645	3790
1646	3810
1647	3826
1648	3843
1649	3857
1650	3878
1651	3899
1652	3913
1653	3934
1654	3946
1655	3955
1656	3964
1657	3974
1658	3985
1659	3997
1660	4008
1661	4013
1662	4020
1663	4022
1664	4037
1665	4045
1666	4049
1667	4056
1668	4069
1669	4089
1670	4098
1671	4107
1672	4122
1673	4143
1674	4159
1675	4178
1676	4193
1677	4206
1678	4221
1679	4236
1680	4251
1681	4265
1682	4282
1683	4303
1684	4311
1685	4323
1686	4340
1687	4355
1688	4368
1689	4372
1690	4387
1691	4395
1692	4399
1693	4406
1694	4410
1695	4422
1696	4430
1697	4437
1698	4445
1699	4457
1700	4465
1701	4470
1702	4486
1703	4494
1704	4510
1705	4519
1706	4533
1707	4544
1708	4563
1709	4585
1710	4609
1711	4629
1712	4638
1713	4645
1714	4660
1715	4674
1716	4684
1717	4697
1718	4709
1719	4716
1720	4728
1721	4736
1722	4756
1723	4770
1724	4787
1725	4797
1726	4810
1727	4816
1728	4830
1729	4860
1730	4878
1731	4891
1732	4908
1733	4922
1734	4936
1735	4952
1736	4986
1737	4998
1738	5017
1739	5035
1740	5053
1741	5060
1742	5075
1743	5104
1744	5136
1745	5158
1746	5186
1747	5206
1748	5215
1749	5252
1750	5278
1751	5298
1752	5321
1753	5347
1754	5377
1755	5392
1756	5412
1757	5429
1758	5450
1759	5481
1760	5511
1761	5527
1762	5549
1763	5595
1764	5634
1765	5686
1766	5716
1767	5749
1768	5760
1769	5789
1770	5811
1771	5836
1772	5873
1773	5902
1774	5929
1775	5940
1776	5958
1777	5999
1778	6019
1779	6049
1780	6077
1781	6107
1782	6131
1783	6141
1784	6149
1785	6169
1786	6202
1787	6226
1788	6247
1789	6261
1790	6270
1791	6283
1792	6318
1793	6340
1794	6363
1795	6400
1796	6421
1797	6436
1798	6466
1799	6499
1800	6527
1801	6549
1802	6580
1803	6587
1804	6603
1805	6653
1806	6690
1807	6722
1808	6760
1809	6791
1810	6814
1811	6829
1812	6857
1813	6892
1814	6916
1815	6937
1816	6950
1817	6962
1818	6980
1819	7015
1820	7051
1821	7082
1822	7115
1823	7143
1824	7160
1825	7173
1826	7199
1827	7242
1828	7282
1829	7317
1830	7359
1831	7379
1832	7389
1833	7417
1834	7447
1835	7491
1836	7518
1837	7548
1838	7566
1839	7583
1840	7616
1841	7641
1842	7663
1843	7699
1844	7722
1845	7738
1846	7759
1847	7786
1848	7810
1849	7838
1850	7869
1851	7896
1852	7908
1853	7919
1854	7939
1855	7969
1856	7995
1857	8026
1858	8057
1859	8080
1860	8107
1861	8140
1862	8175
1863	8217
1864	8262
1865	8290
1866	8312
1867	8331
1868	8370
1869	8407
1870	8434
1871	8462
1872	8494
1873	8512
1874	8528
1875	8566
1876	8611
1877	8648
1878	8673
1879	8701
1880	8720
1881	8741
1882	8768
1883	8798
1884	8824
1885	8845
1886	8872
1887	8887
1888	8893
1889	8926
1890	8973
1891	9018
1892	9058
1893	9081
1894	9095
1895	9124
1896	9156
1897	9191
1898	9226
1899	9247
1900	9277
1901	9303
1902	9326
1903	9364
1904	9412
1905	9434
1906	9477
1907	9501
1908	9525
1909	9550
1910	9601
1911	9632
1912	9669
1913	9708
1914	9741
1915	9770
1916	9804
1917	9834
1918	9869
1919	9900
1920	9929
1921	9968
1922	9985
1923	10002
1924	10035
1925	10056
1926	10100
1927	10136
1928	10176
1929	10189
1930	10205
1931	10248
1932	10290
1933	10327
1934	10351
1935	10394
1936	10406
1937	10428
1938	10463
1939	10511
1940	10568
1941	10590
1942	10625
1943	10641
1944	10664
1945	10693
1946	10721
1947	10759
1948	10794
1949	10833
1950	10852
1951	10875
1952	10909
1953	10956
1954	10998
1955	11052
1956	11085
1957	11101
1958	11122
1959	11139
1960	11163
1961	11194
1962	11230
1963	11259
1964	11286
1965	11312
1966	11374
1967	11433
1968	11469
1969	11525
1970	11570
1971	11600
1972	11627
1973	11681
1974	11715
1975	11757
1976	11792
1977	11822
1978	11841
1979	11870
1980	11919
1981	11955
1982	12011
1983	12059
1984	12115
1985	12136
1986	12167
1987	12207
1988	12258
1989	12311
1990	12368
1991	12412
1992	12443
1993	12483
1994	12524
1995	12574
1996	12633
1997	12676
1998	12730
1999	12750
2000	12776
2001	12822
2002	12869
2003	12922
2004	12964
2005	12996
2006	13024
2007	13051
2008	13089
2009	13143
2010	13218
2011	13269
2012	13322
2013	13347
2014	13379
2015	13423
2016	13474
2017	13532
2018	13600
2019	13645
2020	13671
2021	13706
2022	13764
2023	13822
2024	13894
2025	13962
2026	14019
2027	14052
2028	14086
2029	14157
2030	14216
2031	14259
2032	14300
2033	14329
2034	14359
2035	14394
2036	14477
2037	14538
2038	14610
2039	14666
2040	14716
2041	14753
2042	14784
2043	14840
2044	14888
2045	14937
2046	14985
2047	15023
2048	15047
2049	15081
2050	15110
2051	15143
2052	15187
2053	15222
2054	15254
2055	15272
2056	15293
2057	15315
2058	15338
2059	15347
2060	15367
2061	15395
2062	15420
2063	15437
2064	15468
2065	15499
2066	15510
2067	15549
2068	15586
2069	15614
2070	15642
2071	15684
2072	15730
2073	15818
2074	15865
2075	15919
2076	15970
2077	16203
2078	16464
2079	16595
2080	16652
2081	16739
2082	16853
2083	16906
2084	16961
2085	17043
2086	17130
2087	17186
2088	17243
2089	17295
2090	17336
2091	17372
2092	17404
2093	17445
2094	17496
2095	17575
2096	17646
2097	17692
2098	17731
2099	17790
2100	17851
2101	17919
2102	18111
2103	18220
2104	18286
2105	18354
2106	18444
2107	18515
2108	18584
2109	18648
2110	18702
2111	18733
2112	18766
2113	18822
2114	18889
2115	18964
2116	19010
2117	19064
2118	19113
2119	19156
2120	19238
2121	19324
2122	19413
2123	19478
2124	19552
2125	19582
2126	19627
2127	19690
2128	19762
2129	19827
2130	19910
2131	19976
2132	20016
2133	20059
2134	20126
2135	20202
2136	21361
2137	25438
2138	25504
2139	25534
2140	25571
2141	25638
2142	25736
2143	25864
2144	25940
2145	26014
2146	26052
2147	26107
2148	26156
2149	26245
2150	26306
2151	26378
2152	26425
2153	26458
2154	26498
2155	26559
2156	26635
2157	26714
2158	26782
2159	26852
2160	26889
2161	26934
2162	27026
2163	27173
2164	27307
2165	27483
2166	27652
2167	27800
2168	27954
2169	28121
2170	28343
2171	28566
2172	28798
2173	29046
2174	29222
2175	29529
2176	30036
2177	30624
2178	31261
2179	31917
2180	32640
2181	33574
2182	35452
2183	35700
2184	35841
2185	35958
2186	36078
2187	36173
2188	36219
2189	36270
2190	36458
2191	36857
2192	37293
2193	37738
2194	38263
2195	38988
2196	39867
2197	40109
2198	40383
2199	40639
2200	40778
2201	40885
2202	41022
2203	41360
2204	41872
2205	42362
2206	42869
2207	43485
2208	44096
2209	44948
2210	46569
2211	46733
2212	46835
2213	46913
2214	46985
2215	47045
2216	47097
2217	47147
2218	47320
2219	47596
2220	47885
2221	48265
2222	48618
2223	48994
2224	49599
2225	49761
2226	49951
2227	50180
2228	50379
2229	50579
2230	50803
2231	51078
2232	51494
2233	51993
2234	52496
2235	53127
2236	53770
2237	54608
2238	56070
2239	56202
2240	56279
2241	56367
2242	56435
2243	56497
2244	56523
2245	56575
2246	56633
2247	56692
2248	56746
2249	56802
2250	56842
2251	56879
2252	56920
2253	57098
2254	57332
2255	57607
2256	57986
2257	58348
2258	58820
2259	59509
2260	59665
2261	59862
2262	60052
2263	60274
2264	60492
2265	60691
2266	60970
2267	61380
2268	61887
2269	62447
2270	63083
2271	63723
2272	64596
2273	66142
2274	66219
2275	66279
2276	66369
2277	66443
2278	66493
2279	66541
2280	66623
2281	66791
2282	67025
2283	67291
2284	67594
2285	67904
2286	68285
2287	68860
2288	69041
2289	69203
2290	69368
2291	69557
2292	69761
2293	69966
2294	70233
2295	70595
2296	71034
2297	71483
2298	72010
2299	72618
2300	73469
2301	74967
2302	75038
2303	75117
2304	75199
2305	75283
2306	75350
2307	75399
2308	75424
2309	75505
2310	75588
2311	75682
2312	75770
2313	75841
2314	75905
2315	76036
2316	76120
2317	76219
2318	76307
2319	76418
2320	76532
2321	76636
2322	76784
2323	77059
2324	77481
2325	77958
2326	78469
2327	79042
2328	79852
2329	81480
2330	81580
2331	81685
2332	81761
2333	81842
2334	81929
2335	81969
2336	82017
2337	82119
2338	82221
2339	82302
2340	82392
2341	82463
2342	82511
2343	82560
2344	82688
2345	82896
2346	83109
2347	83294
2348	83542
2349	83784
2350	84175
2351	84306
2352	84491
2353	84645
2354	84784
2355	84902
2356	85058
2357	85300
2358	85736
2359	86101
2360	86582
2361	87032
2362	87533
2363	88188
2364	89464
2365	89551
2366	89629
2367	89707
2368	89796
2369	89870
2370	89934
2371	89988
2372	90105
2373	90246
2374	90386
2375	90475
2376	90588
2377	90671
2378	90827
2379	90974
2380	91147
2381	91339
2382	91544
2383	91775
2384	91995
2385	92274
2386	92653
2387	93090
2388	93560
2389	94088
2390	94599
2391	95318
2392	96803
2393	96941
2394	97097
2395	97189
2396	97259
2397	97351
2398	97405
2399	97471
2400	97618
2401	97834
2402	98076
2403	98364
2404	98649
2405	98997
2406	99528
2407	99717
2408	99904
2409	100127
2410	100380
2411	100606
2412	100855
2413	101174
2414	101578
2415	102017
2416	102578
2417	103232
2418	103882
2419	104776
2420	106585
2421	106763
2422	106915
2423	106982
2424	107053
2425	107126
2426	107184
2427	107267
2428	107362
2429	107429
2430	107493
2431	107529
2432	107607
2433	107666
2434	107743
2435	107844
2436	108013
2437	108271
2438	108521
2439	108742
2440	108972
2441	109672
2442	109956
2443	110352
2444	110698
2445	111054
2446	111465
2447	111771
2448	112161
2449	112786
2450	113482
2451	114149
2452	114994
2453	115749
2454	116852
2455	118786
2456	118994
2457	119173
2458	119350
2459	119529
2460	119672
2461	119788
2462	119926
2463	120111
2464	120358
2465	120573
2466	120783
2467	121043
2468	121283
2469	121632
2470	121865
2471	122100
2472	122427
2473	122729
2474	123028
2475	123259
2476	123609
2477	124101
2478	124610
2479	125139
2480	125839
2481	126666
2482	127923
2483	129706
2484	129870
2485	130035
2486	130244
2487	130390
2488	130527
2489	130628
2490	130751
2491	130930
2492	131206
2493	131527
2494	131798
2495	131999
2496	132223
2497	132515
2498	132699
2499	132961
2500	133255
2501	133549
2502	133833
2503	134123
2504	134528
2505	135138
2506	135781
2507	136375
2508	136984
2509	137623
2510	138479
2511	139936
2512	140113
2513	140283
2514	140461
2515	140647
2516	141588
2517	141677
2518	141788
2519	141911
2520	142035
2521	142226
2522	142408
2523	142524
2524	142605
2525	142653
2526	142801
2527	142990
2528	143214
2529	143428
2530	143656
2531	143890
2532	144210
2533	144386
2534	144595
2535	144864
2536	145154
2537	145420
2538	145621
2539	145925
2540	146687
2541	147200
2542	147717
2543	148304
2544	148920
2545	149775
2546	151167
2547	151354
2548	151608
2549	151804
2550	152007
2551	152153
2552	152246
2553	152344
2554	152500
2555	152702
2556	152924
2557	153181
2558	153580
2559	154078
2560	154804
2561	155078
2562	155400
2563	155704
2564	155922
2565	156176
2566	156405
2567	156697
2568	157182
2569	157735
2570	158303
2571	158979
2572	159675
2573	160472
2574	161796
2575	161922
2576	162075
2577	162230
2578	162422
2579	162637
2580	162736
2581	162842
2582	163007
2583	163222
2584	163462
2585	163695
2586	163930
2587	164097
2588	164365
2589	164605
2590	164873
2591	165122
2592	165371
2593	165611
2594	165807
2595	166087
2596	166570
2597	167171
2598	167821
2599	168589
2600	169495
2601	170608
2602	172875
2603	173130
2604	173362
2605	173607
2606	173815
2607	173955
2608	174049
2609	174165
2610	174299
2611	174481
2612	174613
2613	174762
2614	174833
2615	174863
2616	174905
2617	175057
2618	175324
2619	175629
2620	175988
2621	176345
2622	176726
2623	177414
2624	177595
2625	177815
2626	178048
2627	178274
2628	178534
2629	178735
2630	179035
2631	179559
2632	180151
2633	180822
2634	181537
2635	182308
2636	183316
2637	185368
2638	185502
2639	185635
2640	185792
2641	185937
2642	186005
2643	186101
2644	186192
2645	186391
2646	186688
2647	186992
2648	187349
2649	187742
2650	188174
2651	188817
2652	189030
2653	189245
2654	189453
2655	189680
2656	189919
2657	190103
2658	190355
2659	190782
2660	191236
2661	191752
2662	192360
2663	193016
2664	193903
2665	195638
2666	195784
2667	195940
2668	196094
2669	196243
2670	196371
2671	196465
2672	196550
2673	196635
2674	196776
2675	196898
2676	197008
2677	197132
2678	197196
2679	197260
2680	197439
2681	197695
2682	198015
2683	198372
2684	198733
2685	199172
2686	199823
2687	200027
2688	200238
2689	200508
2690	200731
2691	200956
2692	201131
2693	201417
2694	201853
2695	202298
2696	202814
2697	203380
2698	203977
2699	204813
2700	206563
2701	206741
2702	206896
2703	207065
2704	207213
2705	207416
2706	207567
2707	207735
2708	208061
2709	208285
2710	208431
2711	208565
2712	208623
2713	208663
2714	208766
2715	208855
2716	209065
2717	209246
2718	209457
2719	209604
2720	209682
2721	209808
2722	210026
2723	210311
2724	210745
2725	211237
2726	211684
2727	212104
2728	212738
2729	212790
2730	212835
2731	212908
2732	212954
2733	212995
2734	213017
2735	213042
2736	213111
2737	213253
2738	213434
2739	213647
2740	213872
2741	214060
2742	214400
2743	214521
2744	214684
2745	214772
2746	214834
2747	214890
2748	214955
2749	215037
2750	215160
2751	215418
2752	215642
2753	215893
2754	216093
2755	216241
2756	216327
2757	216438
2758	216507
2759	216564
2760	216645
2761	216720
2762	216806
2763	216906
2764	217020
2765	217147
2766	217269
2767	217338
2768	217445
2769	217526
2770	217610
2771	217693
2772	217816
2773	218042
2774	218210
2775	218361
2776	218529
2777	218827
2778	218890
2779	218964
2780	219298
2781	219383
2782	219465
2783	219524
2784	219632
2785	219813
2786	219994
2787	220221
2788	220427
2789	220597
2790	220897
2791	221401
2792	221453
2793	221480
2794	221494
2795	221511
2796	221523
2797	221542
2798	221557
2799	221583
2800	221648
2801	221747
2802	221974
2803	222150
2804	222333
2805	222630
2806	222782
2807	222856
2808	222931
2809	223007
2810	223062
