1	1
2	1
3	1
4	1
5	1
6	1
7	2
8	2
9	2
10	2
11	2
12	2
13	2
14	2
15	2
16	2
17	2
18	2
19	2
20	2
21	2
22	2
23	2
24	2
25	2
26	2
27	2
28	2
29	2
30	2
31	2
32	2
33	2
34	2
35	2
36	2
37	2
38	2
39	2
40	2
41	2
42	2
43	2
44	2
45	2
46	2
47	2
48	2
49	2
50	2
51	2
52	2
53	2
54	2
55	2
56	2
57	2
58	2
59	2
60	2
61	2
62	2
63	2
64	2
65	2
66	2
67	2
68	2
69	2
70	2
71	2
72	2
73	2
74	2
75	2
76	2
77	2
78	2
79	2
80	2
81	2
82	2
83	2
84	2
85	2
86	2
87	2
88	2
89	2
90	2
91	2
92	2
93	2
94	2
95	2
96	2
97	2
98	2
99	2
100	2
101	2
102	2
103	2
104	2
105	2
106	2
107	2
108	2
109	2
110	2
111	2
112	2
113	2
114	2
115	2
116	2
117	2
118	2
119	2
120	2
121	2
122	2
123	2
124	2
125	2
126	2
127	2
128	2
129	2
130	2
131	2
132	2
133	2
134	2
135	2
136	2
137	2
138	2
139	2
140	2
141	2
142	2
143	2
144	2
145	2
146	2
147	2
148	2
149	2
150	2
151	2
152	2
153	2
154	2
155	2
156	2
157	2
158	2
159	2
160	2
161	2
162	2
163	2
164	2
165	2
166	2
167	2
168	2
169	2
170	2
171	2
172	2
173	2
174	2
175	2
176	2
177	2
178	2
179	2
180	2
181	2
182	2
183	2
184	2
185	2
186	2
187	2
188	2
189	2
190	2
191	2
192	2
193	2
194	2
195	2
196	2
197	2
198	2
199	2
200	2
201	2
202	2
203	2
204	2
205	2
206	2
207	2
208	2
209	2
210	2
211	2
212	2
213	2
214	2
215	2
216	2
217	2
218	2
219	2
220	2
221	2
222	2
223	2
224	2
225	2
226	2
227	2
228	2
229	2
230	2
231	2
232	2
233	2
234	2
235	2
236	2
237	2
238	2
239	2
240	2
241	2
242	2
243	2
244	2
245	2
246	2
247	2
248	2
249	2
250	2
251	2
252	2
253	2
254	2
255	2
256	2
257	2
258	2
259	2
260	2
261	2
262	2
263	2
264	2
265	2
266	2
267	2
268	2
269	2
270	2
271	2
272	2
273	2
274	2
275	2
276	2
277	2
278	2
279	3
280	3
281	3
282	3
283	3
284	3
285	3
286	4
287	4
288	4
289	4
290	4
291	4
292	4
293	4
294	4
295	4
296	4
297	4
298	4
299	4
300	4
301	4
302	4
303	4
304	4
305	4
306	4
307	4
308	4
309	4
310	4
311	4
312	4
313	4
314	4
315	4
316	4
317	4
318	4
319	4
320	4
321	5
322	5
323	5
324	5
325	5
326	5
327	5
328	5
329	5
330	5
331	5
332	5
333	5
334	5
335	5
336	5
337	5
338	5
339	5
340	5
341	5
342	5
343	5
344	5
345	5
346	5
347	5
348	5
349	5
350	5
351	5
352	5
353	5
354	5
355	5
356	5
357	5
358	5
359	5
360	5
361	5
362	5
363	5
364	5
365	5
366	5
367	5
368	5
369	5
370	5
371	5
372	5
373	5
374	5
375	5
376	5
377	5
378	5
379	5
380	5
381	5
382	5
383	5
384	5
385	5
386	5
387	5
388	5
389	5
390	5
391	5
392	5
393	5
394	5
395	5
396	5
397	5
398	5
399	5
400	5
401	5
402	6
403	6
404	6
405	6
406	6
407	6
408	6
409	6
410	6
411	6
412	6
413	6
414	6
415	6
416	6
417	6
418	6
419	6
420	6
421	6
422	6
423	6
424	6
425	6
426	6
427	6
428	6
429	6
430	6
431	6
432	6
433	6
434	6
435	6
436	6
437	6
438	6
439	6
440	6
441	6
442	6
443	6
444	6
445	6
446	6
447	6
448	6
449	6
450	6
451	6
452	6
453	6
454	6
455	6
456	6
457	6
458	6
459	6
460	6
461	6
462	6
463	6
464	6
465	6
466	6
467	6
468	6
469	6
470	6
471	6
472	6
473	6
474	7
475	7
476	7
477	7
478	7
479	7
480	7
481	7
482	7
483	7
484	7
485	7
486	7
487	7
488	7
489	7
490	7
491	7
492	7
493	7
494	7
495	7
496	7
497	7
498	7
499	7
500	7
501	7
502	7
503	7
504	7
505	7
506	7
507	7
508	7
509	7
510	7
511	7
512	7
513	7
514	8
515	8
516	8
517	8
518	8
519	8
520	8
521	8
522	8
523	8
524	8
525	10
526	10
527	10
528	10
529	10
530	10
531	10
532	10
533	10
534	10
535	10
536	10
537	10
538	10
539	10
540	10
541	10
542	10
543	10
544	11
545	11
546	11
547	12
548	12
549	12
550	12
551	14
552	15
553	15
554	15
555	16
556	16
557	16
558	16
559	16
560	16
561	17
562	17
563	17
564	17
565	17
566	17
567	17
568	17
569	17
570	17
571	17
572	17
573	17
574	17
575	17
576	17
577	17
578	17
579	17
580	18
581	18
582	18
583	18
584	18
585	18
586	18
587	18
588	18
589	18
590	18
591	18
592	18
593	18
594	18
595	18
596	18
597	18
598	18
599	18
600	18
601	18
602	18
603	18
604	18
605	18
606	18
607	18
608	18
609	18
610	18
611	18
612	18
613	18
614	18
615	18
616	18
617	19
618	19
619	19
620	19
621	19
622	19
623	20
624	20
625	20
626	20
627	20
628	20
629	20
630	20
631	20
632	20
633	20
634	20
635	21
636	21
637	21
638	21
639	21
640	21
641	21
642	21
643	21
644	21
645	21
646	21
647	21
648	21
649	21
650	21
651	21
652	21
653	21
654	21
655	21
656	21
657	21
658	21
659	21
660	21
661	21
662	21
663	21
664	21
665	21
666	21
667	21
668	21
669	21
670	21
671	21
672	21
673	21
674	21
675	21
676	21
677	21
678	21
679	21
680	21
681	21
682	21
683	21
684	21
685	21
686	21
687	21
688	21
689	21
690	21
691	21
692	21
693	21
694	21
695	21
696	21
697	21
698	21
699	21
700	21
701	21
702	21
703	21
704	21
705	21
706	21
707	21
708	22
709	22
710	22
711	22
712	22
713	22
714	22
715	22
716	22
717	22
718	22
719	22
720	22
721	22
722	22
723	23
724	23
725	23
726	23
727	23
728	23
729	23
730	23
731	23
732	24
733	24
734	24
735	24
736	24
737	24
738	24
739	24
740	24
741	24
742	24
743	24
744	24
745	24
746	24
747	24
748	24
749	24
750	24
751	24
752	24
753	24
754	24
755	24
756	24
757	24
758	24
759	24
760	24
761	24
762	24
763	24
764	24
765	24
766	24
767	24
768	24
769	24
770	24
771	24
772	25
773	25
774	25
775	25
776	25
777	25
778	25
779	26
780	26
781	26
782	26
783	27
784	27
785	27
786	27
787	27
788	27
789	27
790	27
791	28
792	28
793	28
794	29
795	29
796	29
797	29
798	29
799	29
800	29
801	29
802	29
803	29
804	30
805	30
806	30
807	31
808	31
809	31
810	31
811	31
812	31
813	31
814	31
815	31
816	31
817	31
818	31
819	31
820	31
821	32
822	32
823	32
824	32
825	32
826	32
827	32
828	32
829	32
830	32
831	32
832	32
833	32
834	32
835	32
836	32
837	32
838	32
839	32
840	33
841	33
842	34
843	34
844	34
845	35
846	35
847	35
848	35
849	35
850	35
851	35
852	35
853	35
854	36
855	36
856	36
857	36
858	36
859	36
860	37
861	38
862	38
863	38
864	38
865	38
866	39
867	39
868	39
869	39
870	39
871	39
872	39
873	39
874	39
875	39
876	39
877	39
878	40
879	41
880	41
881	42
882	43
883	44
884	44
885	44
886	44
887	45
888	45
889	45
890	45
891	45
892	45
893	45
894	45
895	47
896	47
897	48
898	49
899	49
900	49
901	49
902	49
903	49
904	49
905	49
906	49
907	49
908	49
909	49
910	49
911	50
912	50
913	51
914	51
915	51
916	51
917	51
918	51
919	51
920	51
921	51
922	51
923	52
924	52
925	52
926	52
927	52
928	52
929	54
930	54
931	54
932	54
933	54
934	55
935	55
936	55
937	55
938	55
939	56
940	57
941	57
942	57
943	57
944	58
945	59
946	59
947	59
948	59
949	61
950	61
951	62
952	62
953	62
954	63
955	63
956	64
957	64
958	65
959	65
960	65
961	66
962	66
963	66
964	67
965	67
966	67
967	68
968	68
969	68
970	68
971	68
972	69
973	69
974	70
975	71
976	72
977	72
978	72
979	72
980	72
981	72
982	72
983	72
984	72
985	72
986	72
987	72
988	73
989	75
990	75
991	75
992	76
993	76
994	76
995	77
996	77
997	78
998	79
999	79
1000	79
1001	79
1002	80
1003	81
1004	81
1005	81
1006	81
1007	82
1008	82
1009	83
1010	83
1011	84
1012	84
1013	84
1014	85
1015	85
1016	87
1017	87
1018	87
1019	88
1020	89
1021	89
1022	89
1023	90
1024	90
1025	91
1026	91
1027	91
1028	91
1029	92
1030	93
1031	94
1032	95
1033	97
1034	98
1035	99
1036	99
1037	100
1038	101
1039	101
1040	101
1041	101
1042	102
1043	103
1044	105
1045	105
1046	114
1047	116
1048	116
1049	117
1050	117
1051	118
1052	120
1053	122
1054	123
1055	125
1056	127
1057	128
1058	131
1059	132
1060	133
1061	133
1062	135
1063	137
1064	137
1065	137
1066	138
1067	139
1068	139
1069	139
1070	140
1071	141
1072	143
1073	144
1074	145
1075	145
1076	145
1077	146
1078	150
1079	150
1080	151
1081	153
1082	154
1083	156
1084	156
1085	159
1086	160
1087	162
1088	162
1089	162
1090	163
1091	165
1092	166
1093	167
1094	169
1095	171
1096	174
1097	175
1098	177
1099	180
1100	183
1101	187
1102	189
1103	189
1104	191
1105	194
1106	194
1107	194
1108	200
1109	206
1110	207
1111	209
1112	218
1113	219
1114	223
1115	226
1116	230
1117	235
1118	238
1119	240
1120	242
1121	247
1122	249
1123	249
1124	250
1125	251
1126	254
1127	255
1128	259
1129	259
1130	260
1131	261
1132	262
1133	264
1134	265
1135	265
1136	266
1137	268
1138	270
1139	271
1140	271
1141	272
1142	272
1143	274
1144	276
1145	276
1146	276
1147	276
1148	277
1149	277
1150	277
1151	277
1152	277
1153	277
1154	278
1155	278
1156	279
1157	280
1158	282
1159	286
1160	287
1161	287
1162	290
1163	291
1164	294
1165	294
1166	294
1167	295
1168	295
1169	295
1170	296
1171	296
1172	298
1173	299
1174	299
1175	301
1176	311
1177	316
1178	317
1179	317
1180	317
1181	317
1182	317
1183	321
1184	328
1185	330
1186	332
1187	334
1188	335
1189	336
1190	337
1191	338
1192	338
1193	339
1194	341
1195	341
1196	341
1197	342
1198	343
1199	344
1200	344
1201	345
1202	346
1203	346
1204	346
1205	349
1206	349
1207	350
1208	351
1209	353
1210	354
1211	354
1212	354
1213	354
1214	354
1215	356
1216	356
1217	357
1218	357
1219	359
1220	362
1221	362
1222	363
1223	363
1224	363
1225	364
1226	364
1227	364
1228	365
1229	367
1230	369
1231	373
1232	374
1233	375
1234	375
1235	376
1236	376
1237	376
1238	376
1239	376
1240	376
1241	380
1242	380
1243	383
1244	384
1245	384
1246	386
1247	391
1248	392
1249	393
1250	394
1251	394
1252	394
1253	394
1254	395
1255	398
1256	400
1257	400
1258	401
1259	403
1260	403
1261	404
1262	404
1263	407
1264	408
1265	409
1266	409
1267	410
1268	413
1269	413
1270	414
1271	414
1272	415
1273	418
1274	421
1275	426
1276	427
1277	428
1278	432
1279	435
1280	436
1281	439
1282	442
1283	446
1284	449
1285	451
1286	453
1287	455
1288	457
1289	458
1290	458
1291	462
1292	462
1293	465
1294	468
1295	468
1296	470
1297	472
1298	474
1299	476
1300	476
1301	478
1302	481
1303	481
1304	481
1305	483
1306	489
1307	489
1308	492
1309	493
1310	494
1311	495
1312	497
1313	499
1314	499
1315	500
1316	502
1317	504
1318	505
1319	505
1320	509
1321	511
1322	514
1323	519
1324	519
1325	521
1326	521
1327	522
1328	523
1329	524
1330	525
1331	530
1332	533
1333	533
1334	535
1335	537
1336	537
1337	537
1338	537
1339	543
1340	545
1341	547
1342	554
1343	555
1344	556
1345	561
1346	562
1347	565
1348	565
1349	569
1350	570
1351	570
1352	574
1353	574
1354	574
1355	577
1356	577
1357	579
1358	580
1359	586
1360	589
1361	590
1362	591
1363	592
1364	598
1365	602
1366	603
1367	610
1368	613
1369	615
1370	618
1371	620
1372	621
1373	622
1374	625
1375	626
1376	627
1377	631
1378	634
1379	639
1380	644
1381	654
1382	656
1383	659
1384	665
1385	667
1386	668
1387	677
1388	679
1389	679
1390	680
1391	683
1392	685
1393	689
1394	692
1395	693
1396	696
1397	696
1398	697
1399	699
1400	701
1401	706
1402	707
1403	707
1404	710
1405	712
1406	715
1407	715
1408	719
1409	720
1410	723
1411	724
1412	726
1413	726
1414	727
1415	728
1416	729
1417	730
1418	734
1419	736
1420	741
1421	745
1422	750
1423	753
1424	757
1425	762
1426	763
1427	763
1428	768
1429	769
1430	771
1431	772
1432	775
1433	777
1434	781
1435	781
1436	784
1437	785
1438	787
1439	789
1440	789
1441	791
1442	794
1443	797
1444	800
1445	804
1446	806
1447	809
1448	811
1449	811
1450	815
1451	822
1452	823
1453	825
1454	826
1455	828
1456	828
1457	833
1458	837
1459	838
1460	839
1461	842
1462	842
1463	865
1464	869
1465	871
1466	873
1467	875
1468	875
1469	877
1470	881
1471	881
1472	883
1473	884
1474	885
1475	886
1476	888
1477	890
1478	891
1479	895
1480	895
1481	897
1482	899
1483	902
1484	903
1485	908
1486	912
1487	915
1488	916
1489	917
1490	919
1491	922
1492	924
1493	933
1494	938
1495	941
1496	943
1497	944
1498	946
1499	952
1500	957
1501	962
1502	964
1503	973
1504	974
1505	975
1506	980
1507	983
1508	986
1509	991
1510	992
1511	995
1512	999
1513	1001
1514	1006
1515	1008
1516	1010
1517	1011
1518	1011
1519	1016
1520	1019
1521	1023
1522	1024
1523	1026
1524	1030
1525	1033
1526	1038
1527	1039
1528	1041
1529	1042
1530	1043
1531	1043
1532	1045
1533	1049
1534	1050
1535	1051
1536	1052
1537	1052
1538	1055
1539	1060
1540	1066
1541	1079
1542	1087
1543	1088
1544	1090
1545	1093
1546	1097
1547	1107
1548	1122
1549	1128
1550	1133
1551	1140
1552	1151
1553	1156
1554	1164
1555	1172
1556	1193
1557	1200
1558	1208
1559	1209
1560	1211
1561	1216
1562	1219
1563	1224
1564	1233
1565	1236
1566	1242
1567	1244
1568	1247
1569	1252
1570	1253
1571	1255
1572	1256
1573	1260
1574	1270
1575	1274
1576	1286
1577	1295
1578	1304
1579	1310
1580	1316
1581	1334
1582	1342
1583	1343
1584	1351
1585	1359
1586	1373
1587	1378
1588	1390
1589	1393
1590	1396
1591	1400
1592	1405
1593	1408
1594	1408
1595	1410
1596	1414
1597	1419
1598	1421
1599	1425
1600	1436
1601	1444
1602	1450
1603	1459
1604	1469
1605	1476
1606	1478
1607	1481
1608	1482
1609	1486
1610	1490
1611	1496
1612	1499
1613	1504
1614	1506
1615	1510
1616	1516
1617	1522
1618	1524
1619	1525
1620	1527
1621	1536
1622	1539
1623	1547
1624	1555
1625	1561
1626	1570
1627	1575
1628	1581
1629	1585
1630	1591
1631	1601
1632	1605
1633	1609
1634	1614
1635	1617
1636	1626
1637	1628
1638	1636
1639	1642
1640	1651
1641	1654
1642	1661
1643	1664
1644	1670
1645	1679
1646	1685
1647	1686
1648	1688
1649	1695
1650	1703
1651	1710
1652	1715
1653	1718
1654	1720
1655	1723
1656	1726
1657	1731
1658	1742
1659	1750
1660	1758
1661	1760
1662	1767
1663	1778
1664	1786
1665	1789
1666	1792
1667	1796
1668	1806
1669	1808
1670	1811
1671	1819
1672	1827
1673	1833
1674	1867
1675	1878
1676	1886
1677	1889
1678	1896
1679	1902
1680	1908
1681	1914
1682	1928
1683	1936
1684	1943
1685	1947
1686	1952
1687	1962
1688	1970
1689	1978
1690	1989
1691	2007
1692	2015
1693	2019
1694	2035
1695	2040
1696	2049
1697	2057
1698	2065
1699	2072
1700	2076
1701	2081
1702	2087
1703	2093
1704	2102
1705	2109
1706	2114
1707	2115
1708	2127
1709	2136
1710	2139
1711	2145
1712	2152
1713	2166
1714	2171
1715	2179
1716	2187
1717	2202
1718	2209
1719	2219
1720	2225
1721	2231
1722	2241
1723	2250
1724	2272
1725	2280
1726	2295
1727	2310
1728	2321
1729	2330
1730	2335
1731	2338
1732	2346
1733	2355
1734	2359
1735	2374
1736	2377
1737	2405
1738	2415
1739	2421
1740	2430
1741	2434
1742	2444
1743	2450
1744	2456
1745	2467
1746	2484
1747	2492
1748	2510
1749	2515
1750	2527
1751	2539
1752	2548
1753	2554
1754	2562
1755	2573
1756	2580
1757	2591
1758	2603
1759	2613
1760	2617
1761	2626
1762	2639
1763	2648
1764	2653
1765	2660
1766	2664
1767	2671
1768	2675
1769	2680
1770	2690
1771	2702
1772	2709
1773	2714
1774	2730
1775	2739
1776	2751
1777	2765
1778	2775
1779	2785
1780	2791
1781	2793
1782	2798
1783	2803
1784	2808
1785	2811
1786	2817
1787	2824
1788	2832
1789	2843
1790	2850
1791	2859
1792	2873
1793	2884
1794	2892
1795	2899
1796	2908
1797	2920
1798	2931
1799	2941
1800	2947
1801	2953
1802	2961
1803	2969
1804	2980
1805	2988
1806	2995
1807	3001
1808	3009
1809	3027
1810	3033
1811	3042
1812	3053
1813	3056
1814	3064
1815	3073
1816	3087
1817	3092
1818	3097
1819	3103
1820	3115
1821	3123
1822	3127
1823	3130
1824	3148
1825	3167
1826	3178
1827	3209
1828	3226
1829	3244
1830	3265
1831	3281
1832	3299
1833	3319
1834	3336
1835	3344
1836	3367
1837	3381
1838	3405
1839	3422
1840	3440
1841	3452
1842	3464
1843	3477
1844	3498
1845	3512
1846	3534
1847	3541
1848	3551
1849	3563
1850	3569
1851	3581
1852	3592
1853	3599
1854	3610
1855	3617
1856	3628
1857	3637
1858	3642
1859	3653
1860	3668
1861	3678
1862	3692
1863	3703
1864	3718
1865	3722
1866	3740
1867	3755
1868	3768
1869	3773
1870	3782
1871	3785
1872	3800
1873	3812
1874	3833
1875	3844
1876	3864
1877	3874
1878	3887
1879	3905
1880	3916
1881	3929
1882	3962
1883	3976
1884	3980
1885	3985
1886	3990
1887	4010
1888	4020
1889	4028
1890	4034
1891	4063
1892	4077
1893	4089
1894	4106
1895	4116
1896	4126
1897	4145
1898	4156
1899	4166
1900	4179
1901	4189
1902	4205
1903	4213
1904	4219
1905	4227
1906	4232
1907	4238
1908	4252
1909	4266
1910	4283
1911	4317
1912	4331
1913	4346
1914	4360
1915	4374
1916	4392
1917	4402
1918	4424
1919	4438
1920	4451
1921	4464
1922	4480
1923	4486
1924	4500
1925	4521
1926	4538
1927	4564
1928	4574
1929	4587
1930	4603
1931	4625
1932	4639
1933	4653
1934	4659
1935	4693
1936	4722
1937	4740
1938	4773
1939	4791
1940	4809
1941	4819
1942	4835
1943	4850
1944	4872
1945	4886
1946	4899
1947	4914
1948	4936
1949	4951
1950	4969
1951	4983
1952	5005
1953	5019
1954	5028
1955	5038
1956	5045
1957	5058
1958	5072
1959	5088
1960	5103
1961	5129
1962	5138
1963	5147
1964	5167
1965	5184
1966	5198
1967	5209
1968	5223
1969	5235
1970	5248
1971	5258
1972	5281
1973	5290
1974	5309
1975	5325
1976	5334
1977	5346
1978	5358
1979	5376
1980	5402
1981	5418
1982	5443
1983	5458
1984	5474
1985	5490
1986	5510
1987	5532
1988	5559
1989	5574
1990	5600
1991	5619
1992	5630
1993	5645
1994	5670
1995	5720
1996	5750
1997	5769
1998	5800
1999	5821
2000	5852
2001	5878
2002	5900
2003	5929
2004	5951
2005	5972
2006	5989
2007	6011
2008	6032
2009	6056
2010	6066
2011	6081
2012	6099
2013	6120
2014	6138
2015	6157
2016	6180
2017	6193
2018	6221
2019	6235
2020	6242
2021	6266
2022	6300
2023	6314
2024	6326
2025	6343
2026	6363
2027	6373
2028	6392
2029	6412
2030	6444
2031	6461
2032	6479
2033	6503
2034	6526
2035	6544
2036	6556
2037	6569
2038	6579
2039	6594
2040	6611
2041	6632
2042	6647
2043	6670
2044	6690
2045	6706
2046	6722
2047	6739
2048	6763
2049	6788
2050	6809
2051	6823
2052	6839
2053	6858
2054	6880
2055	6888
2056	6905
2057	6923
2058	6942
2059	6956
2060	6979
2061	7001
2062	7017
2063	7033
2064	7044
2065	7063
2066	7075
2067	7091
2068	7105
2069	7118
2070	7130
2071	7143
2072	7159
2073	7176
2074	7186
2075	7198
2076	7212
2077	7226
2078	7253
2079	7277
2080	7299
2081	7317
2082	7342
2083	7360
2084	7389
2085	7411
2086	7434
2087	7451
2088	7463
2089	7482
2090	7503
2091	7518
2092	7533
2093	7552
2094	7573
2095	7596
2096	7618
2097	7639
2098	7656
2099	7679
2100	7701
2101	7728
2102	7751
2103	7777
2104	7806
2105	7830
2106	7859
2107	7880
2108	7911
2109	7936
2110	7962
2111	7990
2112	8011
2113	8044
2114	8085
2115	8112
2116	8131
2117	8168
2118	8193
2119	8204
2120	8240
2121	8271
2122	8379
2123	8416
2124	8444
2125	8468
2126	8495
2127	8533
2128	8559
2129	8584
2130	8603
2131	8634
2132	8658
2133	8701
2134	8726
2135	8766
2136	8811
2137	8846
2138	8894
2139	8958
2140	9014
2141	9077
2142	9128
2143	9183
2144	9233
2145	9289
2146	9329
2147	9366
2148	9401
2149	9433
2150	9459
2151	9494
2152	9531
2153	9558
2154	9587
2155	9624
2156	9661
2157	9684
2158	9728
2159	9754
2160	9793
2161	9829
2162	9868
2163	9892
2164	9938
2165	9987
2166	10039
2167	10082
2168	10136
2169	10188
2170	10241
2171	10303
2172	10377
2173	10438
2174	10483
2175	10540
2176	10611
2177	10670
2178	10702
2179	10736
2180	10759
2181	10811
2182	10845
2183	10889
2184	10918
2185	10956
2186	11003
2187	11072
2188	11125
2189	11195
2190	11282
2191	11337
2192	11387
2193	11452
2194	11507
2195	11563
2196	11650
2197	11714
2198	11774
2199	11843
2200	11896
2201	11964
2202	12003
2203	12054
2204	12096
2205	12146
2206	12202
2207	12241
2208	12274
2209	12312
2210	12346
2211	12385
2212	12440
2213	12488
2214	12524
2215	12560
2216	12600
2217	12647
2218	12695
2219	12732
2220	12763
2221	12798
2222	12838
2223	12876
2224	12925
2225	12953
2226	13005
2227	13054
2228	13084
2229	13122
2230	13170
2231	13205
2232	13223
2233	13257
2234	13284
2235	13339
2236	13418
2237	13493
2238	13543
2239	13616
2240	13666
2241	13725
2242	13764
2243	13794
2244	13831
2245	13852
2246	13894
2247	13941
2248	13983
2249	14022
2250	14061
2251	14090
2252	14117
2253	14163
2254	14230
2255	14270
2256	14316
2257	14369
2258	14430
2259	14485
2260	14552
2261	14607
2262	14656
2263	14681
2264	14719
2265	14763
2266	14810
2267	14853
2268	14920
2269	14983
2270	15037
2271	15083
2272	15126
2273	15176
2274	15226
2275	15287
2276	15341
2277	15393
2278	15468
2279	15507
2280	15592
2281	15671
2282	15720
2283	15771
2284	15830
2285	15881
2286	15924
2287	15989
2288	16019
2289	16067
2290	16114
2291	16171
2292	16210
2293	16244
2294	16289
2295	16327
2296	16361
2297	16410
2298	16452
2299	16510
2300	16555
2301	16602
2302	16651
2303	16700
2304	16742
2305	16792
2306	16832
2307	16903
2308	16953
2309	16994
2310	17030
2311	17074
2312	17132
2313	17211
2314	17278
2315	17331
2316	17400
2317	17464
2318	17510
2319	17552
2320	17645
2321	17711
2322	17768
2323	17833
2324	17879
2325	17954
2326	17990
2327	18039
2328	18096
2329	18151
2330	18215
2331	18271
2332	18339
2333	18407
2334	18453
2335	18498
2336	18537
2337	18584
2338	18641
2339	18697
2340	18736
2341	18773
2342	18819
2343	18864
2344	18933
2345	19000
2346	19042
2347	19088
2348	19121
2349	19161
2350	19203
2351	19262
2352	19379
2353	19443
2354	19528
2355	19599
2356	19654
2357	19714
2358	19779
2359	19846
2360	19925
2361	19992
2362	20045
2363	20091
2364	20133
2365	20185
2366	20227
2367	20290
2368	20333
2369	20366
2370	20396
2371	20424
2372	20461
2373	20518
2374	20564
2375	20601
2376	20637
2377	20683
2378	20733
2379	20784
2380	20825
2381	20861
2382	20906
2383	20955
2384	20998
2385	21042
2386	21105
2387	21138
2388	21180
2389	21224
2390	21255
2391	21306
2392	21348
2393	21395
2394	21446
2395	21487
2396	21510
2397	21556
2398	21610
2399	21660
2400	21697
2401	21738
2402	21777
2403	21835
2404	21885
2405	21925
2406	21969
2407	22023
2408	22069
2409	22109
2410	22143
2411	22189
2412	22251
2413	22293
2414	22345
2415	22403
2416	22443
2417	22481
2418	22519
2419	22584
2420	22633
2421	22687
2422	22755
2423	22803
2424	22857
2425	22914
2426	22961
2427	23019
2428	23066
2429	23112
2430	23160
2431	23204
2432	23253
2433	23316
2434	23366
2435	23414
2436	23455
2437	23520
2438	23567
2439	23614
2440	23660
2441	23700
2442	23747
2443	23792
2444	23837
2445	23880
2446	23926
2447	23979
2448	24027
2449	24075
2450	24128
2451	24182
2452	24238
2453	24294
2454	24326
2455	24384
2456	24439
2457	24505
2458	24559
2459	24612
2460	24678
2461	24743
2462	24795
2463	24849
2464	24899
2465	24935
2466	24959
2467	24972
2468	24996
2469	25034
2470	25078
2471	25133
2472	25177
2473	25206
2474	25223
2475	25242
2476	25271
2477	25306
2478	25349
2479	25394
2480	25447
2481	25476
2482	25502
2483	25537
2484	25572
2485	25617
2486	25655
2487	25668
2488	25690
2489	25705
2490	25726
2491	25780
2492	25812
2493	25847
2494	25883
2495	25904
2496	25928
2497	25956
2498	26006
2499	26030
2500	26056
2501	26076
2502	26102
2503	26119
2504	26147
2505	26191
2506	26232
2507	26265
2508	26290
2509	26316
2510	26353
2511	26391
2512	26426
2513	26450
2514	26481
2515	26513
2516	26558
2517	26620
2518	26666
2519	26708
2520	26750
2521	26781
2522	26816
2523	26865
2524	26910
2525	26944
2526	26970
2527	27011
2528	27038
2529	27071
2530	27093
2531	27113
2532	27127
2533	27146
2534	27181
2535	27210
2536	27233
2537	27244
2538	27253
2539	27270
2540	27284
2541	27311
2542	27342
2543	27355
2544	27371
2545	27399
2546	27425
2547	27454
2548	27479
2549	27500
2550	27523
2551	27546
2552	27570
2553	27593
2554	27614
2555	27638
2556	27669
2557	27697
2558	27728
2559	27754
2560	27904
2561	27947
2562	27973
2563	27997
2564	28027
