1	1
2	1
3	1
4	1
5	1
6	1
7	1
8	1
9	1
10	1
11	1
12	1
13	1
14	1
15	1
16	1
17	1
18	1
19	1
20	1
21	1
22	1
23	1
24	1
25	1
26	1
27	1
28	1
29	1
30	1
31	1
32	1
33	1
34	1
35	1
36	1
37	1
38	1
39	1
40	1
41	1
42	1
43	1
44	1
45	1
46	1
47	1
48	1
49	1
50	1
51	1
52	1
53	1
54	1
55	1
56	1
57	1
58	1
59	1
60	1
61	1
62	1
63	1
64	1
65	1
66	1
67	1
68	1
69	1
70	1
71	1
72	1
73	1
74	1
75	1
76	1
77	1
78	1
79	1
80	1
81	1
82	1
83	1
84	1
85	1
86	1
87	1
88	1
89	1
90	1
91	1
92	1
93	1
94	1
95	1
96	1
97	1
98	1
99	1
100	1
101	1
102	1
103	1
104	1
105	1
106	1
107	1
108	1
109	1
110	1
111	1
112	1
113	1
114	1
115	1
116	1
117	1
118	1
119	1
120	1
121	1
122	1
123	1
124	1
125	1
126	1
127	1
128	1
129	1
130	1
131	1
132	1
133	1
134	1
135	1
136	1
137	1
138	1
139	1
140	1
141	1
142	1
143	1
144	1
145	1
146	1
147	1
148	1
149	1
150	1
151	1
152	1
153	1
154	1
155	1
156	1
157	1
158	1
159	1
160	1
161	1
162	1
163	1
164	1
165	1
166	1
167	1
168	1
169	1
170	2
171	2
172	2
173	2
174	2
175	2
176	2
177	2
178	2
179	2
180	2
181	2
182	2
183	2
184	2
185	2
186	2
187	2
188	2
189	2
190	2
191	2
192	2
193	2
194	2
195	2
196	2
197	2
198	2
199	2
200	2
201	2
202	2
203	2
204	2
205	2
206	2
207	2
208	2
209	2
210	2
211	2
212	2
213	2
214	2
215	2
216	2
217	2
218	2
219	2
220	2
221	2
222	2
223	2
224	2
225	2
226	2
227	2
228	2
229	2
230	2
231	2
232	2
233	2
234	2
235	2
236	2
237	2
238	2
239	2
240	2
241	2
242	2
243	2
244	2
245	2
246	2
247	2
248	2
249	2
250	2
251	2
252	2
253	2
254	2
255	2
256	2
257	2
258	2
259	2
260	2
261	2
262	2
263	2
264	2
265	2
266	2
267	2
268	2
269	2
270	2
271	2
272	2
273	2
274	2
275	2
276	2
277	2
278	2
279	2
280	2
281	2
282	2
283	2
284	2
285	2
286	2
287	2
288	2
289	2
290	2
291	2
292	2
293	2
294	2
295	2
296	2
297	2
298	2
299	2
300	2
301	2
302	2
303	2
304	2
305	2
306	2
307	2
308	2
309	2
310	2
311	2
312	2
313	2
314	2
315	2
316	2
317	2
318	2
319	2
320	2
321	2
322	2
323	2
324	2
325	2
326	2
327	2
328	2
329	2
330	2
331	2
332	2
333	2
334	2
335	2
336	2
337	2
338	2
339	2
340	2
341	2
342	2
343	2
344	2
345	2
346	2
347	2
348	2
349	2
350	2
351	2
352	2
353	2
354	2
355	2
356	2
357	2
358	2
359	2
360	2
361	2
362	2
363	2
364	2
365	2
366	2
367	2
368	2
369	2
370	2
371	2
372	2
373	2
374	2
375	3
376	3
377	3
378	3
379	3
380	3
381	3
382	3
383	3
384	3
385	3
386	3
387	3
388	3
389	4
390	4
391	4
392	4
393	4
394	4
395	4
396	4
397	4
398	4
399	5
400	5
401	5
402	5
403	5
404	5
405	6
406	6
407	6
408	6
409	6
410	6
411	6
412	7
413	7
414	8
415	8
416	8
417	8
418	8
419	8
420	8
421	8
422	8
423	8
424	8
425	8
426	8
427	8
428	8
429	8
430	8
431	8
432	8
433	8
434	8
435	8
436	8
437	8
438	8
439	8
440	8
441	8
442	9
443	9
444	9
445	9
446	9
447	9
448	9
449	9
450	9
451	9
452	9
453	9
454	10
455	10
456	10
457	14
458	14
459	14
460	14
461	15
462	15
463	15
464	16
465	16
466	16
467	16
468	16
469	16
470	16
471	16
472	16
473	16
474	16
475	16
476	17
477	17
478	18
479	18
480	19
481	19
482	19
483	19
484	20
485	20
486	20
487	20
488	20
489	20
490	21
491	21
492	21
493	21
494	21
495	21
496	21
497	21
498	21
499	21
500	22
501	22
502	23
503	23
504	24
505	24
506	24
507	24
508	24
509	24
510	24
511	24
512	24
513	24
514	24
515	24
516	24
517	24
518	24
519	24
520	24
521	25
522	25
523	25
524	25
525	25
526	26
527	26
528	26
529	26
530	26
531	26
532	26
533	27
534	28
535	29
536	29
537	29
538	29
539	29
540	30
541	30
542	30
543	31
544	31
545	31
546	32
547	32
548	32
549	32
550	33
551	33
552	33
553	33
554	33
555	35
556	36
557	37
558	39
559	39
560	40
561	40
562	40
563	41
564	41
565	41
566	41
567	41
568	41
569	41
570	41
571	42
572	42
573	42
574	43
575	44
576	44
577	45
578	46
579	46
580	46
581	46
582	47
583	47
584	47
585	48
586	48
587	48
588	48
589	49
590	53
591	62
592	64
593	66
594	71
595	76
596	77
597	83
598	90
599	92
600	93
601	97
602	98
603	103
604	104
605	111
606	114
607	118
608	121
609	122
610	126
611	132
612	146
613	148
614	149
615	157
616	160
617	163
618	165
619	166
620	166
621	170
622	170
623	171
624	171
625	172
626	174
627	177
628	178
629	182
630	185
631	187
632	187
633	187
634	189
635	191
636	194
637	194
638	199
639	201
640	201
641	202
642	206
643	207
644	208
645	210
646	210
647	212
648	212
649	213
650	217
651	218
652	218
653	218
654	219
655	221
656	222
657	224
658	228
659	230
660	230
661	231
662	233
663	235
664	237
665	240
666	242
667	242
668	243
669	246
670	249
671	252
672	255
673	259
674	266
675	271
676	277
677	285
678	287
679	287
680	287
681	289
682	290
683	291
684	292
685	299
686	299
687	300
688	306
689	306
690	308
691	308
692	312
693	317
694	322
695	326
696	327
697	329
698	332
699	343
700	343
701	345
702	346
703	350
704	350
705	353
706	355
707	355
708	357
709	361
710	366
711	368
712	370
713	377
714	381
715	384
716	386
717	390
718	392
719	395
720	395
721	396
722	397
723	398
724	398
725	401
726	407
727	425
728	426
729	426
730	430
731	433
732	438
733	440
734	440
735	443
736	446
737	450
738	452
739	456
740	458
741	461
742	467
743	471
744	476
745	479
746	483
747	490
748	492
749	501
750	512
751	519
752	524
753	531
754	535
755	540
756	541
757	542
758	547
759	549
760	556
761	558
762	561
763	561
764	563
765	565
766	571
767	576
768	580
769	587
770	593
771	599
772	608
773	609
774	613
775	620
776	631
777	639
778	646
779	647
780	649
781	656
782	656
783	660
784	661
785	667
786	668
787	673
788	675
789	677
790	685
791	690
792	697
793	706
794	713
795	719
796	724
797	735
798	741
799	748
800	756
801	769
802	774
803	776
804	785
805	789
806	791
807	794
808	798
809	802
810	804
811	809
812	811
813	815
814	818
815	822
816	823
817	825
818	830
819	837
820	840
821	846
822	848
823	851
824	858
825	863
826	867
827	870
828	875
829	880
830	883
831	887
832	890
833	895
834	896
835	900
836	906
837	907
838	910
839	910
840	911
841	914
842	920
843	922
844	923
845	927
846	928
847	932
848	947
849	951
850	954
851	962
852	970
853	977
854	984
855	996
856	1002
857	1002
858	1005
859	1010
860	1011
861	1011
862	1013
863	1017
864	1019
865	1022
866	1025
867	1032
868	1034
869	1041
870	1043
871	1050
872	1053
873	1055
874	1058
875	1058
876	1066
877	1070
878	1074
879	1095
880	1097
881	1099
882	1105
883	1111
884	1115
885	1122
886	1132
887	1136
888	1139
889	1142
890	1145
891	1147
892	1150
893	1161
894	1163
895	1169
896	1178
897	1185
898	1192
899	1199
900	1207
901	1217
902	1225
903	1229
904	1238
905	1246
906	1252
907	1254
908	1260
909	1262
910	1269
911	1277
912	1280
913	1291
914	1295
915	1303
916	1313
917	1323
918	1334
919	1346
920	1353
921	1363
922	1366
923	1380
924	1385
925	1395
926	1402
927	1407
928	1411
929	1418
930	1429
931	1434
932	1443
933	1455
934	1465
935	1470
936	1473
937	1477
938	1487
939	1494
940	1499
941	1506
942	1511
943	1519
944	1527
945	1541
946	1550
947	1566
948	1573
949	1580
950	1586
951	1597
952	1608
953	1614
954	1623
955	1625
956	1632
957	1641
958	1653
959	1658
960	1666
961	1674
962	1682
963	1689
964	1704
965	1707
966	1711
967	1724
968	1737
969	1752
970	1761
971	1768
972	1773
973	1780
974	1795
975	1803
976	1815
977	1824
978	1836
979	1847
980	1853
981	1866
982	1875
983	1881
984	1885
985	1895
986	1901
987	1907
988	1914
989	1915
990	1926
991	1933
992	1940
993	1951
994	1957
995	1972
996	1975
997	1975
998	1979
999	1986
1000	1998
1001	2027
1002	2036
1003	2043
1004	2044
1005	2051
1006	2063
1007	2074
1008	2088
1009	2101
1010	2123
1011	2128
1012	2130
1013	2160
1014	2172
1015	2178
1016	2212
1017	2231
1018	2239
1019	2248
1020	2256
1021	2268
1022	2305
1023	2321
1024	2329
1025	2333
1026	2348
1027	2361
1028	2372
1029	2381
1030	2388
1031	2409
1032	2415
1033	2423
1034	2430
1035	2440
1036	2454
1037	2461
1038	2472
1039	2492
1040	2498
1041	2505
1042	2514
1043	2520
1044	2531
1045	2534
1046	2539
1047	2551
1048	2557
1049	2568
1050	2579
1051	2591
1052	2602
1053	2613
1054	2621
1055	2629
1056	2640
1057	2650
1058	2662
1059	2664
1060	2671
1061	2677
1062	2685
1063	2691
1064	2700
1065	2707
1066	2711
1067	2716
1068	2730
1069	2733
1070	2741
1071	2755
1072	2760
1073	2770
1074	2777
1075	2779
1076	2786
1077	2794
1078	2800
1079	2817
1080	2827
1081	2835
1082	2840
1083	2849
1084	2855
1085	2861
1086	2870
1087	2888
1088	2891
1089	2901
1090	2909
1091	2913
1092	2923
1093	2932
1094	2941
1095	2952
1096	2961
1097	2971
1098	2981
1099	2995
1100	3006
1101	3013
1102	3023
1103	3026
1104	3032
1105	3042
1106	3057
1107	3071
1108	3082
1109	3097
1110	3104
1111	3120
1112	3132
1113	3144
1114	3162
1115	3165
1116	3184
1117	3196
1118	3230
1119	3236
1120	3253
1121	3264
1122	3272
1123	3281
1124	3292
1125	3306
1126	3312
1127	3321
1128	3329
1129	3341
1130	3351
1131	3359
1132	3381
1133	3383
1134	3388
1135	3398
1136	3402
1137	3409
1138	3417
1139	3428
1140	3444
1141	3455
1142	3467
1143	3479
1144	3486
1145	3493
1146	3505
1147	3515
1148	3530
1149	3541
1150	3552
1151	3559
1152	3573
1153	3589
1154	3604
1155	3613
1156	3623
1157	3634
1158	3641
1159	3647
1160	3660
1161	3668
1162	3677
1163	3699
1164	3715
1165	3721
1166	3737
1167	3750
1168	3756
1169	3767
1170	3796
1171	3853
1172	3881
1173	3906
1174	3940
1175	3955
1176	3968
1177	3981
1178	3996
1179	4009
1180	4020
1181	4035
1182	4052
1183	4075
1184	4093
1185	4112
1186	4137
1187	4159
1188	4173
1189	4189
1190	4199
1191	4217
1192	4229
1193	4265
1194	4281
1195	4357
1196	4378
1197	4392
1198	4409
1199	4426
1200	4439
1201	4449
1202	4463
1203	4473
1204	4483
1205	4496
1206	4502
1207	4519
1208	4531
1209	4540
1210	4550
1211	4571
1212	4591
1213	4604
1214	4612
1215	4618
1216	4626
1217	4637
1218	4647
1219	4672
1220	4695
1221	4711
1222	4719
1223	4729
1224	4747
1225	4752
1226	4773
1227	4789
1228	4803
1229	4820
1230	4846
1231	4875
1232	4893
1233	4908
1234	4925
1235	4940
1236	4952
1237	4962
1238	4980
1239	4998
1240	5006
1241	5026
1242	5042
1243	5063
1244	5085
1245	5108
1246	5132
1247	5148
1248	5171
1249	5206
1250	5221
1251	5245
1252	5263
1253	5280
1254	5300
1255	5322
1256	5346
1257	5372
1258	5388
1259	5409
1260	5438
1261	5469
1262	5481
1263	5510
1264	5526
1265	5556
1266	5578
1267	5598
1268	5612
1269	5633
1270	5648
1271	5686
1272	5712
1273	5733
1274	5758
1275	5772
1276	5796
1277	5821
1278	5836
1279	5874
1280	5909
1281	5930
1282	5952
1283	5983
1284	5998
1285	6013
1286	6018
1287	6060
1288	6076
1289	6087
1290	6100
1291	6115
1292	6124
1293	6133
1294	6150
1295	6168
1296	6181
1297	6209
1298	6216
1299	6230
1300	6239
1301	6251
1302	6262
1303	6285
1304	6301
1305	6308
1306	6318
1307	6327
1308	6335
1309	6355
1310	6375
1311	6382
1312	6389
1313	6396
1314	6409
1315	6419
1316	6431
1317	6450
1318	6469
1319	6477
1320	6488
1321	6504
1322	6518
1323	6536
1324	6563
1325	6579
1326	6603
1327	6625
1328	6646
1329	6658
1330	6674
1331	6693
1332	6709
1333	6714
1334	6726
1335	6745
1336	6754
1337	6775
1338	6790
1339	6810
1340	6818
1341	6823
1342	6842
1343	6853
1344	6863
1345	6876
1346	6882
1347	6884
1348	6893
1349	6901
1350	6911
1351	6920
1352	6929
1353	6932
1354	6939
1355	6950
1356	6959
1357	6970
1358	6977
1359	6984
1360	6996
1361	7008
1362	7019
1363	7034
1364	7042
1365	7054
1366	7064
1367	7074
1368	7079
1369	7083
1370	7089
1371	7096
1372	7111
1373	7115
1374	7129
1375	7142
1376	7150
1377	7157
1378	7169
1379	7183
1380	7196
1381	7201
1382	7207
1383	7215
1384	7227
1385	7235
1386	7249
1387	7255
1388	7273
1389	7280
1390	7292
1391	7303
1392	7315
1393	7326
1394	7336
1395	7348
1396	7354
1397	7362
1398	7376
1399	7385
1400	7393
1401	7401
1402	7412
1403	7419
1404	7422
1405	7429
1406	7437
1407	7445
1408	7457
1409	7466
1410	7473
1411	7474
1412	7482
1413	7504
1414	7514
1415	7520
1416	7536
1417	7540
1418	7547
1419	7557
1420	7563
1421	7573
1422	7584
1423	7588
1424	7593
1425	7601
1426	7610
1427	7617
1428	7630
1429	7641
1430	7653
1431	7660
1432	7668
1433	7682
1434	7700
1435	7709
1436	7717
1437	7722
1438	7730
1439	7736
1440	7744
1441	7755
1442	7771
1443	7783
1444	7798
1445	7810
1446	7821
1447	7831
1448	7849
1449	7856
1450	7862
1451	7868
1452	7876
1453	7880
1454	7890
1455	7895
1456	7901
1457	7906
1458	7914
1459	7918
1460	7932
1461	7935
1462	7945
1463	7950
1464	7958
1465	7977
1466	7986
1467	7993
1468	7999
1469	8009
1470	8016
1471	8023
1472	8031
1473	8036
1474	8059
1475	8084
1476	8110
1477	8122
1478	8130
1479	8133
1480	8141
1481	8152
1482	8160
1483	8167
1484	8178
1485	8186
1486	8189
1487	8196
1488	8205
1489	8220
1490	8244
1491	8256
1492	8264
1493	8276
1494	8280
1495	8290
1496	8303
1497	8315
1498	8324
1499	8327
1500	8336
1501	8343
1502	8348
1503	8363
1504	8382
1505	8387
1506	8392
1507	8400
1508	8406
1509	8411
1510	8423
1511	8438
1512	8453
1513	8470
1514	8478
1515	8487
1516	8494
1517	8502
1518	8522
1519	8538
1520	8544
1521	8555
1522	8558
1523	8568
1524	8571
1525	8583
1526	8589
1527	8600
1528	8610
1529	8617
1530	8629
1531	8636
1532	8646
1533	8655
1534	8668
1535	8673
1536	8680
1537	8686
1538	8694
1539	8705
1540	8720
1541	8729
1542	8734
1543	8741
1544	8750
1545	8759
1546	8763
1547	8769
1548	8774
1549	8776
1550	8790
1551	8794
1552	8809
1553	8821
1554	8827
1555	8834
1556	8847
1557	8853
1558	8866
1559	8877
1560	8886
1561	8915
1562	8931
1563	8946
1564	8955
1565	8963
1566	8987
1567	9008
1568	9016
1569	9029
1570	9033
1571	9040
1572	9045
1573	9052
1574	9058
1575	9064
1576	9066
1577	9078
1578	9086
1579	9090
1580	9104
1581	9110
1582	9125
1583	9137
1584	9142
1585	9146
1586	9155
1587	9163
1588	9172
1589	9183
1590	9195
1591	9205
1592	9224
1593	9232
1594	9238
1595	9248
1596	9253
1597	9257
1598	9265
1599	9273
1600	9284
1601	9288
1602	9305
1603	9317
1604	9337
1605	9345
1606	9351
1607	9363
1608	9373
1609	9390
1610	9408
1611	9419
1612	9424
1613	9427
1614	9436
1615	9454
1616	9476
1617	9490
1618	9518
1619	9531
1620	9541
1621	9547
1622	9555
1623	9563
1624	9573
1625	9587
1626	9595
1627	9612
1628	9620
1629	9635
1630	9659
1631	9669
1632	9684
1633	9693
1634	9699
1635	9704
1636	9712
1637	9727
1638	9738
1639	9746
1640	9752
1641	9758
1642	9765
1643	9770
1644	9779
1645	9786
1646	9799
1647	9809
1648	9817
1649	9827
1650	9840
1651	9849
1652	9861
1653	9870
1654	9883
1655	9890
1656	9901
1657	9909
1658	9923
1659	9940
1660	9950
1661	9972
1662	9982
1663	9990
1664	9993
1665	10014
1666	10044
1667	10058
1668	10063
1669	10072
1670	10078
1671	10083
1672	10101
1673	10109
1674	10122
1675	10132
1676	10143
1677	10157
1678	10165
1679	10177
1680	10189
1681	10196
1682	10205
1683	10212
1684	10222
1685	10231
1686	10242
1687	10250
1688	10262
1689	10271
1690	10277
1691	10296
1692	10302
1693	10310
1694	10313
1695	10326
1696	10338
1697	10365
1698	10392
1699	10450
1700	10479
1701	10505
1702	10535
1703	10558
1704	10568
1705	10581
1706	10600
1707	10614
1708	10636
1709	10648
1710	10659
1711	10664
1712	10675
1713	10684
1714	10698
1715	10710
1716	10723
1717	10742
1718	10747
1719	10751
1720	10757
1721	10764
1722	10773
1723	10781
1724	10795
1725	10806
1726	10819
1727	10826
1728	10839
1729	10850
1730	10857
1731	10865
1732	10875
1733	10878
1734	10888
1735	10898
1736	10911
1737	10915
1738	10926
1739	10930
1740	10935
1741	10944
1742	10953
1743	10972
1744	11155
1745	11164
1746	11172
1747	11180
1748	11189
1749	11200
1750	11214
1751	11222
1752	11224
1753	11230
1754	11237
1755	11243
1756	11247
1757	11257
1758	11260
1759	11260
1760	11264
1761	11265
1762	11272
1763	11277
1764	11284
1765	11288
1766	11296
1767	11298
1768	11304
1769	11308
1770	11311
1771	11314
1772	11318
1773	11320
1774	11323
1775	11328
1776	11333
1777	11337
1778	11342
1779	11349
1780	11355
1781	11357
1782	11359
1783	11361
1784	11365
1785	11373
1786	11375
1787	11378
1788	11384
1789	11388
1790	11397
1791	11400
1792	11404
1793	11408
1794	11418
1795	11422
1796	11424
1797	11431
1798	11439
1799	11448
1800	11456
1801	11468
1802	11471
1803	11479
1804	11484
1805	11490
1806	11492
1807	11498
1808	11506
1809	11508
1810	11511
1811	11518
1812	11524
1813	11533
1814	11535
1815	11540
1816	11544
1817	11548
1818	11554
1819	11560
1820	11566
1821	11573
1822	11578
1823	11580
1824	11586
1825	11593
1826	11605
1827	11611
1828	11619
1829	11628
1830	11632
1831	11636
1832	11644
1833	11654
1834	11659
1835	11665
1836	11687
1837	11701
1838	11710
1839	11720
1840	11729
1841	11744
1842	11764
1843	11772
1844	11782
1845	11795
1846	11819
1847	11833
1848	11840
1849	11849
1850	11858
1851	11864
1852	11875
1853	11886
1854	11894
1855	11900
1856	11904
1857	11909
1858	11912
1859	11917
1860	11925
1861	11930
1862	11935
1863	11938
1864	11944
1865	11946
1866	11947
1867	11952
1868	11964
1869	11968
1870	11978
1871	11988
1872	11992
1873	11992
1874	11995
1875	12000
1876	12006
1877	12012
1878	12015
1879	12017
1880	12018
1881	12023
1882	12026
1883	12045
1884	12059
1885	12065
1886	12070
1887	12072
1888	12082
1889	12085
1890	12099
1891	12104
1892	12111
1893	12111
1894	12113
1895	12117
1896	12121
1897	12128
1898	12138
1899	12140
1900	12144
1901	12150
1902	12152
1903	12161
1904	12166
1905	12172
1906	12176
1907	12180
1908	12185
1909	12190
1910	12202
1911	12204
1912	12208
1913	12215
1914	12221
1915	12224
1916	12228
1917	12233
1918	12244
1919	12246
1920	12250
1921	12251
1922	12252
1923	12262
1924	12271
1925	12273
1926	12283
1927	12285
1928	12287
1929	12291
1930	12293
1931	12299
1932	12302
1933	12305
1934	12306
1935	12309
1936	12309
1937	12311
1938	12311
1939	12313
1940	12314
1941	12315
1942	12316
1943	12317
1944	12322
1945	12323
1946	12331
1947	12334
1948	12338
1949	12338
1950	12338
1951	12339
1952	12345
1953	12349
1954	12353
1955	12357
