1	1
2	1
3	1
4	1
5	1
6	1
7	1
8	1
9	1
10	1
11	1
12	1
13	1
14	2
15	2
16	2
17	2
18	3
19	7
20	7
21	7
22	8
23	8
24	9
25	9
26	9
27	9
28	9
29	9
30	9
31	9
32	9
33	9
34	9
35	9
36	9
37	9
38	10
39	11
40	11
41	16
42	18
43	21
44	22
45	23
46	23
47	25
48	28
49	29
50	31
51	32
52	34
53	35
54	35
55	35
56	36
57	36
58	36
59	36
60	36
61	36
62	36
63	36
64	37
65	38
66	38
67	38
68	39
69	39
70	40
71	40
72	41
73	41
74	42
75	42
76	42
77	43
78	46
79	46
80	48
81	48
82	49
83	50
84	50
85	50
86	51
87	51
88	51
89	53
90	54
91	54
92	55
93	56
94	57
95	57
96	57
97	58
98	58
99	59
100	59
101	60
102	60
103	61
104	61
105	61
106	61
107	61
108	61
109	61
110	62
111	62
112	62
113	62
114	64
115	64
116	65
117	66
118	67
119	68
120	68
121	69
122	70
123	70
124	70
125	70
126	71
127	71
128	73
129	73
130	73
131	73
132	74
133	76
134	78
135	78
136	79
137	79
138	79
139	79
140	79
141	79
142	79
143	79
144	80
145	81
146	82
147	82
148	82
149	82
150	82
151	82
152	82
153	85
154	86
155	86
156	86
157	87
158	89
159	89
160	89
161	91
162	92
163	93
164	93
165	94
166	95
167	97
168	98
169	98
170	98
171	98
172	99
173	99
174	99
175	101
176	102
177	102
178	104
179	104
180	104
181	106
182	106
183	106
184	107
185	108
186	109
187	111
188	111
189	114
190	115
191	117
192	118
193	120
194	121
195	123
196	123
197	124
198	125
199	127
200	129
201	130
202	131
203	135
204	135
205	135
206	137
207	138
208	138
209	138
210	139
211	140
212	141
213	142
214	142
215	142
216	143
217	144
218	145
219	145
220	146
221	147
222	147
223	147
224	147
225	147
226	148
227	148
228	148
229	151
230	152
231	152
232	153
233	155
234	155
235	155
236	155
237	156
238	157
239	159
240	160
241	161
242	163
243	163
244	168
245	169
246	169
247	169
248	169
249	172
250	173
251	174
252	176
253	176
254	176
255	177
256	177
257	180
258	182
259	184
260	186
261	188
262	194
263	196
264	197
265	197
266	198
267	199
268	202
269	202
270	203
271	206
272	209
273	212
274	215
275	217
276	218
277	219
278	221
279	223
280	223
281	225
282	225
283	225
284	227
285	227
286	227
287	229
288	229
289	229
290	230
291	230
292	231
293	231
294	233
295	235
296	235
297	237
298	239
299	242
300	245
301	245
302	247
303	248
304	249
305	249
306	250
307	251
308	254
309	254
310	255
311	255
312	257
313	258
314	260
315	261
316	263
317	266
318	268
319	269
320	270
321	272
322	273
323	273
324	274
325	274
326	274
327	276
328	276
329	276
330	276
331	278
332	278
333	279
334	282
335	284
336	285
337	285
338	285
339	285
340	286
341	288
342	289
343	292
344	292
345	293
346	293
347	295
348	295
349	296
350	296
351	298
352	301
353	301
354	301
355	301
356	304
357	306
358	306
359	306
360	306
361	310
362	311
363	311
364	312
365	312
366	313
367	314
368	316
369	318
370	322
371	323
372	325
373	325
374	327
375	328
376	331
377	334
378	337
379	337
380	338
381	341
382	342
383	344
384	345
385	345
386	345
387	345
388	346
389	348
390	351
391	352
392	355
393	357
394	359
395	360
396	360
397	368
398	372
399	377
400	379
401	383
402	383
403	384
404	386
405	386
406	386
407	387
408	388
409	388
410	389
411	389
412	390
413	391
414	393
415	395
416	398
417	400
418	400
419	402
420	405
421	405
422	407
423	409
424	411
425	415
426	415
427	419
428	422
429	423
430	424
431	429
432	432
433	432
434	433
435	439
436	440
437	442
438	443
439	445
440	447
441	449
442	451
443	454
444	456
445	459
446	460
447	463
448	468
449	470
450	470
451	473
452	473
453	477
454	480
455	482
456	484
457	485
458	486
459	490
460	494
461	499
462	502
463	507
464	508
465	511
466	516
467	518
468	521
469	522
470	526
471	528
472	528
473	530
474	536
475	539
476	540
477	542
478	545
479	547
480	550
481	552
482	554
483	556
484	558
485	559
486	561
487	564
488	567
489	571
490	571
491	573
492	575
493	576
494	581
495	582
496	584
497	586
498	588
499	593
500	595
501	596
502	601
503	603
504	605
505	606
506	606
507	607
508	608
509	610
510	610
511	612
512	615
513	616
514	618
515	619
516	619
517	624
518	625
519	630
520	631
521	638
522	644
523	646
524	648
525	648
526	652
527	654
528	656
529	660
530	665
531	669
532	670
533	676
534	677
535	679
536	684
537	686
538	687
539	695
540	698
541	699
542	707
543	710
544	712
545	714
546	715
547	722
548	723
549	724
550	732
551	733
552	734
553	737
554	741
555	742
556	742
557	743
558	749
559	751
560	752
561	754
562	757
563	758
564	764
565	766
566	768
567	769
568	770
569	771
570	773
571	780
572	784
573	790
574	793
575	797
576	798
577	802
578	805
579	810
580	818
581	822
582	825
583	826
584	829
585	832
586	834
587	841
588	843
589	847
590	852
591	857
592	859
593	861
594	862
595	867
596	868
597	871
598	876
599	883
600	890
601	895
602	898
603	902
604	902
605	907
606	908
607	912
608	916
609	918
610	921
611	924
612	928
613	933
614	938
615	942
616	951
617	956
618	959
619	966
620	970
621	972
622	981
623	985
624	989
625	996
626	1000
627	1006
628	1014
629	1016
630	1019
631	1021
632	1023
633	1025
634	1029
635	1030
636	1033
637	1037
638	1038
639	1044
640	1047
641	1049
642	1053
643	1057
644	1061
645	1064
646	1066
647	1070
648	1071
649	1076
650	1080
651	1092
652	1093
653	1096
654	1102
655	1107
656	1114
657	1115
658	1120
659	1125
660	1128
661	1130
662	1130
663	1132
664	1135
665	1138
666	1139
667	1141
668	1147
669	1152
670	1153
671	1156
672	1158
673	1162
674	1164
675	1167
676	1172
677	1173
678	1178
679	1180
680	1182
681	1188
682	1194
683	1199
684	1202
685	1205
686	1208
687	1209
688	1213
689	1214
690	1216
691	1220
692	1221
693	1222
694	1223
695	1224
696	1224
697	1226
698	1227
699	1231
700	1236
701	1239
702	1241
703	1246
704	1249
705	1254
706	1260
707	1265
708	1270
709	1272
710	1275
711	1279
712	1280
713	1284
714	1292
715	1294
716	1296
717	1296
718	1301
719	1306
720	1310
721	1312
722	1316
723	1319
724	1320
725	1323
726	1325
727	1328
728	1330
729	1335
730	1338
731	1345
732	1350
733	1354
734	1356
735	1358
736	1362
737	1364
738	1365
739	1367
740	1369
741	1373
742	1375
743	1378
744	1379
745	1382
746	1386
747	1390
748	1394
749	1398
750	1400
751	1402
752	1402
753	1405
754	1405
755	1412
756	1418
757	1422
758	1424
759	1426
760	1428
761	1433
762	1439
763	1440
764	1444
765	1448
766	1452
767	1459
768	1466
769	1472
770	1477
771	1478
772	1478
773	1482
774	1484
775	1485
776	1489
777	1492
778	1493
779	1494
780	1496
781	1501
782	1502
783	1514
784	1523
785	1524
786	1525
787	1527
788	1533
789	1537
790	1539
791	1542
792	1546
793	1549
794	1553
795	1557
796	1566
797	1572
798	1576
799	1580
800	1584
801	1586
802	1591
803	1598
804	1600
805	1606
806	1609
807	1612
808	1614
809	1618
810	1625
811	1630
812	1635
813	1635
814	1637
815	1645
816	1653
817	1664
818	1665
819	1672
820	1681
821	1686
822	1691
823	1697
824	1707
825	1711
826	1717
827	1720
828	1725
829	1728
830	1734
831	1738
832	1743
833	1750
834	1758
835	1760
836	1761
837	1768
838	1777
839	1782
840	1786
841	1790
842	1793
843	1797
844	1802
845	1808
846	1814
847	1818
848	1819
849	1829
850	1834
851	1841
852	1843
853	1847
854	1850
855	1851
856	1853
857	1856
858	1857
859	1862
860	1869
861	1873
862	1878
863	1881
864	1884
865	1885
866	1887
867	1890
868	1890
869	1896
870	1898
871	1905
872	1907
873	1908
874	1912
875	1918
876	1931
877	1932
878	1935
879	1941
880	1948
881	1952
882	1956
883	1959
884	1959
885	1964
886	1970
887	1976
888	1976
889	1981
890	1985
891	1989
892	1994
893	1997
894	2003
895	2007
896	2014
897	2015
898	2024
899	2028
900	2033
901	2037
902	2038
903	2045
904	2051
905	2052
906	2054
907	2058
908	2062
909	2064
910	2068
911	2075
912	2079
913	2081
914	2091
915	2106
916	2109
917	2113
918	2121
919	2127
920	2129
921	2131
922	2138
923	2143
924	2146
925	2151
926	2157
927	2162
928	2167
929	2172
930	2180
931	2187
932	2190
933	2195
934	2198
935	2198
936	2202
937	2205
938	2209
939	2213
940	2215
941	2226
942	2232
943	2237
944	2244
945	2248
946	2254
947	2257
948	2264
949	2272
950	2279
951	2283
952	2291
953	2295
954	2301
955	2311
956	2322
957	2332
958	2336
959	2340
960	2347
961	2350
962	2357
963	2370
964	2379
965	2386
966	2391
967	2394
968	2397
969	2401
970	2409
971	2414
972	2420
973	2425
974	2429
975	2432
976	2439
977	2447
978	2452
979	2458
980	2466
981	2472
982	2477
983	2484
984	2489
985	2495
986	2498
987	2504
988	2508
989	2513
990	2517
991	2520
992	2525
993	2530
994	2537
995	2541
996	2546
997	2549
998	2559
999	2564
1000	2567
1001	2575
1002	2580
1003	2583
1004	2589
1005	2590
1006	2596
1007	2602
1008	2605
1009	2610
1010	2612
1011	2618
1012	2626
1013	2635
1014	2640
1015	2643
1016	2649
1017	2656
1018	2659
1019	2662
1020	2669
1021	2673
1022	2681
1023	2683
1024	2688
1025	2695
1026	2703
1027	2705
1028	2708
1029	2719
1030	2726
1031	2729
1032	2732
1033	2734
1034	2737
1035	2744
1036	2751
1037	2756
1038	2760
1039	2766
1040	2768
1041	2771
1042	2773
1043	2774
1044	2776
1045	2777
1046	2781
1047	2789
1048	2796
1049	2802
1050	2804
1051	2810
1052	2818
1053	2820
1054	2824
1055	2830
1056	2840
1057	2845
1058	2846
1059	2849
1060	2855
1061	2862
1062	2865
1063	2868
1064	2872
1065	2876
1066	2878
1067	2884
1068	2893
1069	2901
1070	2905
1071	2907
1072	2908
1073	2912
1074	2913
1075	2917
1076	2922
1077	2924
1078	2928
1079	2931
1080	2932
1081	2937
1082	2942
1083	2952
1084	2959
1085	2971
1086	2979
1087	2983
1088	2985
1089	2992
1090	2996
1091	3002
1092	3008
1093	3012
1094	3015
1095	3020
1096	3028
1097	3034
1098	3041
1099	3044
1100	3048
1101	3052
1102	3057
1103	3061
1104	3065
1105	3068
1106	3073
1107	3078
1108	3084
1109	3090
1110	3094
1111	3096
1112	3100
1113	3109
1114	3115
1115	3119
1116	3124
1117	3130
1118	3134
1119	3142
1120	3146
1121	3154
1122	3160
1123	3166
1124	3171
1125	3176
1126	3181
1127	3187
1128	3190
1129	3190
1130	3198
1131	3203
1132	3210
1133	3220
1134	3224
1135	3225
1136	3230
1137	3232
1138	3235
1139	3238
1140	3240
1141	3244
1142	3249
1143	3254
1144	3262
1145	3267
1146	3274
1147	3284
1148	3292
1149	3296
1150	3299
1151	3301
1152	3307
1153	3313
1154	3315
1155	3319
1156	3327
1157	3330
1158	3335
1159	3346
1160	3357
1161	3364
1162	3373
1163	3381
1164	3386
1165	3393
1166	3399
1167	3405
1168	3409
1169	3412
1170	3419
1171	3435
1172	3445
1173	3450
1174	3465
1175	3468
1176	3476
1177	3485
1178	3491
1179	3494
1180	3502
1181	3512
1182	3517
1183	3521
1184	3529
1185	3534
1186	3540
1187	3545
1188	3555
1189	3563
1190	3569
1191	3573
1192	3578
1193	3581
1194	3593
1195	3603
1196	3609
1197	3615
1198	3622
1199	3629
1200	3635
1201	3640
1202	3644
1203	3651
1204	3659
1205	3665
1206	3667
1207	3679
1208	3690
1209	3701
1210	3708
1211	3714
1212	3723
1213	3732
1214	3744
1215	3756
1216	3762
1217	3771
1218	3777
1219	3781
1220	3792
1221	3800
1222	3807
1223	3824
1224	3837
1225	3847
1226	3855
1227	3859
1228	3865
1229	3869
1230	3878
1231	3884
1232	3891
1233	3896
1234	3899
1235	3903
1236	3910
1237	3914
1238	3916
1239	3926
1240	3929
1241	3932
1242	3936
1243	3941
1244	3945
1245	3948
1246	3952
1247	3960
1248	3962
1249	3968
1250	3970
1251	3975
1252	3982
1253	3993
1254	3999
1255	4002
1256	4009
1257	4012
1258	4024
1259	4030
1260	4036
1261	4038
1262	4040
1263	4045
1264	4055
1265	4060
1266	4067
1267	4078
1268	4084
1269	4086
1270	4094
1271	4098
1272	4101
1273	4106
1274	4122
1275	4127
1276	4133
1277	4144
1278	4151
1279	4158
1280	4163
1281	4174
1282	4179
1283	4187
1284	4192
1285	4197
1286	4207
1287	4216
1288	4227
1289	4232
1290	4242
1291	4250
1292	4255
1293	4261
1294	4267
1295	4277
1296	4291
1297	4296
1298	4304
1299	4316
1300	4324
1301	4328
1302	4338
1303	4342
1304	4354
1305	4364
1306	4374
1307	4383
1308	4396
1309	4408
1310	4418
1311	4425
1312	4433
1313	4435
1314	4445
1315	4449
1316	4455
1317	4461
1318	4465
1319	4471
1320	4478
1321	4491
1322	4503
1323	4513
1324	4521
1325	4532
1326	4543
1327	4548
1328	4559
1329	4568
1330	4574
1331	4581
1332	4589
1333	4596
1334	4604
1335	4612
1336	4621
1337	4626
1338	4634
1339	4639
1340	4646
1341	4652
1342	4661
1343	4672
1344	4686
1345	4691
1346	4698
1347	4711
1348	4727
1349	4736
1350	4748
1351	4751
1352	4764
1353	4774
1354	4785
1355	4795
1356	4806
1357	4819
1358	4827
1359	4839
1360	4847
1361	4859
1362	4865
1363	4879
1364	4890
1365	4900
1366	4907
1367	4916
1368	4927
1369	4941
1370	4944
1371	4949
1372	4953
1373	4958
1374	4962
1375	4968
1376	4974
1377	4987
1378	4996
1379	5003
1380	5015
1381	5022
1382	5026
1383	5034
1384	5040
1385	5046
1386	5050
1387	5059
1388	5065
1389	5071
1390	5076
1391	5080
1392	5090
1393	5094
1394	5107
1395	5115
1396	5123
1397	5131
1398	5138
1399	5142
1400	5150
1401	5156
1402	5160
1403	5164
1404	5172
1405	5180
1406	5189
1407	5192
1408	5197
1409	5203
1410	5209
1411	5213
1412	5217
1413	5221
1414	5226
1415	5239
1416	5240
1417	5249
1418	5263
1419	5273
1420	5281
1421	5284
1422	5289
1423	5296
1424	5301
1425	5305
1426	5312
1427	5316
1428	5323
1429	5326
1430	5332
1431	5337
1432	5344
1433	5354
1434	5359
1435	5362
1436	5366
1437	5373
1438	5379
1439	5387
1440	5398
1441	5405
1442	5414
1443	5427
1444	5431
1445	5433
1446	5447
1447	5455
1448	5464
1449	5470
1450	5472
1451	5479
1452	5481
1453	5484
1454	5488
1455	5492
1456	5497
1457	5504
1458	5508
1459	5513
1460	5520
1461	5527
1462	5529
1463	5535
1464	5543
1465	5547
1466	5548
1467	5551
1468	5556
1469	5567
1470	5576
1471	5583
1472	5590
1473	5594
1474	5604
1475	5610
1476	5617
1477	5623
1478	5632
1479	5633
1480	5637
1481	5641
1482	5649
1483	5659
1484	5668
1485	5677
1486	5687
1487	5694
1488	5699
1489	5706
1490	5707
1491	5713
1492	5722
1493	5727
1494	5732
1495	5735
1496	5740
1497	5749
1498	5757
1499	5764
1500	5768
1501	5776
1502	5786
1503	5797
1504	5812
1505	5824
1506	5832
1507	5837
1508	5846
1509	5854
1510	5862
1511	5870
1512	5875
1513	5883
1514	5892
1515	5901
1516	5907
1517	5918
1518	5926
1519	5932
1520	5942
1521	5955
1522	5971
1523	5977
1524	5987
1525	5999
1526	6013
1527	6025
1528	6038
1529	6049
1530	6065
1531	6073
1532	6081
1533	6095
1534	6104
1535	6116
1536	6126
1537	6135
1538	6143
1539	6155
1540	6161
1541	6174
1542	6185
1543	6190
1544	6200
1545	6212
1546	6222
1547	6232
1548	6241
1549	6255
1550	6269
1551	6278
1552	6294
1553	6303
1554	6316
1555	6325
1556	6335
1557	6344
1558	6351
1559	6361
1560	6368
1561	6377
1562	6385
1563	6399
1564	6407
1565	6418
1566	6431
1567	6440
1568	6443
1569	6453
1570	6466
1571	6473
1572	6484
1573	6495
1574	6513
1575	6522
1576	6530
1577	6542
1578	6559
1579	6570
1580	6578
1581	6588
1582	6593
1583	6607
1584	6612
1585	6630
1586	6637
1587	6652
1588	6662
1589	6669
1590	6673
1591	6682
1592	6689
1593	6697
1594	6707
1595	6715
1596	6724
1597	6728
1598	6736
1599	6741
1600	6745
1601	6749
1602	6759
1603	6766
1604	6778
1605	6783
1606	6789
1607	6798
1608	6805
1609	6808
1610	6816
1611	6822
1612	6834
1613	6841
1614	6852
1615	6860
1616	6871
1617	6880
1618	6894
1619	6905
1620	6915
1621	6922
1622	6932
1623	6940
1624	6948
1625	6953
1626	6968
1627	6975
1628	6985
1629	6992
1630	7003
1631	7022
1632	7037
1633	7047
1634	7053
1635	7061
1636	7073
1637	7088
1638	7100
1639	7105
1640	7111
1641	7120
1642	7127
1643	7138
1644	7146
1645	7158
1646	7167
1647	7179
1648	7187
1649	7198
1650	7214
1651	7228
1652	7248
1653	7262
1654	7278
1655	7291
1656	7307
1657	7317
1658	7322
1659	7331
1660	7345
1661	7364
1662	7375
1663	7388
1664	7403
1665	7417
1666	7423
1667	7427
1668	7440
1669	7453
1670	7469
1671	7484
1672	7492
1673	7496
1674	7504
1675	7515
1676	7530
1677	7549
1678	7573
1679	7583
1680	7601
1681	7609
1682	7619
1683	7633
1684	7640
1685	7661
1686	7673
1687	7682
1688	7693
1689	7702
1690	7714
1691	7725
1692	7738
1693	7749
1694	7759
1695	7770
1696	7780
1697	7792
1698	7805
1699	7813
1700	7835
1701	7852
1702	7860
1703	7870
1704	7876
1705	7885
1706	7896
1707	7911
1708	7917
1709	7926
1710	7942
1711	7954
1712	7968
1713	7984
1714	7993
1715	8001
1716	8013
1717	8026
1718	8033
1719	8048
1720	8058
1721	8067
1722	8080
1723	8093
1724	8103
1725	8107
1726	8118
1727	8128
1728	8138
1729	8153
1730	8167
1731	8176
1732	8186
1733	8194
1734	8205
1735	8215
1736	8224
1737	8231
1738	8239
1739	8247
1740	8257
1741	8269
1742	8279
1743	8286
1744	8293
1745	8305
1746	8316
1747	8325
1748	8336
1749	8353
1750	8363
1751	8372
1752	8384
1753	8388
1754	8395
1755	8405
1756	8416
1757	8426
1758	8432
1759	8436
1760	8441
1761	8453
1762	8466
1763	8478
1764	8483
1765	8491
1766	8499
1767	8506
1768	8524
1769	8537
1770	8542
1771	8551
1772	8555
1773	8563
1774	8572
1775	8576
1776	8582
1777	8599
1778	8616
1779	8623
1780	8631
1781	8641
1782	8652
1783	8672
1784	8687
1785	8692
1786	8701
1787	8712
1788	8726
1789	8733
1790	8747
1791	8756
1792	8760
1793	8770
1794	8776
1795	8788
1796	8797
1797	8815
1798	8821
1799	8825
1800	8835
1801	8841
1802	8850
1803	8860
1804	8872
1805	8889
1806	8900
1807	8907
1808	8915
1809	8918
1810	8925
1811	8937
1812	8948
1813	8966
1814	8977
1815	8988
1816	8999
1817	9010
1818	9014
1819	9024
1820	9035
1821	9040
1822	9044
1823	9052
1824	9058
1825	9067
1826	9072
1827	9078
1828	9082
1829	9086
1830	9094
1831	9104
1832	9108
1833	9112
1834	9117
1835	9124
1836	9134
1837	9138
1838	9147
1839	9155
1840	9165
1841	9171
1842	9175
1843	9180
1844	9187
1845	9192
1846	9204
1847	9212
1848	9223
1849	9231
1850	9236
1851	9239
1852	9243
1853	9249
1854	9261
1855	9268
1856	9282
1857	9289
1858	9298
1859	9306
1860	9312
1861	9320
1862	9331
1863	9339
1864	9347
1865	9357
1866	9369
1867	9389
1868	9404
1869	9414
1870	9426
1871	9433
1872	9441
1873	9449
1874	9454
1875	9464
1876	9479
1877	9490
1878	9499
1879	9512
1880	9525
1881	9537
1882	9551
1883	9559
1884	9564
1885	9569
1886	9584
1887	9602
1888	9612
1889	9622
1890	9637
1891	9646
1892	9652
1893	9667
1894	9684
1895	9701
1896	9716
1897	9728
1898	9736
1899	9749
1900	9755
1901	9776
1902	9789
1903	9804
1904	9819
1905	9833
1906	9843
1907	9857
1908	9869
1909	9883
1910	9897
1911	9906
1912	9917
1913	9938
1914	9950
1915	9964
1916	9983
1917	9999
1918	10017
1919	10034
1920	10044
1921	10056
1922	10065
1923	10077
1924	10095
1925	10110
1926	10118
1927	10129
1928	10142
1929	10152
1930	10170
1931	10185
1932	10202
1933	10215
1934	10227
1935	10232
1936	10250
1937	10264
1938	10283
1939	10299
1940	10310
1941	10322
1942	10329
1943	10350
1944	10358
1945	10372
1946	10387
1947	10400
1948	10414
1949	10422
1950	10439
1951	10452
1952	10466
1953	10473
1954	10486
1955	10499
1956	10511
1957	10528
1958	10541
1959	10552
1960	10564
1961	10574
1962	10581
1963	10593
1964	10603
1965	10613
1966	10623
1967	10630
1968	10641
1969	10654
1970	10666
1971	10676
1972	10680
1973	10685
1974	10697
1975	10710
1976	10722
1977	10735
1978	10749
1979	10758
1980	10770
1981	10783
1982	10794
1983	10798
1984	10812
1985	10822
1986	10826
1987	10838
1988	10851
1989	10866
1990	10880
1991	10893
1992	10898
1993	10909
1994	10921
1995	10929
1996	10947
1997	10958
1998	10969
1999	10979
2000	10988
2001	11002
2002	11012
2003	11022
2004	11031
2005	11044
2006	11060
2007	11076
2008	11090
2009	11102
2010	11119
2011	11134
2012	11146
2013	11155
2014	11169
2015	11180
2016	11195
2017	11204
2018	11212
2019	11226
2020	11247
2021	11260
2022	11277
2023	11290
2024	11307
2025	11319
2026	11331
2027	11341
2028	11359
2029	11375
2030	11391
2031	11401
2032	11412
2033	11422
2034	11435
2035	11450
2036	11466
2037	11480
2038	11492
2039	11517
2040	11530
2041	11554
2042	11568
2043	11597
2044	11609
2045	11627
2046	11635
2047	11651
2048	11662
2049	11679
2050	11695
2051	11712
2052	11725
2053	11735
2054	11750
2055	11760
2056	11778
2057	11796
2058	11813
2059	11824
2060	11836
2061	11845
2062	11855
2063	11867
2064	11883
2065	11896
2066	11904
2067	11915
2068	11924
2069	11934
2070	11938
2071	11954
2072	11970
2073	11985
2074	11998
2075	12008
2076	12026
2077	12037
2078	12046
2079	12061
2080	12071
2081	12085
2082	12097
2083	12111
2084	12122
2085	12135
2086	12148
2087	12166
2088	12179
2089	12187
2090	12197
2091	12209
2092	12219
2093	12232
2094	12244
2095	12252
2096	12270
2097	12279
2098	12295
2099	12309
2100	12323
2101	12335
2102	12342
2103	12351
2104	12362
2105	12376
2106	12387
2107	12402
2108	12407
2109	12415
2110	12422
2111	12429
2112	12444
2113	12458
2114	12465
2115	12477
2116	12485
2117	12492
2118	12503
2119	12509
2120	12518
2121	12535
2122	12549
2123	12556
2124	12563
2125	12576
2126	12584
2127	12592
2128	12602
2129	12617
2130	12629
2131	12641
2132	12656
2133	12666
2134	12679
2135	12687
2136	12698
2137	12711
2138	12714
2139	12722
2140	12730
2141	12737
2142	12747
2143	12751
2144	12756
2145	12765
2146	12777
2147	12783
2148	12792
2149	12801
2150	12808
2151	12814
2152	12819
2153	12829
2154	12835
2155	12841
2156	12843
2157	12852
2158	12861
2159	12866
2160	12873
2161	12878
2162	12886
2163	12901
2164	12906
2165	12910
2166	12913
2167	12919
2168	12922
2169	12929
2170	12939
2171	12948
2172	12951
2173	12956
2174	12962
2175	12970
2176	12982
2177	12988
2178	12999
2179	13005
2180	13012
2181	13020
2182	13024
2183	13030
2184	13037
2185	13042
2186	13045
2187	13048
2188	13055
2189	13060
2190	13067
2191	13072
2192	13078
2193	13081
2194	13085
2195	13091
2196	13100
2197	13108
2198	13117
2199	13123
2200	13126
2201	13128
2202	13136
2203	13138
2204	13146
2205	13151
2206	13160
2207	13166
2208	13171
2209	13180
2210	13193
2211	13195
2212	13203
2213	13210
2214	13217
2215	13221
2216	13229
2217	13231
2218	13237
2219	13247
2220	13258
2221	13264
2222	13273
2223	13283
2224	13290
2225	13298
2226	13311
2227	13320
2228	13326
2229	13333
2230	13342
2231	13355
2232	13370
2233	13383
2234	13394
2235	13399
2236	13407
2237	13417
2238	13431
2239	13441
2240	13455
2241	13465
2242	13470
2243	13478
2244	13493
2245	13508
2246	13520
2247	13529
2248	13538
2249	13551
2250	13564
2251	13575
2252	13581
2253	13601
2254	13613
2255	13629
2256	13641
2257	13650
2258	13659
2259	13674
2260	13688
2261	13701
2262	13713
2263	13726
2264	13746
2265	13762
2266	13774
2267	13786
2268	13794
2269	13807
2270	13817
2271	13830
2272	13844
2273	13853
2274	13869
2275	13883
2276	13896
2277	13905
2278	13914
2279	13925
2280	13937
2281	13943
2282	13959
2283	13971
2284	13980
2285	14000
2286	14012
2287	14020
2288	14038
2289	14057
2290	14069
2291	14078
2292	14089
2293	14107
2294	14117
2295	14128
2296	14138
2297	14149
2298	14163
2299	14177
2300	14195
2301	14221
2302	14236
2303	14246
2304	14255
2305	14271
2306	14289
2307	14298
2308	14310
2309	14330
2310	14343
2311	14354
2312	14367
2313	14375
2314	14396
2315	14407
2316	14417
2317	14425
2318	14431
2319	14443
2320	14454
2321	14467
2322	14474
2323	14484
2324	14495
2325	14505
2326	14512
2327	14523
2328	14536
2329	14547
2330	14550
2331	14560
2332	14567
2333	14574
2334	14586
2335	14599
2336	14612
2337	14617
2338	14624
2339	14633
2340	14645
2341	14656
2342	14669
2343	14677
2344	14689
2345	14701
2346	14708
2347	14721
2348	14735
2349	14750
2350	14768
2351	14780
2352	14792
2353	14802
2354	14813
2355	14828
2356	14834
2357	14846
2358	14856
2359	14866
2360	14873
2361	14878
2362	14892
2363	14899
2364	14909
2365	14922
2366	14933
2367	14941
2368	14949
2369	14960
2370	14968
2371	14979
2372	14995
2373	15004
2374	15019
2375	15028
2376	15041
2377	15053
2378	15068
2379	15081
2380	15094
2381	15109
2382	15117
2383	15124
2384	15134
2385	15144
2386	15161
2387	15178
2388	15192
2389	15202
2390	15208
2391	15229
2392	15251
2393	15267
2394	15284
2395	15297
2396	15312
2397	15319
2398	15340
2399	15348
2400	15363
2401	15374
2402	15388
2403	15401
2404	15418
2405	15427
2406	15448
2407	15456
2408	15472
2409	15483
2410	15491
2411	15502
2412	15511
2413	15535
2414	15547
2415	15557
2416	15570
2417	15580
2418	15590
2419	15602
2420	15608
2421	15623
2422	15636
2423	15651
2424	15666
2425	15686
2426	15700
2427	15712
2428	15732
2429	15748
2430	15761
2431	15773
2432	15792
2433	15800
2434	15825
2435	15846
2436	15865
2437	15881
2438	15894
2439	15905
2440	15922
2441	15935
2442	15953
2443	15967
2444	15985
2445	15995
2446	16020
2447	16034
2448	16051
2449	16063
2450	16087
2451	16096
2452	16109
2453	16125
2454	16145
2455	16167
2456	16184
2457	16195
2458	16203
2459	16212
2460	16221
2461	16238
2462	16256
2463	16267
2464	16286
2465	16305
2466	16316
2467	16328
2468	16337
2469	16358
2470	16378
2471	16393
2472	16409
2473	16414
2474	16429
2475	16433
2476	16445
2477	16453
2478	16471
2479	16476
2480	16484
2481	16503
2482	16515
2483	16522
2484	16532
2485	16543
2486	16550
2487	16563
2488	16578
2489	16586
2490	16598
2491	16609
2492	16618
2493	16625
2494	16631
2495	16642
2496	16650
2497	16667
2498	16678
2499	16687
2500	16695
2501	16704
2502	16715
2503	16728
2504	16742
2505	16747
2506	16760
2507	16769
2508	16775
2509	16784
2510	16792
2511	16806
2512	16817
2513	16828
2514	16835
2515	16838
2516	16842
2517	16852
2518	16860
2519	16869
2520	16877
2521	16883
2522	16892
2523	16902
2524	16907
2525	16919
2526	16928
2527	16933
2528	16938
2529	16945
2530	16954
2531	16965
2532	16974
2533	16977
2534	16992
2535	16999
2536	17004
2537	17012
2538	17020
2539	17036
2540	17048
2541	17065
2542	17071
2543	17079
2544	17086
2545	17094
2546	17103
2547	17112
2548	17122
2549	17128
2550	17138
2551	17142
2552	17149
2553	17154
2554	17163
2555	17172
2556	17182
2557	17190
2558	17198
2559	17203
2560	17207
2561	17211
2562	17218
2563	17228
2564	17230
2565	17237
2566	17241
2567	17251
2568	17261
2569	17265
2570	17270
2571	17276
2572	17283
2573	17293
2574	17306
2575	17313
2576	17319
2577	17331
2578	17338
2579	17342
2580	17353
2581	17362
2582	17373
2583	17386
2584	17393
2585	17402
2586	17408
2587	17414
2588	17418
2589	17422
2590	17429
2591	17434
2592	17439
2593	17448
2594	17458
2595	17463
2596	17471
2597	17480
2598	17490
2599	17503
2600	17513
2601	17526
2602	17536
2603	17546
2604	17556
2605	17567
2606	17576
2607	17590
2608	17598
2609	17610
2610	17630
2611	17646
2612	17658
2613	17667
2614	17687
2615	17702
2616	17719
2617	17731
2618	17747
2619	17761
2620	17770
2621	17782
2622	17801
2623	17821
2624	17841
2625	17856
2626	17873
2627	17889
2628	17903
2629	17913
2630	17930
2631	17947
2632	17960
2633	17971
2634	17981
2635	17995
2636	18011
2637	18026
2638	18045
2639	18061
2640	18075
2641	18081
2642	18094
2643	18113
2644	18130
2645	18146
2646	18155
2647	18166
2648	18181
2649	18187
2650	18198
2651	18219
2652	18234
2653	18254
2654	18269
2655	18288
2656	18308
2657	18314
2658	18330
2659	18349
2660	18366
2661	18380
2662	18386
2663	18393
2664	18404
2665	18417
2666	18429
2667	18443
2668	18455
2669	18464
2670	18474
2671	18495
2672	18510
2673	18520
2674	18539
2675	18554
2676	18568
2677	18581
2678	18589
2679	18601
2680	18623
2681	18636
2682	18648
2683	18658
2684	18672
2685	18690
2686	18699
2687	18711
2688	18731
2689	18741
2690	18749
2691	18762
2692	18771
2693	18782
2694	18798
2695	18809
2696	18815
2697	18821
2698	18826
2699	18836
2700	18845
2701	18856
2702	18860
2703	18865
2704	18870
2705	18878
2706	18882
2707	18883
2708	18894
2709	18904
2710	18914
2711	18921
2712	18932
2713	18942
2714	18949
2715	18966
2716	18973
2717	18984
2718	19001
2719	19008
2720	19014
2721	19018
2722	19025
2723	19034
2724	19044
2725	19051
2726	19058
2727	19073
2728	19079
2729	19090
2730	19099
2731	19112
2732	19124
2733	19131
2734	19141
2735	19154
2736	19170
2737	19185
2738	19200
2739	19210
2740	19221
2741	19228
2742	19236
2743	19248
2744	19261
2745	19281
2746	19292
2747	19309
2748	19314
2749	19325
2750	19339
2751	19354
2752	19363
2753	19372
2754	19393
2755	19413
2756	19436
2757	19460
2758	19481
2759	19498
2760	19514
2761	19532
2762	19545
2763	19568
2764	19593
2765	19613
2766	19632
2767	19648
2768	19653
