1	1
2	1
3	1
4	1
5	1
6	1
7	1
8	2
9	2
10	2
11	3
12	4
13	5
14	5
15	5
16	6
17	8
18	8
19	8
20	9
21	9
22	9
23	9
24	11
25	11
26	13
27	16
28	18
29	18
30	18
31	19
32	19
33	19
34	19
35	20
36	20
37	20
38	22
39	22
40	23
41	26
42	26
43	26
44	26
45	31
46	31
47	34
48	37
49	43
50	44
51	49
52	52
53	52
54	55
55	56
56	57
57	58
58	62
59	64
60	65
61	70
62	72
63	74
64	76
65	80
66	82
67	85
68	88
69	90
70	96
71	98
72	100
73	101
74	102
75	106
76	108
77	109
78	111
79	113
80	115
81	118
82	123
83	124
84	128
85	128
86	132
87	132
88	141
89	144
90	145
91	153
92	154
93	156
94	159
95	164
96	165
97	168
98	171
99	174
100	176
101	179
102	182
103	186
104	192
105	196
106	196
107	198
108	199
109	202
110	205
111	208
112	213
113	213
114	215
115	218
116	225
117	229
118	234
119	237
120	240
121	244
122	250
123	251
124	259
125	265
126	267
127	268
128	271
129	278
130	284
131	290
132	293
133	298
134	301
135	302
136	309
137	316
138	321
139	325
140	333
141	333
142	337
143	339
144	341
145	341
146	343
147	347
148	349
149	352
150	352
151	353
152	353
153	356
154	358
155	363
156	367
157	372
158	375
159	381
160	385
161	389
162	392
163	396
164	400
165	405
166	410
167	413
168	414
169	415
170	417
171	420
172	422
173	427
174	427
175	435
176	436
177	441
178	446
179	454
180	466
181	477
182	481
183	487
184	492
185	496
186	498
187	504
188	510
189	514
190	514
191	516
192	518
193	518
194	525
195	528
196	533
197	536
198	539
199	548
200	562
201	572
202	581
203	587
204	596
205	610
206	621
207	631
208	641
209	647
210	664
211	675
212	680
213	688
214	697
215	707
216	717
217	722
218	725
219	731
220	740
221	745
222	758
223	767
224	774
225	781
226	792
227	803
228	808
229	815
230	823
231	840
232	847
233	851
234	857
235	866
236	877
237	882
238	895
239	907
240	914
241	924
242	932
243	947
244	955
245	971
246	980
247	990
248	999
249	1018
250	1027
251	1036
252	1045
253	1054
254	1065
255	1081
256	1093
257	1101
258	1110
259	1121
260	1128
261	1134
262	1141
263	1149
264	1157
265	1167
266	1185
267	1194
268	1204
269	1210
270	1220
271	1239
272	1252
273	1266
274	1278
275	1289
276	1303
277	1321
278	1332
279	1348
280	1368
281	1384
282	1400
283	1407
284	1429
285	1438
286	1460
287	1478
288	1484
289	1490
290	1508
291	1529
292	1544
293	1560
294	1576
295	1584
296	1592
297	1606
298	1620
299	1646
300	1663
301	1677
302	1687
303	1695
304	1706
305	1717
306	1734
307	1746
308	1759
309	1770
310	1776
311	1792
312	1809
313	1831
314	1843
315	1854
316	1870
317	1885
318	1898
319	1909
320	1928
321	1946
322	1968
323	1977
324	1984
325	2014
326	2034
327	2052
328	2069
329	2081
330	2092
331	2099
332	2117
333	2136
334	2162
335	2179
336	2193
337	2208
338	2215
339	2229
340	2250
341	2277
342	2304
343	2325
344	2343
345	2352
346	2364
347	2379
348	2397
349	2419
350	2432
351	2447
352	2461
353	2482
354	2495
355	2516
356	2541
357	2560
358	2576
359	2586
360	2606
361	2634
362	2655
363	2675
364	2700
365	2717
366	2724
367	2740
368	2763
369	2788
370	2807
371	2830
372	2840
373	2847
374	2855
375	2878
376	2903
377	2924
378	2944
379	2959
380	2972
381	2987
382	3031
383	3062
384	3081
385	3100
386	3109
387	3121
388	3148
389	3165
390	3193
391	3219
392	3235
393	3245
394	3260
395	3271
396	3289
397	3313
398	3342
399	3360
400	3377
401	3395
402	3417
403	3434
404	3453
405	3474
406	3494
407	3505
408	3516
409	3540
410	3557
411	3581
412	3609
413	3627
414	3646
415	3658
416	3681
417	3706
418	3727
419	3757
420	3778
421	3794
422	3809
423	3834
424	3853
425	3875
426	3905
427	3928
428	3952
429	3969
430	3994
431	4030
432	4051
433	4077
434	4098
435	4113
436	4131
437	4157
438	4185
439	4211
440	4239
441	4258
442	4283
443	4295
444	4317
445	4337
446	4354
447	4375
448	4403
449	4427
450	4442
451	4475
452	4510
453	4530
454	4554
455	4582
456	4592
457	4609
458	4632
459	4660
460	4682
461	4711
462	4736
463	4760
464	4780
465	4812
466	4843
467	4866
468	4890
469	4914
470	4934
471	4954
472	4982
473	5017
474	5049
475	5072
476	5095
477	5116
478	5136
479	5168
480	5195
481	5223
482	5247
483	5263
484	5283
485	5303
486	5329
487	5360
488	5387
489	5412
490	5429
491	5450
492	5462
493	5485
494	5526
495	5559
496	5581
497	5611
498	5624
499	5640
500	5662
501	5693
502	5738
503	5769
504	5800
505	5817
506	5831
507	5866
508	5890
509	5917
510	5933
511	5944
512	5951
513	5971
514	6002
515	6030
516	6063
517	6100
518	6111
519	6122
520	6155
521	6199
522	6231
523	6257
524	6292
525	6323
526	6346
527	6370
528	6399
529	6436
530	6491
531	6534
532	6561
533	6595
534	6624
535	6655
536	6700
537	6738
538	6770
539	6816
540	6842
541	6860
542	6904
543	6933
544	6953
545	6995
546	7031
547	7065
548	7084
549	7118
550	7145
551	7185
552	7222
553	7246
554	7280
555	7302
556	7336
557	7386
558	7433
559	7480
560	7523
561	7558
562	7583
563	7623
564	7668
565	7711
566	7754
567	7800
568	7825
569	7843
570	7883
571	7917
572	7953
573	8007
574	8043
575	8068
576	8087
577	8109
578	8144
579	8175
580	8214
581	8249
582	8272
583	8296
584	8335
585	8376
586	8419
587	8463
588	8505
589	8539
590	8576
591	8624
592	8658
593	8704
594	8738
595	8785
596	8805
597	8835
598	8879
599	8926
600	8965
601	9003
602	9042
603	9069
604	9095
605	9127
606	9159
607	9205
608	9249
609	9277
610	9299
611	9324
612	9357
613	9407
614	9458
615	9499
616	9546
617	9580
618	9614
619	9649
620	9697
621	9749
622	9791
623	9835
624	9858
625	9889
626	9930
627	9975
628	10022
629	10072
630	10122
631	10150
632	10179
633	10220
634	10264
635	10301
636	10341
637	10366
638	10377
639	10412
640	10459
641	10508
642	10554
643	10598
644	10639
645	10656
646	10687
647	10726
648	10772
649	10825
650	10872
651	10918
652	10946
653	10981
654	11026
655	11077
656	11132
657	11188
658	11224
659	11256
660	11284
661	11352
662	11410
663	11474
664	11521
665	11569
666	11606
667	11622
668	11664
669	11708
670	11761
671	11822
672	11887
673	11921
674	11958
675	12007
676	12060
677	12115
678	12183
679	12233
680	12264
681	12293
682	12336
683	12377
684	12436
685	12509
686	12548
687	12591
688	12620
689	12666
690	12717
691	12758
692	12819
693	12882
694	12919
695	12951
696	13002
697	13056
698	13104
699	13176
700	13239
701	13274
702	13308
703	13375
704	13449
705	13526
706	13586
707	13662
708	13698
709	13737
710	13804
711	13872
712	13942
713	14025
714	14103
715	14144
716	14190
717	14243
718	14315
719	14378
720	14450
721	14523
722	14578
723	14637
724	14721
725	14800
726	14881
727	14954
728	15019
729	15059
730	15096
731	15163
732	15232
733	15298
734	15362
735	15429
736	15469
737	15496
738	15571
739	15636
740	15706
741	15786
742	15859
743	15913
744	15949
745	16007
746	16073
747	16151
748	16217
749	16286
750	16323
751	16371
752	16440
753	16507
754	16588
755	16666
756	16747
757	16782
758	16813
759	16874
760	16951
761	17016
762	17081
763	17158
764	17196
765	17234
766	17292
767	17346
768	17411
769	17475
770	17538
771	17569
772	17605
773	17663
774	17724
775	17780
776	17843
777	17901
778	17941
779	17973
780	18032
781	18089
782	18157
783	18214
784	18278
785	18321
786	18363
787	18418
788	18487
789	18560
790	18612
791	18672
792	18708
793	18741
794	18812
795	18873
796	18926
797	18996
798	19066
799	19094
800	19133
801	19202
802	19279
803	19337
804	19397
805	19455
806	19497
807	19541
808	19604
809	19688
810	19741
811	19806
812	19872
813	19919
814	19951
815	20011
816	20088
817	20147
818	20223
819	20291
820	20331
821	20361
822	20415
823	20482
824	20558
825	20616
826	20682
827	20724
828	20791
829	20859
830	20941
831	21023
832	21100
833	21172
834	21225
835	21274
836	21333
837	21408
838	21478
839	21540
840	21585
841	21628
842	21667
843	21734
844	21807
845	21874
846	21944
847	21988
848	22031
849	22075
850	22130
851	22197
852	22278
853	22358
854	22413
855	22464
856	22519
857	22611
858	22691
859	22769
860	22838
861	22912
862	22957
863	23000
864	23071
865	23136
866	23204
867	23277
868	23331
869	23372
870	23415
871	23479
872	23545
873	23617
874	23670
875	23715
876	23748
877	23770
878	23813
879	23869
880	23940
881	23994
882	24042
883	24072
884	24107
885	24134
886	24187
887	24266
888	24331
889	24395
890	24452
891	24512
892	24597
893	24683
894	24773
895	24866
896	24950
897	25002
898	25046
899	25123
900	25209
901	25300
902	25403
903	25480
904	25537
905	25583
906	25684
907	25767
908	25854
909	25952
910	26027
911	26082
912	26133
913	26228
914	26333
915	26423
916	26518
917	26593
918	26666
919	26746
920	26850
921	26950
922	27037
923	27138
924	27215
925	27267
926	27346
927	27438
928	27524
929	27626
930	27715
931	27817
932	27867
933	27915
934	28034
935	28148
936	28263
937	28362
938	28449
939	28511
940	28581
941	28702
942	28807
943	28910
944	29004
945	29098
946	29162
947	29233
948	29357
949	29461
950	29587
951	29707
952	29798
953	29864
954	29933
955	30052
956	30152
957	30265
958	30374
959	30486
960	30553
961	30617
962	30727
963	30856
964	30971
965	31071
966	31177
967	31255
968	31336
969	31439
970	31541
971	31662
972	31791
973	31887
974	31947
975	32000
976	32096
977	32233
978	32393
979	32541
980	32644
981	32709
982	32780
983	32901
984	33043
985	33171
986	33308
987	33421
988	33490
989	33550
990	33661
991	33805
992	33924
993	34051
994	34170
995	34270
996	34343
997	34450
998	34582
999	34723
1000	34863
1001	34993
1002	35090
1003	35160
1004	35262
1005	35396
1006	35517
1007	35663
1008	35804
1009	35865
1010	35934
1011	36063
1012	36179
1013	36288
1014	36415
1015	36520
1016	36593
1017	36663
1018	36799
1019	36924
1020	37062
1021	37203
1022	37334
1023	37431
1024	37503
1025	37630
1026	37775
1027	37938
1028	38077
1029	38213
1030	38286
1031	38379
1032	38505
1033	38640
1034	38787
1035	38907
1036	39030
1037	39093
1038	39182
1039	39289
1040	39393
1041	39514
1042	39633
1043	39744
1044	39809
1045	39877
1046	39988
1047	40141
1048	40284
1049	40423
1050	40538
1051	40613
1052	40677
1053	40801
1054	40926
1055	41076
1056	41205
1057	41338
1058	41406
1059	41477
1060	41604
1061	41748
1062	41899
1063	42036
1064	42169
1065	42245
1066	42332
1067	42449
1068	42604
1069	42769
1070	42906
1071	43041
1072	43110
1073	43169
1074	43301
1075	43423
1076	43572
1077	43717
1078	43865
1079	43940
1080	44025
1081	44167
1082	44313
1083	44456
1084	44610
1085	44768
1086	44835
1087	44905
1088	45067
1089	45226
1090	45383
1091	45531
1092	45653
1093	45739
1094	45806
1095	45939
1096	46108
1097	46259
1098	46403
1099	46514
1100	46567
1101	46639
1102	46775
1103	46919
1104	47080
1105	47235
1106	47375
1107	47428
1108	47497
1109	47630
1110	47773
1111	47928
1112	48071
1113	48212
1114	48297
1115	48391
1116	48537
1117	48688
1118	48855
1119	49014
1120	49161
1121	49227
1122	49317
1123	49441
1124	49562
1125	49701
1126	49825
1127	49922
1128	49996
1129	50067
1130	50184
1131	50299
1132	50433
1133	50556
1134	50674
1135	50753
1136	50832
1137	50959
1138	51100
1139	51237
1140	51384
1141	51516
1142	51579
1143	51637
1144	51755
1145	51883
1146	52009
1147	52138
1148	52249
1149	52309
1150	52382
1151	52522
1152	52645
1153	52766
1154	52896
1155	53027
1156	53085
1157	53153
1158	53251
1159	53371
1160	53498
1161	53612
1162	53737
1163	53806
1164	53893
1165	54010
1166	54133
1167	54260
1168	54414
1169	54535
1170	54601
1171	54675
1172	54814
1173	54953
1174	55090
1175	55239
1176	55364
1177	55448
1178	55505
1179	55620
1180	55761
1181	55869
1182	56002
1183	56101
1184	56175
1185	56222
1186	56340
1187	56471
1188	56604
1189	56752
1190	56905
1191	56989
1192	57075
1193	57207
1194	57355
1195	57509
1196	57657
1197	57777
1198	57840
1199	57912
1200	58047
1201	58182
1202	58329
1203	58476
1204	58590
1205	58671
1206	58758
1207	58890
1208	59029
1209	59176
1210	59294
1211	59409
1212	59478
1213	59556
1214	59694
1215	59837
1216	59966
1217	60087
1218	60199
1219	60278
1220	60362
1221	60488
1222	60611
1223	60751
1224	60898
1225	61025
1226	61094
1227	61162
1228	61310
1229	61475
1230	61611
1231	61737
1232	61849
1233	61919
1234	61988
1235	62121
1236	62245
1237	62353
1238	62504
1239	62603
1240	62651
1241	62699
1242	62789
1243	62904
1244	63037
1245	63161
1246	63262
1247	63314
1248	63363
1249	63507
1250	63649
1251	63784
1252	63918
1253	64036
1254	64114
1255	64188
1256	64339
1257	64479
1258	64632
1259	64782
1260	64934
1261	65004
1262	65079
1263	65201
1264	65332
1265	65473
1266	65612
1267	65745
1268	65834
1269	65902
1270	66030
1271	66178
1272	66331
1273	66466
1274	66611
1275	66685
1276	66772
1277	66961
1278	67119
1279	67280
1280	67444
1281	67596
1282	67688
1283	67774
1284	67896
1285	68038
1286	68187
1287	68330
1288	68486
1289	68584
1290	68675
1291	68830
1292	68959
1293	69102
1294	69239
1295	69380
1296	69473
1297	69579
1298	69752
1299	69891
1300	70055
1301	70244
1302	70367
1303	70460
1304	70563
1305	70722
1306	70860
1307	70997
1308	71166
1309	71304
1310	71391
1311	71463
1312	71607
1313	71760
1314	71893
1315	72029
1316	72170
1317	72249
1318	72333
1319	72452
1320	72599
1321	72744
1322	72893
1323	73022
1324	73108
1325	73182
1326	73323
1327	73472
1328	73635
1329	73779
1330	73884
1331	73961
1332	74053
1333	74185
1334	74327
1335	74474
1336	74643
1337	74785
1338	74857
1339	74936
1340	75112
1341	75255
1342	75420
1343	75573
1344	75712
1345	75810
1346	75904
1347	76045
1348	76194
1349	76319
1350	76480
1351	76616
1352	76695
1353	76789
1354	76912
1355	77057
1356	77223
1357	77384
1358	77534
1359	77613
1360	77699
1361	77866
1362	78032
1363	78167
1364	78330
1365	78469
1366	78560
1367	78642
1368	78799
1369	78925
1370	79090
1371	79238
1372	79386
1373	79497
1374	79568
1375	79698
1376	79871
1377	80043
1378	80211
1379	80334
1380	80423
1381	80493
1382	80635
1383	80800
1384	80908
1385	81040
1386	81159
1387	81251
1388	81320
1389	81452
1390	81614
1391	81779
1392	81923
1393	82058
1394	82133
1395	82198
1396	82306
1397	82435
1398	82583
1399	82701
1400	82877
1401	82981
1402	83080
1403	83210
1404	83356
1405	83508
1406	83664
1407	83804
1408	83880
1409	83962
1410	84082
1411	84204
1412	84358
1413	84499
1414	84624
1415	84718
1416	84777
1417	84924
1418	85075
1419	85235
1420	85388
1421	85522
1422	85597
1423	85671
1424	85828
1425	86005
1426	86169
1427	86340
1428	86461
1429	86533
1430	86619
1431	86781
1432	86928
1433	87081
1434	87230
1435	87377
1436	87479
1437	87561
1438	87691
1439	87849
1440	88027
1441	88188
1442	88347
1443	88432
1444	88512
1445	88678
1446	88857
1447	89036
1448	89216
1449	89370
1450	89470
1451	89554
1452	89704
1453	89892
1454	90036
1455	90208
1456	90353
1457	90433
1458	90527
1459	90710
1460	90888
1461	91077
1462	91244
1463	91395
1464	91471
1465	91563
1466	91715
1467	91875
1468	92052
1469	92225
1470	92359
1471	92445
1472	92533
1473	92695
1474	92850
1475	93002
1476	93155
1477	93318
1478	93401
1479	93445
1480	93584
1481	93721
1482	93891
1483	94070
1484	94201
1485	94279
1486	94357
1487	94515
1488	94669
1489	94820
1490	95004
1491	95138
1492	95211
1493	95281
1494	95393
1495	95507
1496	95636
1497	95781
1498	95893
1499	95960
1500	96024
1501	96170
1502	96296
1503	96419
1504	96569
1505	96684
1506	96749
1507	96820
1508	96955
1509	97085
1510	97209
1511	97353
1512	97486
1513	97557
1514	97639
1515	97804
1516	97939
1517	98103
1518	98264
1519	98421
1520	98490
1521	98558
1522	98710
1523	98863
1524	99029
1525	99174
1526	99301
1527	99384
1528	99440
1529	99588
1530	99726
1531	99917
1532	100094
1533	100257
1534	100327
1535	100398
1536	100549
1537	100706
1538	100878
1539	101015
1540	101152
1541	101243
1542	101331
1543	101499
1544	101647
1545	101800
1546	101945
1547	102088
1548	102161
1549	102243
1550	102385
1551	102547
1552	102709
1553	102858
1554	102994
1555	103065
1556	103150
1557	103316
1558	103472
1559	103634
1560	103790
1561	103913
1562	103983
1563	104070
1564	104206
1565	104357
1566	104497
1567	104639
1568	104767
1569	104852
1570	104924
1571	105077
1572	105237
1573	105400
1574	105533
1575	105652
1576	105741
1577	105827
1578	105976
1579	106122
1580	106265
1581	106435
1582	106567
1583	106665
1584	106741
1585	106862
1586	107015
1587	107158
1588	107322
1589	107454
1590	107538
1591	107625
1592	107773
1593	107940
1594	108113
1595	108275
1596	108449
1597	108523
1598	108607
1599	108771
1600	108934
1601	109094
1602	109234
1603	109375
1604	109427
1605	109487
1606	109586
1607	109651
1608	109771
1609	109898
1610	110016
1611	110120
1612	110201
1613	110301
1614	110375
1615	110499
1616	110623
1617	110779
1618	110875
1619	110951
1620	111111
1621	111264
1622	111428
1623	111603
1624	111745
1625	111839
1626	111921
1627	112078
1628	112229
1629	112407
1630	112548
1631	112707
1632	112785
1633	112832
1634	113007
1635	113175
1636	113352
1637	113500
1638	113630
1639	113709
1640	113784
1641	113935
1642	114099
1643	114246
1644	114416
1645	114573
1646	114662
1647	114749
1648	114892
1649	115036
1650	115181
1651	115352
1652	115486
1653	115564
1654	115651
1655	115799
1656	115948
1657	116131
1658	116302
1659	116444
1660	116553
1661	116636
1662	116789
1663	116956
1664	117118
1665	117309
1666	117460
1667	117544
1668	117630
1669	117824
1670	118002
1671	118166
1672	118374
1673	118533
1674	118628
1675	118717
1676	118908
1677	119087
1678	119280
1679	119470
1680	119596
1681	119690
1682	119773
1683	119924
1684	120101
1685	120285
1686	120467
1687	120626
1688	120701
1689	120781
1690	120950
1691	121139
1692	121318
1693	121457
1694	121620
1695	121719
1696	121801
1697	121996
1698	122170
1699	122350
1700	122496
1701	122637
1702	122748
1703	122822
1704	122950
1705	123129
1706	123325
1707	123498
1708	123672
1709	123774
1710	123866
1711	124025
1712	124169
1713	124317
1714	124467
1715	124632
1716	124720
1717	124804
1718	124961
1719	125119
1720	125277
1721	125426
1722	125572
1723	125649
1724	125728
1725	125880
1726	126043
1727	126194
1728	126355
1729	126507
1730	126569
1731	126659
1732	126801
1733	126930
1734	127061
1735	127194
1736	127349
1737	127460
1738	127548
1739	127676
1740	127814
1741	127980
1742	128101
1743	128254
1744	128345
1745	128406
1746	128545
1747	128690
1748	128827
1749	128962
1750	129087
1751	129170
1752	129241
1753	129361
1754	129526
1755	129668
1756	129809
1757	129952
1758	130017
1759	130081
1760	130209
1761	130350
1762	130486
1763	130615
1764	130753
1765	130824
1766	130888
1767	131023
1768	131142
1769	131300
1770	131446
1771	131569
1772	131644
1773	131736
1774	131854
1775	131984
1776	132139
1777	132285
1778	132400
1779	132474
1780	132529
1781	132662
1782	132813
1783	132959
1784	133087
1785	133215
1786	133289
1787	133350
1788	133495
1789	133631
1790	133768
1791	133899
1792	134027
1793	134087
1794	134145
1795	134255
1796	134381
1797	134511
1798	134650
1799	134775
1800	134836
1801	134902
1802	135043
1803	135188
1804	135335
1805	135474
1806	135591
1807	135653
1808	135722
1809	135844
1810	135985
1811	136139
1812	136285
1813	136430
1814	136516
1815	136592
1816	136723
1817	136877
1818	137032
1819	137172
1820	137299
1821	137372
1822	137463
1823	137622
1824	137762
1825	137915
1826	138074
1827	138204
1828	138282
1829	138360
1830	138501
1831	138633
1832	138773
1833	138911
1834	139022
1835	139073
1836	139137
1837	139284
1838	139409
1839	139536
1840	139642
1841	139756
1842	139822
1843	139894
1844	140004
1845	140125
1846	140276
1847	140407
1848	140553
1849	140613
1850	140703
1851	140832
1852	140965
1853	141104
1854	141255
1855	141382
1856	141456
1857	141531
1858	141675
1859	141839
1860	141985
1861	142133
1862	142252
1863	142330
1864	142398
1865	142528
1866	142678
1867	142822
1868	142970
1869	143101
1870	143175
1871	143248
1872	143412
1873	143550
1874	143714
1875	143866
1876	144017
1877	144094
1878	144188
1879	144344
1880	144538
1881	144725
1882	144914
1883	145083
1884	145167
1885	145249
1886	145403
1887	145577
1888	145725
1889	145877
1890	146048
1891	146132
1892	146216
1893	146390
1894	146574
1895	146728
1896	146897
1897	147061
1898	147156
1899	147252
1900	147394
1901	147546
1902	147719
1903	147896
1904	148043
1905	148136
1906	148232
1907	148395
1908	148592
1909	148744
1910	148919
1911	149063
1912	149154
1913	149238
1914	149397
1915	149578
1916	149722
1917	149874
1918	150004
1919	150083
1920	150172
1921	150314
1922	150475
1923	150626
1924	150805
1925	150961
1926	151059
1927	151145
1928	151276
1929	151444
1930	151587
1931	151750
1932	151879
1933	151972
1934	152064
1935	152215
1936	152387
1937	152561
1938	152739
1939	152892
1940	152977
1941	153060
1942	153189
1943	153364
1944	153526
1945	153695
1946	153832
1947	153918
1948	154001
1949	154150
1950	154288
1951	154443
1952	154626
1953	154781
1954	154888
1955	154985
1956	155137
1957	155304
1958	155484
1959	155661
1960	155809
1961	155891
1962	155971
1963	156139
1964	156300
1965	156485
1966	156650
1967	156766
1968	156847
1969	156919
1970	157056
1971	157175
1972	157256
1973	157412
1974	157544
1975	157621
1976	157700
1977	157822
1978	157928
1979	158006
1980	158142
1981	158284
1982	158374
1983	158452
1984	158619
1985	158767
1986	158960
1987	159123
1988	159287
1989	159367
1990	159461
1991	159606
1992	159774
1993	159941
1994	160125
1995	160288
1996	160382
1997	160466
1998	160628
1999	160771
2000	160933
2001	161116
2002	161296
2003	161406
2004	161508
2005	161659
2006	161821
2007	161980
2008	162182
2009	162341
2010	162429
2011	162527
2012	162666
2013	162811
2014	163008
2015	163209
2016	163374
2017	163463
2018	163561
2019	163752
2020	163933
2021	164123
2022	164337
2023	164504
2024	164621
2025	164737
2026	164919
2027	165125
2028	165339
2029	165539
2030	165725
2031	165841
2032	165943
2033	166154
2034	166320
2035	166516
2036	166714
2037	166878
2038	166984
2039	167090
2040	167251
2041	167441
2042	167616
2043	167790
2044	167967
2045	168093
2046	168195
2047	168356
2048	168576
2049	168742
2050	168963
2051	169150
2052	169256
2053	169351
2054	169541
2055	169743
2056	169932
2057	170148
2058	170330
2059	170450
2060	170545
2061	170732
2062	170941
2063	171127
2064	171318
2065	171458
2066	171579
2067	171686
2068	171878
2069	172067
2070	172258
2071	172443
2072	172632
2073	172763
2074	172857
2075	173030
2076	173228
2077	173425
2078	173601
2079	173756
2080	173865
2081	173973
2082	174141
2083	174326
2084	174494
2085	174670
2086	174836
2087	174946
2088	175031
2089	175195
2090	175352
2091	175519
2092	175709
2093	175876
2094	175971
2095	176076
2096	176235
2097	176407
2098	176550
2099	176691
2100	176843
2101	176949
2102	177024
2103	177176
2104	177367
2105	177533
2106	177701
2107	177841
2108	177933
2109	178032
2110	178191
2111	178359
2112	178513
2113	178676
2114	178793
2115	178867
2116	178961
2117	179118
2118	179260
2119	179432
2120	179605
2121	179749
2122	179832
2123	179916
2124	180049
2125	180220
2126	180349
2127	180521
2128	180664
2129	180744
2130	180820
2131	180936
2132	181076
2133	181217
2134	181392
2135	181497
2136	181579
2137	181652
2138	181795
2139	181959
2140	182122
2141	182255
2142	182391
2143	182477
2144	182575
2145	182717
2146	182870
2147	182997
2148	183156
2149	183297
2150	183374
2151	183461
2152	183616
2153	183772
2154	183929
2155	184063
2156	184201
2157	184287
2158	184370
2159	184505
2160	184630
2161	184768
2162	184899
2163	185030
2164	185113
2165	185185
2166	185334
2167	185470
2168	185634
2169	185808
2170	185966
2171	186042
2172	186118
2173	186264
2174	186442
2175	186615
2176	186776
2177	186933
2178	187018
2179	187086
2180	187236
2181	187389
2182	187568
2183	187732
2184	187871
2185	187952
2186	188057
2187	188222
2188	188379
2189	188528
2190	188696
2191	188845
2192	188923
2193	188990
2194	189121
2195	189267
2196	189443
2197	189596
2198	189732
2199	189797
2200	189874
2201	190019
2202	190174
2203	190338
2204	190474
2205	190579
2206	190653
2207	190724
2208	190861
2209	191005
2210	191168
2211	191310
2212	191446
2213	191524
2214	191580
2215	191710
2216	191852
2217	191995
2218	192142
2219	192269
2220	192339
2221	192416
2222	192516
2223	192653
2224	192781
2225	192925
2226	193045
2227	193121
2228	193200
2229	193323
2230	193440
2231	193570
2232	193713
2233	193856
2234	193937
2235	194004
2236	194123
2237	194281
2238	194446
2239	194601
2240	194742
2241	194835
2242	194921
2243	195060
2244	195230
2245	195382
2246	195532
2247	195686
2248	195772
2249	195871
2250	196019
2251	196182
2252	196332
2253	196463
2254	196572
2255	196661
2256	196737
2257	196854
2258	196993
2259	197142
2260	197296
2261	197428
2262	197499
2263	197577
2264	197714
2265	197871
2266	197994
2267	198164
2268	198284
2269	198347
2270	198415
2271	198573
2272	198707
2273	198843
2274	198952
2275	199086
2276	199161
2277	199233
2278	199366
2279	199509
2280	199638
2281	199778
2282	199884
2283	199939
2284	199990
2285	200111
2286	200234
2287	200348
2288	200502
2289	200619
2290	200700
2291	200782
2292	200910
2293	201069
2294	201226
2295	201365
2296	201486
2297	201553
2298	201622
2299	201750
2300	201876
2301	202015
2302	202168
2303	202298
2304	202361
2305	202415
2306	202535
2307	202671
2308	202814
2309	202926
2310	203025
2311	203104
2312	203164
2313	203288
2314	203426
2315	203563
2316	203693
2317	203807
2318	203873
2319	203944
2320	204062
2321	204190
2322	204329
2323	204446
2324	204565
2325	204631
2326	204704
2327	204812
2328	204930
2329	205068
2330	205194
2331	205288
2332	205334
2333	205385
2334	205488
2335	205602
2336	205680
2337	205736
2338	205819
2339	205869
2340	205921
2341	206029
2342	206144
2343	206222
2344	206276
2345	206357
2346	206420
2347	206479
2348	206589
2349	206687
2350	206788
2351	206903
2352	207019
2353	207085
2354	207152
2355	207273
2356	207389
2357	207491
2358	207594
2359	207686
2360	207762
2361	207831
2362	207940
2363	208061
2364	208217
2365	208328
2366	208438
2367	208503
2368	208571
2369	208678
2370	208805
2371	208924
2372	209044
2373	209163
2374	209227
2375	209298
2376	209426
2377	209580
2378	209730
2379	209851
2380	209968
2381	210041
2382	210108
2383	210235
2384	210371
2385	210528
2386	210652
2387	210777
2388	210828
2389	210905
2390	211035
2391	211146
2392	211270
2393	211379
2394	211496
2395	211572
2396	211642
2397	211775
2398	211893
2399	212054
2400	212191
2401	212312
2402	212386
2403	212467
2404	212586
2405	212715
2406	212850
2407	212967
2408	213098
2409	213162
2410	213235
2411	213368
2412	213496
2413	213622
2414	213769
2415	213907
2416	213990
2417	214059
2418	214190
2419	214327
2420	214459
2421	214591
2422	214718
2423	214781
2424	214851
2425	214998
2426	215151
2427	215304
2428	215437
2429	215556
2430	215632
2431	215700
2432	215832
2433	215990
2434	216136
2435	216266
2436	216371
2437	216456
2438	216521
2439	216639
2440	216775
2441	216917
2442	217036
2443	217170
2444	217231
2445	217299
2446	217434
2447	217573
2448	217715
2449	217870
2450	218010
2451	218085
2452	218157
2453	218320
2454	218489
2455	218642
2456	218822
2457	218952
2458	219018
2459	219090
2460	219223
2461	219383
2462	219530
2463	219664
2464	219773
2465	219848
2466	219910
2467	220028
2468	220150
2469	220292
2470	220453
2471	220574
2472	220633
2473	220686
2474	220822
2475	220964
2476	221127
2477	221264
2478	221378
2479	221435
2480	221481
2481	221591
2482	221728
2483	221858
2484	221994
2485	222135
2486	222201
2487	222257
2488	222361
2489	222506
2490	222647
2491	222788
2492	222905
2493	222965
2494	223026
2495	223152
2496	223308
2497	223449
2498	223601
2499	223728
2500	223793
2501	223868
2502	223990
2503	224148
2504	224302
2505	224415
2506	224534
2507	224603
2508	224662
2509	224776
2510	224938
2511	225061
2512	225194
2513	225322
2514	225400
2515	225457
2516	225568
2517	225701
2518	225829
2519	225972
2520	226098
2521	226153
2522	226231
2523	226366
2524	226500
2525	226652
2526	226775
2527	226922
2528	226983
2529	227065
2530	227208
2531	227364
2532	227519
2533	227689
2534	227821
2535	227896
2536	227962
2537	228096
2538	228253
2539	228388
2540	228525
2541	228644
2542	228725
2543	228790
2544	228919
2545	229059
2546	229182
2547	229324
2548	229449
2549	229498
2550	229561
2551	229700
2552	229854
2553	230004
2554	230128
2555	230244
2556	230304
2557	230350
2558	230470
2559	230610
2560	230753
2561	230899
2562	231051
2563	231122
2564	231179
2565	231300
2566	231438
2567	231602
2568	231750
2569	231867
2570	231930
2571	231974
2572	232079
2573	232226
2574	232365
2575	232503
2576	232626
2577	232683
2578	232747
2579	232850
2580	232964
2581	233095
2582	233218
2583	233343
2584	233398
2585	233458
2586	233599
2587	233724
2588	233869
2589	233988
2590	234097
2591	234144
2592	234192
2593	234311
2594	234461
2595	234588
2596	234712
2597	234817
2598	234882
2599	234934
2600	235058
2601	235184
2602	235334
2603	235457
2604	235558
2605	235637
2606	235685
2607	235810
2608	235965
2609	236079
2610	236218
2611	236337
2612	236397
2613	236443
2614	236555
2615	236705
2616	236826
2617	236943
2618	237032
2619	237088
2620	237133
2621	237247
2622	237370
2623	237508
2624	237642
2625	237741
2626	237810
2627	237880
2628	237997
2629	238138
2630	238290
2631	238418
2632	238529
2633	238590
2634	238654
2635	238769
2636	238889
2637	239005
2638	239102
2639	239208
2640	239275
2641	239343
2642	239470
2643	239593
2644	239724
2645	239850
2646	239961
2647	240017
2648	240069
2649	240181
2650	240304
2651	240428
2652	240522
2653	240617
2654	240676
2655	240732
2656	240832
2657	240929
2658	241021
2659	241115
2660	241179
2661	241234
2662	241275
2663	241384
2664	241528
2665	241652
2666	241762
2667	241878
2668	241937
2669	241986
2670	242086
2671	242210
2672	242328
2673	242432
2674	242508
2675	242545
2676	242592
2677	242670
2678	242776
2679	242867
2680	242999
2681	243121
2682	243183
2683	243230
2684	243315
2685	243418
2686	243542
2687	243643
2688	243725
2689	243773
2690	243820
2691	243907
2692	243999
2693	244100
2694	244197
2695	244283
2696	244329
2697	244364
2698	244464
2699	244544
2700	244642
2701	244707
2702	244748
2703	244794
2704	244833
2705	244939
2706	245050
2707	245151
2708	245208
2709	245250
2710	245289
2711	245343
2712	245444
2713	245539
2714	245640
2715	245754
2716	245855
2717	245916
2718	245969
2719	246081
2720	246191
2721	246316
2722	246435
2723	246519
2724	246552
2725	246599
2726	246690
2727	246807
2728	246916
2729	247060
2730	247155
2731	247199
2732	247254
2733	247367
2734	247450
2735	247557
2736	247660
2737	247761
2738	247813
2739	247849
2740	247959
2741	248073
2742	248196
2743	248304
2744	248378
2745	248444
2746	248483
2747	248581
2748	248683
2749	248784
2750	248904
2751	249010
2752	249060
2753	249111
2754	249240
2755	249357
2756	249481
2757	249607
2758	249714
2759	249774
2760	249818
2761	249931
2762	250064
2763	250192
2764	250307
2765	250415
2766	250473
2767	250516
2768	250646
2769	250760
2770	250903
2771	251041
2772	251140
2773	251195
2774	251204
