1	1
2	3
3	4
4	8
5	9
6	14
7	18
8	19
9	19
10	19
11	20
12	20
13	21
14	24
15	26
16	28
17	29
18	30
19	33
20	34
21	39
22	43
23	49
24	49
25	51
26	60
27	67
28	72
29	77
30	82
31	84
32	89
33	96
34	103
35	109
36	111
37	113
38	115
39	117
40	123
41	127
42	134
43	142
44	145
45	148
46	161
47	184
48	223
49	245
50	264
51	277
52	286
53	303
54	329
55	354
56	375
57	397
58	407
59	412
60	433
61	449
62	461
63	482
64	495
65	503
66	509
67	516
68	530
69	554
70	563
71	577
72	580
73	583
74	598
75	616
76	625
77	634
78	647
79	653
80	658
81	666
82	681
83	699
84	713
85	717
86	728
87	734
88	742
89	756
90	766
91	780
92	789
93	791
94	796
95	807
96	823
97	837
98	849
99	857
100	859
101	862
102	872
103	883
104	892
105	904
106	909
107	914
108	918
109	920
110	932
111	947
112	952
113	962
114	965
115	968
116	978
117	985
118	993
119	1001
120	1008
121	1013
122	1015
123	1023
124	1034
125	1048
126	1058
127	1060
128	1064
129	1066
130	1078
131	1086
132	1099
133	1105
134	1109
135	1113
136	1119
137	1126
138	1140
139	1150
140	1161
141	1171
142	1173
143	1177
144	1187
145	1193
146	1204
147	1208
148	1215
149	1220
150	1224
151	1232
152	1247
153	1257
154	1263
155	1270
156	1277
157	1289
158	1299
159	1314
160	1331
161	1346
162	1358
163	1365
164	1371
165	1384
166	1398
167	1406
168	1416
169	1430
170	1440
171	1444
172	1453
173	1464
174	1474
175	1479
176	1502
177	1506
178	1515
179	1524
180	1542
181	1559
182	1574
183	1584
184	1593
185	1603
186	1615
187	1634
188	1649
189	1665
190	1680
191	1692
192	1705
193	1726
194	1740
195	1760
196	1778
197	1790
198	1805
199	1817
200	1825
201	1837
202	1850
203	1867
204	1877
205	1883
206	1889
207	1907
208	1925
209	1945
210	1960
211	1975
212	1987
213	1996
214	2014
215	2033
216	2052
217	2075
218	2099
219	2107
220	2119
221	2133
222	2153
223	2177
224	2185
225	2196
226	2202
227	2210
228	2215
229	2225
230	2246
231	2264
232	2279
233	2288
234	2294
235	2308
236	2327
237	2352
238	2374
239	2394
240	2409
241	2431
242	2455
243	2479
244	2506
245	2529
246	2542
247	2555
248	2569
249	2580
250	2601
251	2622
252	2640
253	2652
254	2657
255	2669
256	2685
257	2704
258	2726
259	2746
260	2771
261	2781
262	2791
263	2814
264	2837
265	2852
266	2869
267	2891
268	2906
269	2917
270	2930
271	2951
272	2969
273	2997
274	3011
275	3023
276	3037
277	3060
278	3086
279	3114
280	3144
281	3174
282	3186
283	3201
284	3224
285	3246
286	3273
287	3289
288	3313
289	3328
290	3349
291	3366
292	3392
293	3419
294	3448
295	3476
296	3496
297	3529
298	3544
299	3566
300	3610
301	3632
302	3650
303	3664
304	3677
305	3703
306	3731
307	3754
308	3793
309	3818
310	3829
311	3835
312	3863
313	3895
314	3925
315	3948
316	3981
317	3997
318	4014
319	4036
320	4076
321	4103
322	4141
323	4167
324	4185
325	4202
326	4232
327	4265
328	4291
329	4308
330	4339
331	4349
332	4364
333	4389
334	4413
335	4436
336	4459
337	4489
338	4501
339	4514
340	4533
341	4572
342	4603
343	4633
344	4664
345	4681
346	4700
347	4729
348	4757
349	4790
350	4810
351	4847
352	4866
353	4879
354	4906
355	4947
356	4990
357	5012
358	5050
359	5066
360	5081
361	5118
362	5157
363	5194
364	5240
365	5268
366	5284
367	5296
368	5329
369	5354
370	5394
371	5432
372	5460
373	5473
374	5489
375	5527
376	5562
377	5597
378	5635
379	5664
380	5680
381	5700
382	5737
383	5779
384	5814
385	5853
386	5885
387	5911
388	5931
389	5966
390	6005
391	6049
392	6090
393	6138
394	6164
395	6177
396	6212
397	6245
398	6276
399	6321
400	6357
401	6380
402	6404
403	6438
404	6474
405	6515
406	6556
407	6583
408	6599
409	6625
410	6662
411	6698
412	6747
413	6772
414	6810
415	6832
416	6855
417	6889
418	6924
419	6956
420	6988
421	7036
422	7069
423	7092
424	7128
425	7160
426	7185
427	7220
428	7261
429	7283
430	7302
431	7347
432	7372
433	7412
434	7453
435	7486
436	7512
437	7528
438	7572
439	7604
440	7645
441	7686
442	7717
443	7750
444	7775
445	7818
446	7852
447	7904
448	7939
449	7975
450	7994
451	8011
452	8046
453	8091
454	8137
455	8169
456	8217
457	8238
458	8256
459	8294
460	8334
461	8375
462	8424
463	8460
464	8482
465	8520
466	8572
467	8622
468	8667
469	8711
470	8762
471	8793
472	8826
473	8875
474	8922
475	8977
476	9025
477	9070
478	9092
479	9120
480	9176
481	9230
482	9283
483	9330
484	9364
485	9391
486	9426
487	9464
488	9517
489	9560
490	9598
491	9648
492	9680
493	9697
494	9741
495	9783
496	9835
497	9876
498	9927
499	9947
500	9981
501	10036
502	10084
503	10130
504	10183
505	10221
506	10253
507	10274
508	10317
509	10371
510	10411
511	10442
512	10460
513	10478
514	10500
515	10528
516	10571
517	10626
518	10662
519	10684
520	10712
521	10740
522	10776
523	10819
524	10868
525	10921
526	10970
527	10995
528	11019
529	11079
530	11140
531	11199
532	11250
533	11292
534	11329
535	11371
536	11424
537	11478
538	11533
539	11596
540	11640
541	11673
542	11739
543	11801
544	11873
545	11928
546	11987
547	12043
548	12085
549	12127
550	12181
551	12230
552	12294
553	12363
554	12418
555	12454
556	12493
557	12549
558	12619
559	12679
560	12753
561	12808
562	12844
563	12884
564	12933
565	12991
566	13060
567	13117
568	13175
569	13216
570	13252
571	13317
572	13367
573	13424
574	13470
575	13532
576	13568
577	13606
578	13660
579	13714
580	13779
581	13850
582	13919
583	13956
584	13988
585	14047
586	14097
587	14155
588	14209
589	14249
590	14287
591	14325
592	14382
593	14435
594	14503
595	14548
596	14592
597	14628
598	14663
599	14716
600	14773
601	14834
602	14888
603	14939
604	14985
605	15015
606	15064
607	15129
608	15180
609	15233
610	15304
611	15338
612	15367
613	15407
614	15464
615	15529
616	15586
617	15634
618	15669
619	15702
620	15769
621	15823
622	15880
623	15950
624	16012
625	16039
626	16078
627	16143
628	16211
629	16284
630	16348
631	16415
632	16452
633	16482
634	16543
635	16601
636	16669
637	16727
638	16783
639	16821
640	16857
641	16906
642	16965
643	17017
644	17077
645	17138
646	17177
647	17219
648	17291
649	17347
650	17425
651	17488
652	17559
653	17589
654	17619
655	17676
656	17755
657	17817
658	17897
659	17962
660	17988
661	18036
662	18092
663	18160
664	18248
665	18321
666	18403
667	18438
668	18466
669	18525
670	18588
671	18670
672	18749
673	18822
674	18862
675	18922
676	18989
677	19057
678	19124
679	19186
680	19267
681	19316
682	19353
683	19415
684	19497
685	19584
686	19659
687	19723
688	19773
689	19806
690	19885
691	19966
692	20029
693	20099
694	20152
695	20186
696	20221
697	20270
698	20329
699	20405
700	20459
701	20528
702	20565
703	20600
704	20646
705	20723
706	20802
707	20883
708	20973
709	21021
710	21064
711	21141
712	21206
713	21299
714	21395
715	21481
716	21531
717	21571
718	21645
719	21721
720	21803
721	21878
722	21949
723	21993
724	22030
725	22103
726	22178
727	22253
728	22330
729	22428
730	22473
731	22513
732	22596
733	22683
734	22768
735	22855
736	22924
737	22962
738	22999
739	23081
740	23163
741	23233
742	23309
743	23390
744	23442
745	23486
746	23551
747	23641
748	23718
749	23804
750	23876
751	23920
752	23964
753	24059
754	24143
755	24227
756	24311
757	24405
758	24449
759	24506
760	24577
761	24651
762	24725
763	24801
764	24874
765	24917
766	24962
767	25032
768	25119
769	25220
770	25319
771	25414
772	25474
773	25536
774	25618
775	25696
776	25797
777	25876
778	25960
779	26013
780	26058
781	26133
782	26225
783	26320
784	26415
785	26496
786	26545
787	26607
788	26683
789	26774
790	26867
791	26958
792	27036
793	27083
794	27130
795	27229
796	27326
797	27428
798	27505
799	27580
800	27622
801	27675
802	27766
803	27861
804	27937
805	28041
806	28137
807	28201
808	28272
809	28351
810	28462
811	28554
812	28656
813	28758
814	28841
815	28929
816	29036
817	29140
818	29256
819	29344
820	29439
821	29502
822	29573
823	29655
824	29747
825	29843
826	29928
827	30014
828	30088
829	30152
830	30241
831	30369
832	30466
833	30567
834	30651
835	30710
836	30765
837	30853
838	30948
839	31049
840	31149
841	31245
842	31303
843	31367
844	31468
845	31597
846	31695
847	31805
848	31867
849	31935
850	31997
851	32100
852	32211
853	32301
854	32406
855	32505
856	32583
857	32652
858	32753
859	32867
860	32982
861	33110
862	33225
863	33295
864	33352
865	33452
866	33572
867	33717
868	33820
869	33924
870	33990
871	34045
872	34169
873	34253
874	34358
875	34445
876	34520
877	34563
878	34610
879	34700
880	34775
881	34881
882	34977
883	35038
884	35080
885	35144
886	35217
887	35327
888	35432
889	35539
890	35664
891	35737
892	35806
893	35907
894	36037
895	36170
896	36294
897	36418
898	36499
899	36588
900	36707
901	36822
902	36953
903	37105
904	37237
905	37336
906	37427
907	37548
908	37672
909	37796
910	37951
911	38081
912	38164
913	38265
914	38406
915	38556
916	38689
917	38836
918	38958
919	39042
920	39147
921	39269
922	39407
923	39543
924	39691
925	39817
926	39899
927	39988
928	40091
929	40225
930	40376
931	40513
932	40627
933	40704
934	40803
935	40934
936	41096
937	41227
938	41363
939	41489
940	41588
941	41689
942	41827
943	41987
944	42131
945	42279
946	42421
947	42523
948	42634
949	42776
950	42928
951	43088
952	43260
953	43387
954	43491
955	43581
956	43713
957	43853
958	44000
959	44132
960	44288
961	44383
962	44497
963	44668
964	44855
965	45017
966	45190
967	45310
968	45400
969	45500
970	45647
971	45793
972	45936
973	46071
974	46209
975	46308
976	46403
977	46566
978	46716
979	46858
980	47005
981	47137
982	47222
983	47308
984	47432
985	47586
986	47723
987	47873
988	47993
989	48092
990	48173
991	48296
992	48454
993	48605
994	48725
995	48822
996	48906
997	48986
998	49124
999	49269
1000	49440
1001	49585
1002	49704
1003	49782
1004	49860
1005	49995
1006	50143
1007	50287
1008	50442
1009	50577
1010	50675
1011	50762
1012	50893
1013	51047
1014	51205
1015	51362
1016	51502
1017	51588
1018	51678
1019	51802
1020	51954
1021	52107
1022	52257
1023	52410
1024	52481
1025	52577
1026	52746
1027	52904
1028	53078
1029	53245
1030	53384
1031	53457
1032	53525
1033	53658
1034	53791
1035	53953
1036	54099
1037	54234
1038	54305
1039	54395
1040	54536
1041	54670
1042	54806
1043	54939
1044	55075
1045	55159
1046	55262
1047	55407
1048	55542
1049	55685
1050	55843
1051	55964
1052	56072
1053	56164
1054	56322
1055	56518
1056	56673
1057	56822
1058	56981
1059	57074
1060	57170
1061	57329
1062	57493
1063	57638
1064	57784
1065	57915
1066	57982
1067	58067
1068	58176
1069	58324
1070	58479
1071	58633
1072	58788
1073	58862
1074	58942
1075	59105
1076	59263
1077	59407
1078	59598
1079	59751
1080	59852
1081	59951
1082	60117
1083	60299
1084	60466
1085	60630
1086	60771
1087	60852
1088	60945
1089	61109
1090	61292
1091	61472
1092	61600
1093	61732
1094	61812
1095	61890
1096	62063
1097	62231
1098	62394
1099	62583
1100	62730
1101	62812
1102	62904
1103	63047
1104	63242
1105	63388
1106	63555
1107	63708
1108	63791
1109	63904
1110	64058
1111	64223
1112	64388
1113	64554
1114	64711
1115	64809
1116	64917
1117	65057
1118	65245
1119	65427
1120	65593
1121	65734
1122	65818
1123	65914
1124	66068
1125	66245
1126	66412
1127	66579
1128	66723
1129	66824
1130	66900
1131	67016
1132	67170
1133	67341
1134	67490
1135	67634
1136	67728
1137	67819
1138	67970
1139	68118
1140	68295
1141	68474
1142	68613
1143	68709
1144	68783
1145	68931
1146	69104
1147	69276
1148	69417
1149	69561
1150	69655
1151	69751
1152	69900
1153	70052
1154	70230
1155	70391
1156	70540
1157	70619
1158	70694
1159	70855
1160	71024
1161	71174
1162	71329
1163	71484
1164	71565
1165	71679
1166	71816
1167	71971
1168	72128
1169	72287
1170	72426
1171	72512
1172	72618
1173	72763
1174	72944
1175	73109
1176	73294
1177	73439
1178	73529
1179	73619
1180	73771
1181	73932
1182	74089
1183	74224
1184	74338
1185	74424
1186	74506
1187	74660
1188	74840
1189	75000
1190	75161
1191	75327
1192	75420
1193	75504
1194	75670
1195	75844
1196	75998
1197	76143
1198	76301
1199	76385
1200	76473
1201	76617
1202	76794
1203	76972
1204	77143
1205	77279
1206	77376
1207	77482
1208	77643
1209	77790
1210	77973
1211	78093
1212	78217
1213	78290
1214	78381
1215	78513
1216	78657
1217	78820
1218	79004
1219	79160
1220	79250
1221	79350
1222	79508
1223	79691
1224	79868
1225	80029
1226	80151
1227	80233
1228	80329
1229	80494
1230	80678
1231	80857
1232	81002
1233	81160
1234	81247
1235	81330
1236	81484
1237	81642
1238	81803
1239	81933
1240	82071
1241	82130
1242	82167
1243	82259
1244	82377
1245	82513
1246	82641
1247	82772
1248	82844
1249	82908
1250	83042
1251	83212
1252	83387
1253	83558
1254	83712
1255	83824
1256	83937
1257	84113
1258	84278
1259	84444
1260	84624
1261	84810
1262	84924
1263	85048
1264	85209
1265	85393
1266	85576
1267	85739
1268	85892
1269	86010
1270	86102
1271	86249
1272	86422
1273	86610
1274	86759
1275	86917
1276	87017
1277	87129
1278	87285
1279	87475
1280	87666
1281	87846
1282	88030
1283	88149
1284	88253
1285	88417
1286	88587
1287	88782
1288	88966
1289	89122
1290	89233
1291	89339
1292	89513
1293	89692
1294	89879
1295	90048
1296	90217
1297	90306
1298	90420
1299	90620
1300	90805
1301	91004
1302	91196
1303	91375
1304	91526
1305	91649
1306	91828
1307	92056
1308	92247
1309	92415
1310	92608
1311	92742
1312	92871
1313	93076
1314	93257
1315	93436
1316	93622
1317	93820
1318	93948
1319	94080
1320	94270
1321	94472
1322	94669
1323	94872
1324	95054
1325	95164
1326	95297
1327	95485
1328	95666
1329	95862
1330	96066
1331	96215
1332	96336
1333	96447
1334	96609
1335	96789
1336	96953
1337	97137
1338	97298
1339	97416
1340	97544
1341	97716
1342	97901
1343	98079
1344	98265
1345	98422
1346	98538
1347	98637
1348	98797
1349	98986
1350	99168
1351	99370
1352	99516
1353	99624
1354	99737
1355	99939
1356	100129
1357	100325
1358	100537
1359	100745
1360	100868
1361	100983
1362	101172
1363	101356
1364	101538
1365	101715
1366	101892
1367	102002
1368	102123
1369	102291
1370	102456
1371	102660
1372	102863
1373	103039
1374	103172
1375	103282
1376	103465
1377	103635
1378	103834
1379	104018
1380	104193
1381	104305
1382	104416
1383	104599
1384	104810
1385	104973
1386	105165
1387	105351
1388	105449
1389	105544
1390	105715
1391	105895
1392	106091
1393	106303
1394	106452
1395	106546
1396	106641
1397	106789
1398	106955
1399	107150
1400	107330
1401	107479
1402	107583
1403	107704
1404	107867
1405	108020
1406	108214
1407	108398
1408	108573
1409	108693
1410	108808
1411	108966
1412	109136
1413	109329
1414	109523
1415	109678
1416	109776
1417	109883
1418	110064
1419	110271
1420	110478
1421	110687
1422	110857
1423	110958
1424	111060
1425	111236
1426	111433
1427	111651
1428	111824
1429	111981
1430	112094
1431	112196
1432	112371
1433	112600
1434	112766
1435	112945
1436	113112
1437	113218
1438	113325
1439	113520
1440	113737
1441	113940
1442	114132
1443	114334
1444	114429
1445	114538
1446	114715
1447	114919
1448	115112
1449	115323
1450	115523
1451	115616
1452	115711
1453	115893
1454	116080
1455	116297
1456	116500
1457	116687
1458	116811
1459	116945
1460	117132
1461	117336
1462	117524
1463	117709
1464	117907
1465	117996
1466	118094
1467	118275
1468	118443
1469	118609
1470	118806
1471	118982
1472	119089
1473	119187
1474	119382
1475	119579
1476	119739
1477	119933
1478	120121
1479	120203
1480	120302
1481	120496
1482	120697
1483	120911
1484	121122
1485	121301
1486	121409
1487	121504
1488	121681
1489	121891
1490	122105
1491	122272
1492	122428
1493	122525
1494	122618
1495	122755
1496	122919
1497	123095
1498	123277
1499	123482
1500	123586
1501	123681
1502	123872
1503	124074
1504	124243
1505	124434
1506	124590
1507	124676
1508	124761
1509	124928
1510	125114
1511	125310
1512	125499
1513	125661
1514	125755
1515	125841
1516	126027
1517	126199
1518	126392
1519	126573
1520	126747
1521	126854
1522	126962
1523	127134
1524	127345
1525	127539
1526	127749
1527	127925
1528	128032
1529	128149
1530	128312
1531	128501
1532	128692
1533	128896
1534	129085
1535	129207
1536	129322
1537	129531
1538	129730
1539	129921
1540	130129
1541	130308
1542	130413
1543	130531
1544	130732
1545	130919
1546	131118
1547	131314
1548	131487
1549	131586
1550	131713
1551	131907
1552	132096
1553	132299
1554	132488
1555	132664
1556	132788
1557	132904
1558	133073
1559	133272
1560	133474
1561	133694
1562	133878
1563	133989
1564	134101
1565	134275
1566	134492
1567	134690
1568	134889
1569	135066
1570	135170
1571	135307
1572	135488
1573	135697
1574	135908
1575	136064
1576	136215
1577	136341
1578	136455
1579	136612
1580	136824
1581	137053
1582	137250
1583	137419
1584	137524
1585	137649
1586	137845
1587	138048
1588	138277
1589	138472
1590	138637
1591	138762
1592	138896
1593	139077
1594	139274
1595	139486
1596	139689
1597	139852
1598	139941
1599	140034
1600	140201
1601	140365
1602	140582
1603	140755
1604	140917
1605	141023
1606	141118
1607	141210
1608	141299
1609	141446
1610	141584
1611	141736
1612	141843
1613	141949
1614	142106
1615	142206
1616	142342
1617	142531
1618	142704
1619	142828
1620	142948
1621	143127
1622	143323
1623	143539
1624	143738
1625	143956
1626	144073
1627	144209
1628	144393
1629	144609
1630	144826
1631	145030
1632	145233
1633	145366
1634	145511
1635	145709
1636	145930
1637	146149
1638	146357
1639	146556
1640	146662
1641	146804
1642	146993
1643	147213
1644	147438
1645	147650
1646	147843
1647	147983
1648	148129
1649	148318
1650	148549
1651	148772
1652	148995
1653	149177
1654	149286
1655	149406
1656	149604
1657	149838
1658	150058
1659	150285
1660	150496
1661	150618
1662	150742
1663	150915
1664	151134
1665	151327
1666	151540
1667	151736
1668	151868
1669	151996
1670	152189
1671	152394
1672	152607
1673	152852
1674	153061
1675	153184
1676	153321
1677	153539
1678	153753
1679	153984
1680	154215
1681	154434
1682	154577
1683	154716
1684	154918
1685	155159
1686	155420
1687	155656
1688	155849
1689	155964
1690	156086
1691	156328
1692	156557
1693	156814
1694	156993
1695	157192
1696	157332
1697	157452
1698	157669
1699	157880
1700	158094
1701	158332
1702	158510
1703	158637
1704	158766
1705	158954
1706	159160
1707	159388
1708	159616
1709	159816
1710	159933
1711	160098
1712	160302
1713	160523
1714	160756
1715	160965
1716	161159
1717	161278
1718	161413
1719	161607
1720	161800
1721	162010
1722	162225
1723	162416
1724	162548
1725	162686
1726	162894
1727	163080
1728	163296
1729	163512
1730	163712
1731	163816
1732	163935
1733	164158
1734	164361
1735	164537
1736	164734
1737	164920
1738	165043
1739	165172
1740	165364
1741	165590
1742	165801
1743	166008
1744	166182
1745	166301
1746	166419
1747	166607
1748	166819
1749	167018
1750	167200
1751	167385
1752	167487
1753	167597
1754	167791
1755	167971
1756	168196
1757	168422
1758	168589
1759	168717
1760	168824
1761	168978
1762	169153
1763	169370
1764	169569
1765	169760
1766	169881
1767	169982
1768	170165
1769	170349
1770	170546
1771	170771
1772	170972
1773	171081
1774	171214
1775	171400
1776	171583
1777	171764
1778	171975
1779	172148
1780	172251
1781	172360
1782	172564
1783	172767
1784	172967
1785	173193
1786	173367
1787	173461
1788	173582
1789	173799
1790	174021
1791	174254
1792	174479
1793	174666
1794	174774
1795	174877
1796	175067
1797	175267
1798	175475
1799	175653
1800	175817
1801	175943
1802	176043
1803	176254
1804	176471
1805	176669
1806	176885
1807	177060
1808	177173
1809	177278
1810	177468
1811	177709
1812	177935
1813	178171
1814	178363
1815	178491
1816	178618
1817	178807
1818	179044
1819	179276
1820	179497
1821	179693
1822	179834
1823	179966
1824	180156
1825	180387
1826	180611
1827	180840
1828	181032
1829	181150
1830	181254
1831	181428
1832	181656
1833	181886
1834	182110
1835	182295
1836	182415
1837	182550
1838	182734
1839	182992
1840	183251
1841	183440
1842	183625
1843	183747
1844	183873
1845	184081
1846	184302
1847	184540
1848	184756
1849	184970
1850	185060
1851	185171
1852	185371
1853	185615
1854	185857
1855	186110
1856	186310
1857	186429
1858	186564
1859	186740
1860	186940
1861	187180
1862	187397
1863	187583
1864	187692
1865	187816
1866	188002
1867	188201
1868	188452
1869	188699
1870	188896
1871	188997
1872	189115
1873	189299
1874	189503
1875	189716
1876	189950
1877	190157
1878	190287
1879	190399
1880	190587
1881	190827
1882	191035
1883	191238
1884	191466
1885	191546
1886	191668
1887	191846
1888	192046
1889	192244
1890	192413
1891	192611
1892	192729
1893	192837
1894	193038
1895	193251
1896	193479
1897	193704
1898	193905
1899	194029
1900	194148
1901	194333
1902	194566
1903	194791
1904	195002
1905	195188
1906	195309
1907	195415
1908	195608
1909	195848
1910	196086
1911	196306
1912	196511
1913	196640
1914	196771
1915	196974
1916	197199
1917	197395
1918	197636
1919	197819
1920	197941
1921	198055
1922	198257
1923	198446
1924	198648
1925	198875
1926	199082
1927	199187
1928	199287
1929	199490
1930	199713
1931	199933
1932	200134
1933	200321
1934	200438
1935	200568
1936	200797
1937	201007
1938	201233
1939	201463
1940	201660
1941	201764
1942	201889
1943	202091
1944	202289
1945	202516
1946	202690
1947	202827
1948	202950
1949	203048
1950	203246
1951	203447
1952	203693
1953	203917
1954	204120
1955	204220
1956	204348
1957	204537
1958	204753
1959	204966
1960	205186
1961	205376
1962	205479
1963	205585
1964	205786
1965	206016
1966	206240
1967	206466
1968	206655
1969	206791
1970	206898
1971	207071
1972	207238
1973	207329
1974	207464
1975	207633
1976	207752
1977	207875
1978	208000
1979	208113
1980	208234
1981	208394
1982	208587
1983	208726
1984	208864
1985	209070
1986	209294
1987	209499
1988	209717
1989	209926
1990	210061
1991	210191
1992	210379
1993	210593
1994	210786
1995	210999
1996	211202
1997	211343
1998	211465
1999	211666
2000	211903
2001	212112
2002	212355
2003	212575
2004	212699
2005	212832
2006	213045
2007	213268
2008	213513
2009	213755
2010	213963
2011	214091
2012	214219
2013	214442
2014	214672
2015	214898
2016	215113
2017	215311
2018	215435
2019	215554
2020	215783
2021	215999
2022	216225
2023	216471
2024	216668
2025	216792
2026	216927
2027	217141
2028	217375
2029	217633
2030	217854
2031	218054
2032	218193
2033	218326
2034	218525
2035	218761
2036	218984
2037	219216
2038	219430
2039	219550
2040	219677
2041	219856
2042	220084
2043	220323
2044	220553
2045	220740
2046	220858
2047	220986
2048	221189
2049	221442
2050	221666
2051	221920
2052	222132
2053	222250
2054	222383
2055	222617
2056	222848
2057	223085
2058	223308
2059	223513
2060	223650
2061	223799
2062	224010
2063	224254
2064	224514
2065	224717
2066	224918
2067	225031
2068	225173
2069	225366
2070	225570
2071	225803
2072	226029
2073	226224
2074	226351
2075	226483
2076	226688
2077	226919
2078	227121
2079	227343
2080	227516
2081	227628
2082	227744
2083	227934
2084	228148
2085	228337
2086	228554
2087	228731
2088	228863
2089	228978
2090	229155
2091	229368
2092	229599
2093	229811
2094	230020
2095	230143
2096	230258
2097	230481
2098	230702
2099	230921
2100	231123
2101	231300
2102	231437
2103	231541
2104	231738
2105	231935
2106	232129
2107	232362
2108	232561
2109	232685
2110	232791
2111	232994
2112	233235
2113	233455
2114	233659
2115	233788
2116	233918
2117	234034
2118	234225
2119	234461
2120	234682
2121	234866
2122	235056
2123	235172
2124	235291
2125	235470
2126	235669
2127	235891
2128	236098
2129	236284
2130	236367
2131	236463
2132	236623
2133	236804
2134	237026
2135	237222
2136	237411
2137	237490
2138	237614
2139	237786
2140	237961
2141	238130
2142	238329
2143	238533
2144	238629
2145	238722
2146	238899
2147	239106
2148	239341
2149	239550
2150	239747
2151	239865
2152	239980
2153	240171
2154	240380
2155	240592
2156	240783
2157	240981
2158	241077
2159	241170
2160	241358
2161	241533
2162	241705
2163	241910
2164	242065
2165	242153
2166	242269
2167	242471
2168	242673
2169	242853
2170	243051
2171	243220
2172	243341
2173	243429
2174	243621
2175	243826
2176	244044
2177	244266
2178	244455
2179	244555
2180	244653
2181	244855
2182	245050
2183	245257
2184	245472
2185	245646
2186	245760
2187	245870
2188	246034
2189	246227
2190	246430
2191	246607
2192	246787
2193	246877
2194	246972
2195	247142
2196	247345
2197	247568
2198	247771
2199	247953
2200	248055
2201	248175
2202	248359
2203	248588
2204	248807
2205	249027
2206	249177
2207	249267
2208	249378
2209	249543
2210	249745
2211	249944
2212	250133
2213	250317
2214	250393
2215	250500
2216	250677
2217	250869
2218	251057
2219	251249
2220	251438
2221	251542
2222	251642
2223	251797
2224	251979
2225	252153
2226	252314
2227	252468
2228	252561
2229	252645
2230	252798
2231	252959
2232	253151
2233	253339
2234	253488
2235	253584
2236	253684
2237	253840
2238	254018
2239	254187
2240	254371
2241	254525
2242	254625
2243	254730
2244	254900
2245	255082
2246	255247
2247	255421
2248	255591
2249	255683
2250	255788
2251	255973
2252	256169
2253	256336
2254	256515
2255	256656
2256	256758
2257	256858
2258	257018
2259	257192
2260	257408
2261	257585
2262	257759
2263	257858
2264	257952
2265	258118
2266	258305
2267	258501
2268	258703
2269	258855
2270	258947
2271	259050
2272	259208
2273	259360
2274	259535
2275	259692
2276	259825
2277	259942
2278	260052
2279	260207
2280	260375
2281	260568
2282	260753
2283	260900
2284	260977
2285	261070
2286	261241
2287	261417
2288	261606
2289	261776
2290	261946
2291	262053
2292	262150
2293	262318
2294	262486
2295	262655
2296	262873
2297	263050
2298	263140
2299	263249
2300	263423
2301	263608
2302	263785
2303	263972
2304	264151
2305	264248
2306	264346
2307	264506
2308	264691
2309	264870
2310	265023
2311	265156
2312	265249
2313	265345
2314	265496
2315	265679
2316	265852
2317	266041
2318	266209
2319	266292
2320	266380
2321	266558
2322	266734
2323	266918
2324	267072
2325	267229
2326	267321
2327	267411
2328	267560
2329	267744
2330	267937
2331	268122
2332	268252
2333	268339
2334	268441
2335	268573
2336	268718
2337	268835
2338	268910
2339	268999
2340	269101
2341	269197
2342	269350
2343	269495
2344	269616
2345	269686
2346	269831
2347	269924
2348	270041
2349	270175
2350	270357
2351	270545
2352	270726
2353	270894
2354	270996
2355	271095
2356	271263
2357	271457
2358	271632
2359	271806
2360	271978
2361	272068
2362	272163
2363	272336
2364	272515
2365	272719
2366	272902
2367	273071
2368	273181
2369	273278
2370	273454
2371	273619
2372	273799
2373	273970
2374	274127
2375	274228
2376	274323
2377	274487
2378	274681
2379	274859
2380	275050
2381	275225
2382	275333
2383	275436
2384	275610
2385	275811
2386	275972
2387	276175
2388	276347
2389	276457
2390	276542
2391	276710
2392	276878
2393	277068
2394	277254
2395	277433
2396	277561
2397	277673
2398	277836
2399	278007
2400	278183
2401	278368
2402	278538
2403	278664
2404	278764
2405	278949
2406	279146
2407	279331
2408	279513
2409	279697
2410	279794
2411	279899
2412	280065
2413	280281
2414	280496
2415	280690
2416	280889
2417	281000
2418	281107
2419	281326
2420	281533
2421	281738
2422	281948
2423	282139
2424	282260
2425	282381
2426	282568
2427	282789
2428	282997
2429	283219
2430	283426
2431	283575
2432	283704
2433	283929
2434	284132
2435	284313
2436	284495
2437	284655
2438	284773
2439	284894
2440	285074
2441	285270
2442	285492
2443	285687
2444	285886
2445	285991
2446	286097
2447	286296
2448	286512
2449	286728
2450	286943
2451	287162
2452	287273
2453	287393
2454	287580
2455	287793
2456	288002
2457	288228
2458	288448
2459	288576
2460	288704
2461	288911
2462	289115
2463	289320
2464	289512
2465	289677
2466	289783
2467	289903
2468	290093
2469	290284
2470	290494
2471	290692
2472	290883
2473	290997
2474	291107
2475	291270
2476	291502
2477	291706
2478	291927
2479	292117
2480	292232
2481	292339
2482	292517
2483	292722
2484	292947
2485	293175
2486	293370
2487	293516
2488	293637
2489	293809
2490	294046
2491	294261
2492	294467
2493	294659
2494	294773
2495	294898
2496	295092
2497	295319
2498	295547
2499	295752
2500	295959
2501	296070
2502	296184
2503	296397
2504	296619
2505	296856
2506	297041
2507	297210
2508	297329
2509	297437
2510	297631
2511	297853
2512	298057
2513	298294
2514	298502
2515	298631
2516	298751
2517	298958
2518	299214
2519	299458
2520	299719
2521	299899
2522	300020
2523	300130
2524	300337
2525	300538
2526	300739
2527	300948
2528	301106
2529	301212
2530	301308
2531	301494
2532	301696
2533	301907
2534	302153
2535	302353
2536	302484
2537	302572
2538	302770
2539	303016
2540	303266
2541	303505
2542	303704
2543	303814
2544	303943
2545	304113
2546	304361
2547	304601
2548	304828
2549	305050
2550	305169
2551	305283
2552	305493
2553	305707
2554	305914
2555	306144
2556	306340
2557	306437
2558	306561
2559	306733
2560	306932
2561	307151
2562	307392
2563	307581
2564	307673
2565	307774
2566	307987
2567	308216
2568	308498
2569	308702
2570	308903
2571	309024
2572	309138
2573	309330
2574	309546
2575	309753
2576	309993
2577	310208
2578	310309
2579	310426
2580	310620
2581	310830
2582	311014
2583	311224
2584	311396
2585	311501
2586	311605
2587	311786
2588	311987
2589	312182
2590	312390
2591	312567
2592	312670
2593	312788
2594	312971
2595	313159
2596	313336
2597	313557
2598	313755
2599	313862
2600	313960
2601	314163
2602	314356
2603	314537
2604	314748
2605	314910
2606	315009
2607	315122
2608	315292
2609	315476
2610	315673
2611	315868
2612	316015
2613	316124
2614	316220
2615	316377
2616	316572
2617	316754
2618	316921
2619	317074
2620	317197
2621	317285
2622	317473
2623	317683
2624	317900
2625	318112
2626	318296
2627	318408
2628	318517
2629	318708
2630	318916
2631	319114
2632	319278
2633	319437
2634	319527
2635	319647
2636	319830
2637	320033
2638	320218
2639	320401
2640	320552
2641	320669
2642	320769
2643	320956
2644	321143
2645	321320
2646	321511
2647	321680
2648	321784
2649	321888
2650	322061
2651	322248
2652	322442
2653	322631
2654	322796
2655	322902
2656	323009
2657	323180
2658	323364
2659	323533
2660	323695
2661	323849
2662	323941
2663	324033
2664	324218
2665	324416
2666	324603
2667	324817
2668	324992
2669	325079
2670	325180
2671	325360
2672	325567
2673	325741
2674	325929
2675	326085
2676	326179
2677	326278
2678	326439
2679	326640
2680	326841
2681	327044
2682	327212
2683	327299
2684	327408
2685	327599
2686	327782
2687	327960
2688	328134
2689	328301
2690	328392
2691	328474
2692	328656
2693	328828
2694	329014
2695	329188
2696	329357
2697	329449
2698	329553
2699	329705
2700	329874
2701	330039
2702	330171
2703	330246
2704	330333
2705	330432
2706	330564
2707	330725
2708	330893
2709	331022
2710	331113
2711	331218
2712	331315
2713	331484
2714	331646
2715	331824
2716	332024
2717	332203
2718	332319
2719	332423
2720	332619
2721	332826
2722	333021
2723	333219
2724	333405
2725	333511
2726	333617
2727	333795
2728	333990
2729	334203
2730	334406
2731	334580
2732	334713
2733	334842
2734	335043
2735	335240
2736	335437
2737	335651
2738	335840
2739	335941
2740	336048
2741	336220
2742	336404
2743	336621
2744	336828
2745	336982
2746	337087
2747	337185
2748	337345
2749	337551
2750	337777
2751	338017
2752	338202
2753	338354
2754	338455
2755	338681
2756	338867
2757	339092
2758	339332
2759	339547
2760	339688
2761	339800
2762	339988
2763	340230
2764	340443
2765	340664
2766	340867
2767	341005
2768	341134
2769	341342
2770	341537
2771	341745
2772	341969
2773	342178
2774	342317
2775	342331
