1	3
2	4
3	5
4	8
5	11
6	15
7	16
8	18
9	19
10	20
11	25
12	30
13	34
14	43
15	48
16	49
17	52
18	58
19	64
20	75
21	80
22	91
23	97
24	101
25	107
26	123
27	131
28	138
29	147
30	155
31	159
32	170
33	181
34	194
35	201
36	208
37	211
38	223
39	234
40	250
41	263
42	280
43	289
44	301
45	312
46	346
47	396
48	446
49	499
50	545
51	559
52	573
53	613
54	647
55	679
56	719
57	755
58	771
59	796
60	831
61	874
62	901
63	934
64	968
65	974
66	988
67	1014
68	1055
69	1087
70	1116
71	1144
72	1155
73	1167
74	1199
75	1224
76	1255
77	1286
78	1311
79	1327
80	1338
81	1357
82	1387
83	1417
84	1447
85	1476
86	1492
87	1509
88	1528
89	1558
90	1586
91	1604
92	1629
93	1640
94	1655
95	1677
96	1707
97	1732
98	1776
99	1810
100	1825
101	1843
102	1868
103	1903
104	1937
105	1960
106	1988
107	1997
108	2016
109	2036
110	2051
111	2090
112	2123
113	2163
114	2171
115	2183
116	2211
117	2240
118	2263
119	2278
120	2291
121	2298
122	2310
123	2334
124	2367
125	2385
126	2420
127	2442
128	2454
129	2469
130	2491
131	2520
132	2539
133	2561
134	2588
135	2603
136	2614
137	2634
138	2658
139	2681
140	2710
141	2728
142	2732
143	2744
144	2761
145	2777
146	2797
147	2801
148	2807
149	2813
150	2825
151	2841
152	2860
153	2876
154	2888
155	2900
156	2912
157	2929
158	2944
159	2969
160	2999
161	3028
162	3050
163	3064
164	3083
165	3108
166	3148
167	3179
168	3212
169	3240
170	3255
171	3267
172	3303
173	3342
174	3367
175	3398
176	3424
177	3444
178	3461
179	3490
180	3535
181	3567
182	3604
183	3637
184	3658
185	3676
186	3704
187	3735
188	3756
189	3789
190	3817
191	3837
192	3855
193	3885
194	3918
195	3953
196	3989
197	4014
198	4025
199	4052
200	4077
201	4109
202	4143
203	4173
204	4194
205	4209
206	4224
207	4257
208	4302
209	4329
210	4359
211	4392
212	4409
213	4432
214	4466
215	4502
216	4532
217	4569
218	4604
219	4630
220	4649
221	4688
222	4717
223	4741
224	4783
225	4811
226	4836
227	4852
228	4887
229	4926
230	4963
231	5003
232	5034
233	5047
234	5061
235	5098
236	5128
237	5170
238	5201
239	5233
240	5248
241	5271
242	5308
243	5337
244	5377
245	5411
246	5439
247	5455
248	5473
249	5503
250	5543
251	5582
252	5627
253	5657
254	5678
255	5696
256	5721
257	5752
258	5786
259	5829
260	5860
261	5874
262	5895
263	5921
264	5958
265	5998
266	6036
267	6073
268	6097
269	6112
270	6140
271	6176
272	6211
273	6244
274	6266
275	6274
276	6293
277	6323
278	6353
279	6398
280	6455
281	6502
282	6525
283	6543
284	6581
285	6626
286	6676
287	6724
288	6767
289	6796
290	6824
291	6860
292	6901
293	6938
294	6976
295	7023
296	7040
297	7056
298	7081
299	7119
300	7166
301	7203
302	7231
303	7247
304	7271
305	7308
306	7355
307	7395
308	7431
309	7466
310	7493
311	7514
312	7544
313	7585
314	7623
315	7682
316	7712
317	7727
318	7748
319	7787
320	7829
321	7880
322	7925
323	7948
324	7969
325	7985
326	8030
327	8079
328	8113
329	8172
330	8217
331	8237
332	8260
333	8309
334	8355
335	8402
336	8424
337	8456
338	8476
339	8491
340	8536
341	8584
342	8630
343	8671
344	8724
345	8751
346	8777
347	8827
348	8881
349	8932
350	8991
351	9042
352	9062
353	9089
354	9135
355	9173
356	9235
357	9280
358	9333
359	9361
360	9392
361	9433
362	9476
363	9529
364	9576
365	9625
366	9646
367	9672
368	9711
369	9757
370	9807
371	9864
372	9910
373	9930
374	9953
375	10022
376	10074
377	10129
378	10182
379	10222
380	10237
381	10264
382	10310
383	10355
384	10406
385	10454
386	10501
387	10529
388	10544
389	10584
390	10638
391	10701
392	10757
393	10797
394	10824
395	10854
396	10885
397	10925
398	10992
399	11046
400	11102
401	11125
402	11141
403	11181
404	11236
405	11286
406	11326
407	11387
408	11414
409	11440
410	11504
411	11550
412	11592
413	11646
414	11693
415	11723
416	11751
417	11795
418	11839
419	11887
420	11936
421	11972
422	12004
423	12039
424	12089
425	12145
426	12206
427	12255
428	12286
429	12314
430	12352
431	12403
432	12472
433	12530
434	12584
435	12632
436	12667
437	12708
438	12761
439	12811
440	12870
441	12935
442	12999
443	13035
444	13072
445	13138
446	13203
447	13264
448	13330
449	13388
450	13426
451	13461
452	13511
453	13581
454	13664
455	13726
456	13777
457	13807
458	13829
459	13893
460	13950
461	14000
462	14072
463	14130
464	14173
465	14211
466	14255
467	14323
468	14394
469	14467
470	14523
471	14571
472	14617
473	14688
474	14759
475	14826
476	14915
477	14971
478	15008
479	15055
480	15112
481	15186
482	15255
483	15313
484	15376
485	15408
486	15454
487	15524
488	15601
489	15659
490	15727
491	15790
492	15839
493	15888
494	15959
495	16011
496	16088
497	16146
498	16204
499	16234
500	16272
501	16329
502	16407
503	16484
504	16535
505	16591
506	16622
507	16662
508	16707
509	16762
510	16830
511	16881
512	16908
513	16938
514	16970
515	17022
516	17069
517	17111
518	17142
519	17173
520	17206
521	17246
522	17285
523	17352
524	17410
525	17470
526	17539
527	17579
528	17625
529	17677
530	17728
531	17805
532	17886
533	17948
534	18000
535	18047
536	18135
537	18210
538	18284
539	18370
540	18447
541	18498
542	18556
543	18636
544	18702
545	18785
546	18900
547	18979
548	19033
549	19089
550	19177
551	19266
552	19363
553	19448
554	19538
555	19586
556	19645
557	19724
558	19819
559	19905
560	19992
561	20079
562	20120
563	20173
564	20237
565	20338
566	20430
567	20536
568	20631
569	20680
570	20734
571	20821
572	20929
573	21038
574	21135
575	21225
576	21286
577	21339
578	21416
579	21500
580	21602
581	21697
582	21776
583	21844
584	21902
585	21972
586	22064
587	22146
588	22232
589	22312
590	22361
591	22415
592	22491
593	22581
594	22671
595	22743
596	22822
597	22883
598	22947
599	23040
600	23130
601	23196
602	23299
603	23371
604	23416
605	23470
606	23557
607	23647
608	23734
609	23828
610	23890
611	23941
612	24001
613	24069
614	24146
615	24225
616	24324
617	24383
618	24443
619	24489
620	24567
621	24661
622	24767
623	24873
624	24963
625	25026
626	25074
627	25175
628	25282
629	25370
630	25481
631	25579
632	25640
633	25702
634	25805
635	25923
636	26029
637	26122
638	26214
639	26286
640	26348
641	26424
642	26508
643	26594
644	26683
645	26766
646	26815
647	26859
648	26949
649	27031
650	27116
651	27200
652	27279
653	27341
654	27406
655	27505
656	27597
657	27688
658	27764
659	27845
660	27891
661	27948
662	28028
663	28130
664	28238
665	28323
666	28412
667	28467
668	28518
669	28602
670	28696
671	28796
672	28897
673	28990
674	29063
675	29136
676	29232
677	29333
678	29453
679	29569
680	29667
681	29715
682	29774
683	29882
684	29987
685	30087
686	30217
687	30308
688	30351
689	30421
690	30531
691	30636
692	30764
693	30887
694	30981
695	31036
696	31095
697	31197
698	31294
699	31417
700	31513
701	31603
702	31662
703	31713
704	31787
705	31888
706	31978
707	32082
708	32183
709	32236
710	32304
711	32385
712	32485
713	32602
714	32715
715	32823
716	32876
717	32931
718	33028
719	33128
720	33236
721	33372
722	33497
723	33557
724	33612
725	33694
726	33791
727	33884
728	33983
729	34070
730	34110
731	34163
732	34238
733	34322
734	34415
735	34522
736	34604
737	34653
738	34708
739	34809
740	34924
741	35021
742	35100
743	35191
744	35244
745	35307
746	35397
747	35503
748	35627
749	35727
750	35814
751	35877
752	35940
753	36031
754	36149
755	36246
756	36357
757	36448
758	36505
759	36561
760	36645
761	36751
762	36864
763	36970
764	37080
765	37144
766	37217
767	37320
768	37425
769	37534
770	37623
771	37693
772	37745
773	37807
774	37902
775	38000
776	38105
777	38199
778	38302
779	38356
780	38423
781	38519
782	38633
783	38731
784	38845
785	38946
786	39006
787	39076
788	39154
789	39264
790	39372
791	39491
792	39581
793	39640
794	39707
795	39801
796	39915
797	40032
798	40156
799	40245
800	40291
801	40385
802	40503
803	40617
804	40728
805	40853
806	40947
807	41011
808	41070
809	41169
810	41261
811	41362
812	41471
813	41582
814	41656
815	41746
816	41862
817	41956
818	42074
819	42166
820	42276
821	42351
822	42428
823	42530
824	42627
825	42753
826	42883
827	43008
828	43092
829	43150
830	43265
831	43409
832	43532
833	43668
834	43777
835	43845
836	43933
837	44046
838	44166
839	44286
840	44419
841	44535
842	44614
843	44692
844	44819
845	44958
846	45093
847	45237
848	45344
849	45430
850	45521
851	45632
852	45760
853	45888
854	46003
855	46155
856	46244
857	46319
858	46462
859	46588
860	46712
861	46831
862	46955
863	47033
864	47113
865	47240
866	47358
867	47474
868	47593
869	47690
870	47758
871	47827
872	47940
873	48053
874	48166
875	48265
876	48345
877	48412
878	48469
879	48542
880	48635
881	48722
882	48806
883	48883
884	48943
885	49000
886	49099
887	49196
888	49307
889	49429
890	49547
891	49627
892	49698
893	49839
894	49969
895	50112
896	50237
897	50351
898	50431
899	50529
900	50663
901	50798
902	50936
903	51098
904	51234
905	51330
906	51425
907	51563
908	51682
909	51820
910	51935
911	52070
912	52156
913	52239
914	52361
915	52475
916	52596
917	52752
918	52877
919	52980
920	53066
921	53217
922	53347
923	53490
924	53616
925	53740
926	53813
927	53905
928	54020
929	54159
930	54307
931	54455
932	54585
933	54678
934	54786
935	54914
936	55048
937	55181
938	55320
939	55451
940	55555
941	55666
942	55801
943	55943
944	56075
945	56209
946	56348
947	56439
948	56527
949	56654
950	56793
951	56959
952	57099
953	57233
954	57331
955	57442
956	57582
957	57752
958	57935
959	58070
960	58218
961	58315
962	58416
963	58568
964	58742
965	58878
966	59053
967	59187
968	59279
969	59382
970	59515
971	59664
972	59833
973	59989
974	60121
975	60209
976	60293
977	60421
978	60583
979	60734
980	60895
981	61043
982	61151
983	61257
984	61430
985	61595
986	61771
987	61946
988	62100
989	62228
990	62324
991	62467
992	62642
993	62812
994	62950
995	63068
996	63150
997	63256
998	63416
999	63585
1000	63740
1001	63909
1002	64064
1003	64189
1004	64291
1005	64429
1006	64562
1007	64695
1008	64849
1009	64994
1010	65105
1011	65201
1012	65341
1013	65502
1014	65662
1015	65810
1016	65942
1017	66034
1018	66116
1019	66261
1020	66406
1021	66543
1022	66690
1023	66817
1024	66920
1025	67008
1026	67142
1027	67282
1028	67425
1029	67576
1030	67693
1031	67784
1032	67867
1033	67989
1034	68114
1035	68255
1036	68388
1037	68527
1038	68606
1039	68696
1040	68823
1041	68955
1042	69096
1043	69258
1044	69392
1045	69463
1046	69555
1047	69702
1048	69827
1049	69986
1050	70158
1051	70296
1052	70408
1053	70502
1054	70642
1055	70802
1056	70969
1057	71121
1058	71239
1059	71310
1060	71388
1061	71528
1062	71672
1063	71813
1064	71965
1065	72086
1066	72141
1067	72221
1068	72355
1069	72481
1070	72635
1071	72783
1072	72918
1073	73014
1074	73096
1075	73241
1076	73388
1077	73522
1078	73687
1079	73813
1080	73901
1081	73981
1082	74129
1083	74284
1084	74413
1085	74571
1086	74701
1087	74789
1088	74874
1089	75011
1090	75173
1091	75345
1092	75514
1093	75664
1094	75752
1095	75841
1096	75997
1097	76124
1098	76268
1099	76442
1100	76594
1101	76670
1102	76765
1103	76907
1104	77054
1105	77215
1106	77372
1107	77518
1108	77602
1109	77676
1110	77809
1111	77965
1112	78114
1113	78272
1114	78383
1115	78472
1116	78560
1117	78701
1118	78843
1119	79005
1120	79146
1121	79282
1122	79362
1123	79448
1124	79575
1125	79726
1126	79850
1127	79980
1128	80110
1129	80190
1130	80269
1131	80375
1132	80512
1133	80685
1134	80836
1135	80954
1136	81044
1137	81124
1138	81253
1139	81414
1140	81589
1141	81733
1142	81873
1143	81954
1144	82054
1145	82210
1146	82354
1147	82515
1148	82703
1149	82844
1150	82944
1151	83045
1152	83198
1153	83341
1154	83487
1155	83644
1156	83808
1157	83922
1158	84018
1159	84136
1160	84275
1161	84426
1162	84608
1163	84750
1164	84854
1165	84978
1166	85111
1167	85257
1168	85412
1169	85571
1170	85735
1171	85837
1172	85943
1173	86079
1174	86249
1175	86430
1176	86585
1177	86739
1178	86850
1179	86957
1180	87125
1181	87282
1182	87438
1183	87601
1184	87771
1185	87861
1186	87951
1187	88104
1188	88270
1189	88439
1190	88590
1191	88764
1192	88860
1193	88958
1194	89103
1195	89258
1196	89445
1197	89607
1198	89763
1199	89873
1200	89984
1201	90148
1202	90322
1203	90493
1204	90663
1205	90801
1206	90910
1207	91014
1208	91185
1209	91371
1210	91547
1211	91729
1212	91874
1213	91972
1214	92078
1215	92228
1216	92402
1217	92569
1218	92738
1219	92908
1220	93053
1221	93159
1222	93343
1223	93541
1224	93745
1225	93954
1226	94117
1227	94232
1228	94348
1229	94520
1230	94688
1231	94847
1232	94999
1233	95158
1234	95276
1235	95364
1236	95506
1237	95683
1238	95848
1239	95981
1240	96129
1241	96209
1242	96289
1243	96399
1244	96515
1245	96625
1246	96755
1247	96872
1248	96958
1249	97036
1250	97153
1251	97305
1252	97454
1253	97622
1254	97766
1255	97873
1256	97984
1257	98152
1258	98321
1259	98496
1260	98656
1261	98819
1262	98928
1263	99018
1264	99141
1265	99321
1266	99470
1267	99651
1268	99808
1269	99913
1270	100032
1271	100182
1272	100389
1273	100579
1274	100771
1275	100932
1276	101052
1277	101171
1278	101328
1279	101506
1280	101701
1281	101880
1282	102055
1283	102166
1284	102297
1285	102488
1286	102674
1287	102880
1288	103098
1289	103283
1290	103398
1291	103549
1292	103721
1293	103907
1294	104091
1295	104304
1296	104487
1297	104606
1298	104757
1299	104951
1300	105151
1301	105371
1302	105581
1303	105768
1304	105897
1305	106033
1306	106201
1307	106412
1308	106624
1309	106841
1310	107023
1311	107138
1312	107276
1313	107444
1314	107647
1315	107851
1316	108029
1317	108208
1318	108340
1319	108466
1320	108672
1321	108881
1322	109079
1323	109251
1324	109390
1325	109509
1326	109640
1327	109841
1328	110039
1329	110222
1330	110432
1331	110588
1332	110705
1333	110826
1334	111012
1335	111206
1336	111398
1337	111572
1338	111755
1339	111875
1340	111996
1341	112201
1342	112392
1343	112582
1344	112777
1345	112931
1346	113067
1347	113188
1348	113357
1349	113561
1350	113765
1351	113942
1352	114135
1353	114264
1354	114424
1355	114621
1356	114818
1357	115046
1358	115274
1359	115453
1360	115585
1361	115719
1362	115951
1363	116130
1364	116336
1365	116560
1366	116745
1367	116889
1368	117034
1369	117211
1370	117387
1371	117566
1372	117793
1373	117999
1374	118130
1375	118236
1376	118407
1377	118575
1378	118748
1379	118927
1380	119095
1381	119204
1382	119341
1383	119546
1384	119748
1385	119904
1386	120071
1387	120221
1388	120329
1389	120448
1390	120616
1391	120794
1392	120977
1393	121147
1394	121293
1395	121405
1396	121521
1397	121683
1398	121849
1399	122057
1400	122228
1401	122397
1402	122497
1403	122613
1404	122758
1405	122939
1406	123093
1407	123266
1408	123425
1409	123545
1410	123673
1411	123837
1412	124004
1413	124191
1414	124372
1415	124555
1416	124668
1417	124755
1418	124950
1419	125137
1420	125321
1421	125518
1422	125690
1423	125790
1424	125892
1425	126068
1426	126266
1427	126444
1428	126642
1429	126809
1430	126906
1431	127004
1432	127216
1433	127433
1434	127606
1435	127801
1436	128000
1437	128124
1438	128235
1439	128402
1440	128587
1441	128797
1442	129020
1443	129201
1444	129315
1445	129431
1446	129621
1447	129834
1448	130037
1449	130235
1450	130433
1451	130554
1452	130671
1453	130834
1454	131020
1455	131235
1456	131439
1457	131638
1458	131717
1459	131838
1460	132042
1461	132235
1462	132416
1463	132609
1464	132786
1465	132891
1466	133006
1467	133176
1468	133356
1469	133565
1470	133775
1471	133948
1472	134056
1473	134181
1474	134356
1475	134556
1476	134742
1477	134933
1478	135097
1479	135227
1480	135351
1481	135558
1482	135740
1483	135916
1484	136092
1485	136279
1486	136407
1487	136510
1488	136690
1489	136860
1490	137034
1491	137237
1492	137401
1493	137524
1494	137653
1495	137817
1496	137977
1497	138169
1498	138354
1499	138542
1500	138665
1501	138790
1502	138966
1503	139120
1504	139312
1505	139506
1506	139680
1507	139772
1508	139890
1509	140089
1510	140277
1511	140450
1512	140642
1513	140818
1514	140942
1515	141051
1516	141260
1517	141459
1518	141663
1519	141882
1520	142073
1521	142190
1522	142315
1523	142478
1524	142676
1525	142873
1526	143088
1527	143294
1528	143446
1529	143589
1530	143776
1531	143980
1532	144205
1533	144405
1534	144616
1535	144765
1536	144914
1537	145128
1538	145355
1539	145589
1540	145837
1541	146043
1542	146197
1543	146336
1544	146532
1545	146734
1546	146957
1547	147171
1548	147385
1549	147524
1550	147655
1551	147858
1552	148042
1553	148245
1554	148470
1555	148667
1556	148801
1557	148963
1558	149179
1559	149388
1560	149622
1561	149851
1562	150052
1563	150203
1564	150347
1565	150584
1566	150814
1567	151033
1568	151262
1569	151495
1570	151645
1571	151810
1572	152053
1573	152287
1574	152532
1575	152758
1576	152954
1577	153106
1578	153269
1579	153487
1580	153735
1581	154020
1582	154298
1583	154511
1584	154693
1585	154855
1586	155068
1587	155311
1588	155557
1589	155792
1590	155975
1591	156130
1592	156311
1593	156548
1594	156789
1595	157029
1596	157282
1597	157487
1598	157637
1599	157779
1600	157997
1601	158219
1602	158454
1603	158655
1604	158850
1605	158983
1606	159112
1607	159255
1608	159358
1609	159508
1610	159658
1611	159816
1612	159963
1613	160087
1614	160214
1615	160337
1616	160487
1617	160693
1618	160888
1619	161054
1620	161198
1621	161390
1622	161608
1623	161842
1624	162068
1625	162296
1626	162434
1627	162584
1628	162794
1629	163004
1630	163253
1631	163472
1632	163682
1633	163840
1634	163979
1635	164172
1636	164375
1637	164586
1638	164819
1639	164999
1640	165150
1641	165330
1642	165551
1643	165797
1644	166042
1645	166283
1646	166518
1647	166672
1648	166807
1649	167025
1650	167263
1651	167506
1652	167753
1653	167974
1654	168118
1655	168312
1656	168544
1657	168785
1658	169025
1659	169277
1660	169496
1661	169650
1662	169812
1663	169997
1664	170245
1665	170508
1666	170775
1667	171015
1668	171210
1669	171391
1670	171646
1671	171886
1672	172158
1673	172414
1674	172645
1675	172840
1676	173048
1677	173291
1678	173562
1679	173821
1680	174080
1681	174317
1682	174475
1683	174673
1684	174963
1685	175243
1686	175528
1687	175774
1688	176004
1689	176184
1690	176379
1691	176635
1692	176909
1693	177189
1694	177457
1695	177706
1696	177859
1697	178044
1698	178258
1699	178492
1700	178752
1701	179042
1702	179278
1703	179455
1704	179645
1705	179867
1706	180125
1707	180412
1708	180706
1709	180983
1710	181163
1711	181376
1712	181657
1713	181946
1714	182234
1715	182470
1716	182744
1717	182924
1718	183114
1719	183377
1720	183623
1721	183918
1722	184205
1723	184445
1724	184610
1725	184790
1726	185028
1727	185291
1728	185570
1729	185809
1730	186043
1731	186205
1732	186385
1733	186600
1734	186824
1735	187037
1736	187303
1737	187522
1738	187681
1739	187863
1740	188093
1741	188351
1742	188605
1743	188868
1744	189125
1745	189292
1746	189446
1747	189665
1748	189909
1749	190183
1750	190447
1751	190696
1752	190876
1753	191019
1754	191222
1755	191453
1756	191710
1757	191966
1758	192180
1759	192344
1760	192503
1761	192740
1762	192985
1763	193266
1764	193501
1765	193713
1766	193878
1767	194030
1768	194233
1769	194458
1770	194699
1771	194932
1772	195157
1773	195307
1774	195475
1775	195698
1776	195934
1777	196192
1778	196446
1779	196663
1780	196806
1781	196961
1782	197184
1783	197432
1784	197688
1785	197939
1786	198165
1787	198306
1788	198440
1789	198645
1790	198889
1791	199148
1792	199448
1793	199697
1794	199834
1795	199970
1796	200167
1797	200409
1798	200664
1799	200876
1800	201094
1801	201224
1802	201382
1803	201608
1804	201839
1805	202072
1806	202304
1807	202547
1808	202676
1809	202824
1810	203069
1811	203309
1812	203575
1813	203827
1814	204064
1815	204196
1816	204338
1817	204577
1818	204823
1819	205088
1820	205359
1821	205598
1822	205731
1823	205890
1824	206138
1825	206382
1826	206625
1827	206851
1828	207073
1829	207219
1830	207369
1831	207592
1832	207805
1833	208058
1834	208269
1835	208461
1836	208604
1837	208756
1838	208991
1839	209195
1840	209423
1841	209634
1842	209855
1843	209981
1844	210120
1845	210346
1846	210547
1847	210797
1848	211071
1849	211319
1850	211452
1851	211621
1852	211850
1853	212074
1854	212333
1855	212576
1856	212790
1857	212954
1858	213093
1859	213299
1860	213534
1861	213796
1862	214057
1863	214291
1864	214463
1865	214643
1866	214843
1867	215070
1868	215330
1869	215564
1870	215796
1871	215961
1872	216135
1873	216381
1874	216634
1875	216913
1876	217166
1877	217404
1878	217573
1879	217736
1880	217942
1881	218200
1882	218479
1883	218739
1884	218979
1885	219148
1886	219338
1887	219571
1888	219845
1889	220162
1890	220447
1891	220689
1892	220887
1893	221100
1894	221404
1895	221684
1896	221975
1897	222268
1898	222503
1899	222664
1900	222851
1901	223107
1902	223406
1903	223710
1904	223995
1905	224272
1906	224473
1907	224692
1908	224979
1909	225272
1910	225539
1911	225839
1912	226103
1913	226261
1914	226476
1915	226750
1916	227035
1917	227327
1918	227624
1919	227893
1920	228083
1921	228276
1922	228544
1923	228838
1924	229174
1925	229494
1926	229768
1927	229953
1928	230194
1929	230507
1930	230797
1931	231095
1932	231421
1933	231691
1934	231906
1935	232113
1936	232411
1937	232757
1938	233088
1939	233422
1940	233712
1941	233930
1942	234162
1943	234468
1944	234820
1945	235116
1946	235395
1947	235651
1948	235822
1949	236016
1950	236275
1951	236575
1952	236906
1953	237184
1954	237460
1955	237661
1956	237863
1957	238135
1958	238413
1959	238698
1960	238968
1961	239249
1962	239449
1963	239665
1964	239919
1965	240180
1966	240444
1967	240717
1968	240942
1969	241101
1970	241293
1971	241498
1972	241659
1973	241793
1974	241974
1975	242177
1976	242318
1977	242489
1978	242747
1979	242933
1980	243087
1981	243295
1982	243532
1983	243715
1984	243920
1985	244166
1986	244455
1987	244741
1988	245024
1989	245292
1990	245473
1991	245669
1992	245961
1993	246239
1994	246543
1995	246804
1996	247054
1997	247260
1998	247482
1999	247756
2000	248060
2001	248356
2002	248632
2003	248908
2004	249119
2005	249331
2006	249585
2007	249891
2008	250188
2009	250470
2010	250732
2011	250928
2012	251126
2013	251402
2014	251708
2015	252037
2016	252323
2017	252604
2018	252817
2019	253042
2020	253336
2021	253639
2022	253934
2023	254252
2024	254562
2025	254740
2026	254985
2027	255279
2028	255571
2029	255888
2030	256213
2031	256509
2032	256733
2033	256930
2034	257211
2035	257537
2036	257870
2037	258224
2038	258517
2039	258740
2040	258976
2041	259267
2042	259584
2043	259937
2044	260234
2045	260530
2046	260750
2047	260991
2048	261273
2049	261586
2050	261923
2051	262267
2052	262551
2053	262780
2054	263023
2055	263308
2056	263635
2057	263961
2058	264292
2059	264586
2060	264810
2061	265041
2062	265362
2063	265659
2064	266005
2065	266355
2066	266638
2067	266836
2068	267050
2069	267321
2070	267627
2071	267945
2072	268266
2073	268571
2074	268796
2075	269039
2076	269366
2077	269706
2078	270057
2079	270375
2080	270666
2081	270868
2082	271072
2083	271348
2084	271638
2085	271932
2086	272242
2087	272478
2088	272665
2089	272852
2090	273115
2091	273414
2092	273717
2093	274037
2094	274332
2095	274510
2096	274716
2097	275013
2098	275314
2099	275585
2100	275822
2101	276059
2102	276252
2103	276476
2104	276728
2105	277022
2106	277284
2107	277541
2108	277745
2109	277935
2110	278120
2111	278363
2112	278628
2113	278887
2114	279142
2115	279281
2116	279429
2117	279585
2118	279794
2119	280031
2120	280290
2121	280536
2122	280781
2123	280962
2124	281123
2125	281349
2126	281608
2127	281862
2128	282128
2129	282353
2130	282487
2131	282623
2132	282807
2133	283028
2134	283275
2135	283520
2136	283732
2137	283846
2138	283989
2139	284200
2140	284434
2141	284659
2142	284878
2143	285077
2144	285210
2145	285351
2146	285557
2147	285773
2148	285999
2149	286234
2150	286439
2151	286591
2152	286712
2153	286899
2154	287137
2155	287394
2156	287637
2157	287843
2158	287961
2159	288088
2160	288318
2161	288543
2162	288793
2163	289039
2164	289203
2165	289331
2166	289449
2167	289676
2168	289910
2169	290146
2170	290385
2171	290613
2172	290739
2173	290868
2174	291094
2175	291332
2176	291555
2177	291796
2178	292026
2179	292165
2180	292308
2181	292552
2182	292815
2183	293059
2184	293299
2185	293509
2186	293640
2187	293762
2188	293964
2189	294185
2190	294436
2191	294700
2192	294900
2193	295040
2194	295171
2195	295405
2196	295617
2197	295848
2198	296089
2199	296296
2200	296434
2201	296590
2202	296800
2203	297051
2204	297306
2205	297542
2206	297750
2207	297881
2208	298000
2209	298197
2210	298443
2211	298645
2212	298883
2213	299095
2214	299222
2215	299341
2216	299548
2217	299771
2218	299998
2219	300223
2220	300415
2221	300548
2222	300698
2223	300878
2224	301084
2225	301307
2226	301543
2227	301737
2228	301878
2229	302024
2230	302237
2231	302463
2232	302683
2233	302955
2234	303202
2235	303373
2236	303553
2237	303779
2238	304033
2239	304266
2240	304549
2241	304792
2242	304919
2243	305065
2244	305301
2245	305553
2246	305806
2247	306081
2248	306316
2249	306481
2250	306614
2251	306826
2252	307061
2253	307290
2254	307483
2255	307691
2256	307840
2257	308016
2258	308226
2259	308437
2260	308677
2261	308923
2262	309186
2263	309363
2264	309541
2265	309791
2266	310071
2267	310345
2268	310629
2269	310854
2270	311018
2271	311185
2272	311426
2273	311661
2274	311902
2275	312162
2276	312409
2277	312568
2278	312791
2279	313049
2280	313307
2281	313565
2282	313813
2283	314032
2284	314147
2285	314306
2286	314550
2287	314801
2288	315038
2289	315311
2290	315565
2291	315719
2292	315925
2293	316171
2294	316425
2295	316700
2296	316966
2297	317219
2298	317410
2299	317574
2300	317842
2301	318125
2302	318384
2303	318667
2304	318915
2305	319081
2306	319249
2307	319479
2308	319737
2309	319999
2310	320218
2311	320427
2312	320611
2313	320781
2314	321022
2315	321290
2316	321557
2317	321821
2318	322080
2319	322301
2320	322484
2321	322731
2322	323013
2323	323281
2324	323544
2325	323772
2326	323938
2327	324112
2328	324331
2329	324540
2330	324779
2331	324982
2332	325171
2333	325300
2334	325449
2335	325661
2336	325866
2337	326025
2338	326138
2339	326254
2340	326384
2341	326512
2342	326705
2343	326881
2344	327027
2345	327125
2346	327308
2347	327443
2348	327606
2349	327814
2350	328038
2351	328248
2352	328494
2353	328686
2354	328837
2355	328989
2356	329200
2357	329410
2358	329654
2359	329892
2360	330117
2361	330258
2362	330412
2363	330646
2364	330890
2365	331153
2366	331413
2367	331630
2368	331784
2369	331966
2370	332190
2371	332440
2372	332691
2373	332965
2374	333167
2375	333344
2376	333532
2377	333768
2378	334020
2379	334252
2380	334553
2381	334827
2382	335003
2383	335183
2384	335427
2385	335689
2386	335914
2387	336164
2388	336400
2389	336551
2390	336739
2391	336979
2392	337231
2393	337483
2394	337754
2395	338005
2396	338210
2397	338419
2398	338662
2399	338937
2400	339219
2401	339512
2402	339785
2403	339979
2404	340149
2405	340396
2406	340645
2407	340938
2408	341233
2409	341508
2410	341698
2411	341890
2412	342181
2413	342464
2414	342774
2415	343068
2416	343347
2417	343542
2418	343734
2419	343982
2420	344277
2421	344602
2422	344884
2423	345154
2424	345371
2425	345592
2426	345849
2427	346147
2428	346435
2429	346704
2430	347005
2431	347188
2432	347399
2433	347668
2434	347940
2435	348238
2436	348521
2437	348760
2438	348967
2439	349150
2440	349396
2441	349659
2442	349908
2443	350155
2444	350421
2445	350623
2446	350805
2447	351075
2448	351360
2449	351650
2450	351938
2451	352202
2452	352409
2453	352599
2454	352890
2455	353193
2456	353532
2457	353825
2458	354123
2459	354344
2460	354542
2461	354837
2462	355111
2463	355422
2464	355682
2465	355883
2466	356064
2467	356254
2468	356495
2469	356768
2470	357043
2471	357339
2472	357616
2473	357787
2474	357969
2475	358234
2476	358544
2477	358831
2478	359074
2479	359318
2480	359488
2481	359654
2482	359902
2483	360151
2484	360417
2485	360694
2486	360979
2487	361161
2488	361329
2489	361543
2490	361849
2491	362152
2492	362455
2493	362714
2494	362882
2495	363089
2496	363302
2497	363597
2498	363871
2499	364150
2500	364423
2501	364608
2502	364794
2503	365033
2504	365304
2505	365609
2506	365879
2507	366115
2508	366253
2509	366404
2510	366672
2511	366967
2512	367244
2513	367510
2514	367753
2515	367926
2516	368087
2517	368325
2518	368592
2519	368861
2520	369133
2521	369392
2522	369537
2523	369686
2524	369946
2525	370229
2526	370541
2527	370812
2528	371037
2529	371208
2530	371374
2531	371626
2532	371890
2533	372174
2534	372459
2535	372704
2536	372863
2537	373017
2538	373245
2539	373548
2540	373844
2541	374083
2542	374320
2543	374478
2544	374632
2545	374905
2546	375188
2547	375483
2548	375766
2549	376017
2550	376160
2551	376307
2552	376567
2553	376788
2554	377076
2555	377301
2556	377544
2557	377687
2558	377827
2559	378053
2560	378311
2561	378556
2562	378799
2563	379024
2564	379155
2565	379291
2566	379512
2567	379754
2568	380028
2569	380269
2570	380502
2571	380649
2572	380805
2573	381020
2574	381269
2575	381513
2576	381759
2577	381985
2578	382107
2579	382271
2580	382475
2581	382725
2582	382996
2583	383225
2584	383470
2585	383601
2586	383749
2587	383970
2588	384201
2589	384420
2590	384654
2591	384870
2592	385001
2593	385175
2594	385360
2595	385599
2596	385847
2597	386093
2598	386302
2599	386453
2600	386607
2601	386821
2602	387047
2603	387276
2604	387520
2605	387726
2606	387880
2607	388049
2608	388278
2609	388559
2610	388817
2611	389074
2612	389324
2613	389488
2614	389666
2615	389884
2616	390140
2617	390389
2618	390644
2619	390905
2620	391078
2621	391268
2622	391499
2623	391760
2624	392025
2625	392326
2626	392590
2627	392753
2628	392934
2629	393183
2630	393457
2631	393731
2632	394010
2633	394292
2634	394474
2635	394683
2636	394962
2637	395221
2638	395504
2639	395770
2640	396046
2641	396237
2642	396465
2643	396740
2644	397048
2645	397327
2646	397620
2647	397883
2648	398057
2649	398224
2650	398501
2651	398762
2652	399055
2653	399359
2654	399639
2655	399825
2656	400024
2657	400315
2658	400623
2659	400911
2660	401201
2661	401475
2662	401679
2663	401878
2664	402121
2665	402404
2666	402697
2667	403017
2668	403323
2669	403545
2670	403753
2671	404038
2672	404335
2673	404608
2674	404862
2675	405128
2676	405305
2677	405520
2678	405794
2679	406105
2680	406424
2681	406744
2682	406997
2683	407204
2684	407416
2685	407683
2686	407999
2687	408301
2688	408605
2689	408851
2690	409078
2691	409298
2692	409561
2693	409853
2694	410088
2695	410328
2696	410552
2697	410704
2698	410885
2699	411140
2700	411384
2701	411600
2702	411775
2703	411915
2704	412034
2705	412195
2706	412389
2707	412610
2708	412806
2709	412954
2710	413077
2711	413230
2712	413367
2713	413598
2714	413807
2715	414049
2716	414310
2717	414522
2718	414686
2719	414860
2720	415087
2721	415311
2722	415560
2723	415819
2724	416032
2725	416206
2726	416362
2727	416592
2728	416850
2729	417126
2730	417369
2731	417623
2732	417778
2733	417952
2734	418217
2735	418474
2736	418744
2737	419003
2738	419238
2739	419423
2740	419610
2741	419832
2742	420104
2743	420371
2744	420646
2745	420896
2746	421080
2747	421295
2748	421567
2749	421891
2750	422160
2751	422463
2752	422737
2753	422945
2754	423153
2755	423462
2756	423739
2757	424067
2758	424387
2759	424655
2760	424876
2761	425117
2762	425406
2763	425678
2764	425974
2765	426317
2766	426624
2767	426871
2768	427130
2769	427421
2770	427730
2771	428059
2772	428414
2773	428744
2774	428965
2775	428997
