1	5
2	6
3	11
4	15
5	20
6	22
7	28
8	31
9	34
10	36
11	39
12	43
13	45
14	49
15	56
16	60
17	64
18	66
19	72
20	78
21	90
22	98
23	103
24	109
25	115
26	123
27	128
28	132
29	147
30	153
31	158
32	166
33	179
34	184
35	189
36	197
37	199
38	206
39	211
40	217
41	228
42	238
43	241
44	246
45	251
46	278
47	308
48	339
49	363
50	394
51	407
52	416
53	440
54	465
55	492
56	523
57	550
58	556
59	567
60	577
61	595
62	615
63	630
64	654
65	665
66	673
67	703
68	719
69	744
70	777
71	801
72	814
73	822
74	852
75	869
76	880
77	894
78	906
79	908
80	918
81	939
82	963
83	982
84	1004
85	1021
86	1031
87	1040
88	1057
89	1081
90	1099
91	1118
92	1134
93	1145
94	1155
95	1171
96	1190
97	1208
98	1218
99	1234
100	1241
101	1255
102	1271
103	1287
104	1305
105	1318
106	1331
107	1338
108	1347
109	1364
110	1379
111	1399
112	1427
113	1445
114	1453
115	1463
116	1478
117	1499
118	1518
119	1532
120	1550
121	1558
122	1564
123	1579
124	1590
125	1609
126	1627
127	1645
128	1659
129	1665
130	1688
131	1700
132	1711
133	1736
134	1752
135	1762
136	1766
137	1782
138	1799
139	1821
140	1843
141	1858
142	1866
143	1874
144	1890
145	1903
146	1915
147	1917
148	1926
149	1934
150	1945
151	1958
152	1968
153	1980
154	1986
155	2000
156	2011
157	2020
158	2035
159	2064
160	2079
161	2092
162	2109
163	2125
164	2138
165	2154
166	2180
167	2195
168	2217
169	2233
170	2240
171	2258
172	2282
173	2297
174	2316
175	2339
176	2358
177	2375
178	2385
179	2404
180	2425
181	2453
182	2480
183	2492
184	2503
185	2512
186	2534
187	2564
188	2582
189	2607
190	2633
191	2651
192	2662
193	2683
194	2709
195	2737
196	2767
197	2791
198	2806
199	2820
200	2834
201	2868
202	2896
203	2920
204	2947
205	2961
206	2981
207	3009
208	3033
209	3067
210	3103
211	3130
212	3147
213	3161
214	3185
215	3224
216	3257
217	3282
218	3312
219	3324
220	3335
221	3370
222	3393
223	3424
224	3451
225	3473
226	3487
227	3498
228	3519
229	3544
230	3580
231	3607
232	3637
233	3657
234	3668
235	3694
236	3721
237	3750
238	3777
239	3817
240	3846
241	3863
242	3893
243	3916
244	3941
245	3983
246	4014
247	4043
248	4059
249	4090
250	4126
251	4161
252	4196
253	4223
254	4237
255	4252
256	4277
257	4314
258	4346
259	4370
260	4400
261	4412
262	4420
263	4460
264	4504
265	4532
266	4570
267	4588
268	4601
269	4623
270	4650
271	4682
272	4708
273	4749
274	4786
275	4807
276	4831
277	4864
278	4907
279	4943
280	4976
281	5016
282	5035
283	5054
284	5100
285	5140
286	5185
287	5217
288	5258
289	5287
290	5305
291	5335
292	5372
293	5410
294	5455
295	5491
296	5514
297	5530
298	5556
299	5598
300	5636
301	5674
302	5712
303	5744
304	5764
305	5802
306	5845
307	5901
308	5963
309	6002
310	6026
311	6048
312	6111
313	6157
314	6218
315	6266
316	6313
317	6343
318	6359
319	6415
320	6473
321	6522
322	6572
323	6617
324	6640
325	6670
326	6726
327	6792
328	6852
329	6902
330	6954
331	6985
332	7011
333	7061
334	7107
335	7173
336	7247
337	7289
338	7322
339	7342
340	7388
341	7447
342	7516
343	7579
344	7636
345	7666
346	7689
347	7753
348	7822
349	7886
350	7958
351	8008
352	8043
353	8072
354	8127
355	8195
356	8265
357	8337
358	8415
359	8456
360	8492
361	8552
362	8627
363	8701
364	8774
365	8846
366	8887
367	8931
368	8998
369	9055
370	9118
371	9196
372	9262
373	9312
374	9352
375	9403
376	9457
377	9520
378	9576
379	9647
380	9684
381	9733
382	9795
383	9869
384	9946
385	10025
386	10084
387	10128
388	10174
389	10229
390	10296
391	10373
392	10449
393	10525
394	10561
395	10618
396	10664
397	10744
398	10810
399	10897
400	10965
401	11001
402	11055
403	11129
404	11189
405	11287
406	11352
407	11432
408	11472
409	11521
410	11583
411	11660
412	11746
413	11830
414	11892
415	11930
416	11975
417	12052
418	12129
419	12220
420	12291
421	12349
422	12398
423	12430
424	12504
425	12579
426	12672
427	12735
428	12799
429	12840
430	12876
431	12939
432	13020
433	13088
434	13173
435	13235
436	13270
437	13308
438	13397
439	13489
440	13567
441	13657
442	13739
443	13790
444	13848
445	13930
446	14032
447	14109
448	14218
449	14281
450	14328
451	14377
452	14464
453	14562
454	14665
455	14762
456	14857
457	14926
458	14986
459	15070
460	15150
461	15246
462	15346
463	15464
464	15522
465	15579
466	15673
467	15767
468	15868
469	15964
470	16062
471	16123
472	16177
473	16286
474	16406
475	16525
476	16635
477	16734
478	16804
479	16859
480	16979
481	17084
482	17193
483	17284
484	17367
485	17431
486	17485
487	17570
488	17659
489	17778
490	17880
491	17976
492	18050
493	18112
494	18222
495	18338
496	18449
497	18568
498	18674
499	18732
500	18792
501	18905
502	19007
503	19111
504	19208
505	19299
506	19358
507	19422
508	19537
509	19660
510	19741
511	19818
512	19874
513	19926
514	20006
515	20097
516	20196
517	20295
518	20376
519	20449
520	20534
521	20615
522	20769
523	20872
524	21014
525	21123
526	21238
527	21315
528	21399
529	21522
530	21638
531	21766
532	21905
533	22003
534	22079
535	22163
536	22281
537	22408
538	22508
539	22632
540	22769
541	22854
542	22951
543	23080
544	23215
545	23349
546	23473
547	23604
548	23678
549	23790
550	23918
551	24040
552	24160
553	24290
554	24408
555	24485
556	24566
557	24680
558	24794
559	24926
560	25066
561	25184
562	25262
563	25326
564	25441
565	25571
566	25695
567	25835
568	25963
569	26031
570	26116
571	26240
572	26370
573	26486
574	26618
575	26712
576	26797
577	26894
578	27003
579	27145
580	27293
581	27412
582	27538
583	27613
584	27693
585	27809
586	27934
587	28066
588	28192
589	28326
590	28402
591	28468
592	28591
593	28731
594	28851
595	29007
596	29138
597	29234
598	29322
599	29442
600	29600
601	29760
602	29892
603	30030
604	30107
605	30203
606	30314
607	30458
608	30589
609	30713
610	30802
611	30862
612	30924
613	31033
614	31167
615	31317
616	31461
617	31596
618	31690
619	31774
620	31909
621	32034
622	32176
623	32341
624	32459
625	32538
626	32628
627	32793
628	32938
629	33074
630	33214
631	33354
632	33454
633	33522
634	33662
635	33823
636	33975
637	34108
638	34225
639	34320
640	34402
641	34548
642	34700
643	34834
644	34971
645	35100
646	35180
647	35256
648	35404
649	35563
650	35736
651	35884
652	36024
653	36110
654	36208
655	36356
656	36512
657	36670
658	36826
659	36956
660	37044
661	37126
662	37276
663	37418
664	37595
665	37744
666	37900
667	37998
668	38096
669	38203
670	38359
671	38540
672	38700
673	38853
674	38938
675	39023
676	39165
677	39336
678	39495
679	39659
680	39794
681	39887
682	39965
683	40103
684	40253
685	40421
686	40595
687	40738
688	40827
689	40923
690	41057
691	41213
692	41354
693	41530
694	41659
695	41739
696	41823
697	41974
698	42130
699	42299
700	42452
701	42594
702	42677
703	42769
704	42903
705	43034
706	43181
707	43340
708	43484
709	43582
710	43675
711	43823
712	44009
713	44183
714	44381
715	44579
716	44692
717	44769
718	44941
719	45133
720	45321
721	45497
722	45670
723	45778
724	45878
725	46043
726	46235
727	46438
728	46634
729	46800
730	46920
731	47016
732	47196
733	47371
734	47547
735	47766
736	47953
737	48042
738	48153
739	48329
740	48520
741	48683
742	48889
743	49090
744	49222
745	49348
746	49540
747	49762
748	49975
749	50152
750	50324
751	50426
752	50544
753	50740
754	50923
755	51110
756	51301
757	51497
758	51620
759	51725
760	51910
761	52111
762	52331
763	52516
764	52673
765	52801
766	52923
767	53077
768	53281
769	53460
770	53613
771	53766
772	53872
773	53964
774	54131
775	54315
776	54526
777	54700
778	54847
779	54956
780	55056
781	55212
782	55404
783	55569
784	55748
785	55926
786	56034
787	56145
788	56328
789	56498
790	56673
791	56852
792	57025
793	57134
794	57223
795	57374
796	57526
797	57712
798	57881
799	58069
800	58149
801	58240
802	58403
803	58543
804	58722
805	58917
806	59070
807	59158
808	59256
809	59414
810	59600
811	59769
812	59971
813	60110
814	60214
815	60305
816	60474
817	60651
818	60832
819	61005
820	61176
821	61282
822	61402
823	61565
824	61741
825	61925
826	62099
827	62276
828	62371
829	62489
830	62658
831	62866
832	63070
833	63269
834	63448
835	63581
836	63713
837	63886
838	64073
839	64250
840	64472
841	64680
842	64800
843	64930
844	65141
845	65367
846	65570
847	65750
848	65894
849	66012
850	66150
851	66347
852	66548
853	66727
854	66948
855	67128
856	67250
857	67395
858	67604
859	67814
860	67997
861	68206
862	68380
863	68502
864	68644
865	68854
866	69055
867	69275
868	69500
869	69676
870	69803
871	69935
872	70123
873	70346
874	70574
875	70771
876	70922
877	71021
878	71115
879	71277
880	71454
881	71627
882	71804
883	71950
884	72051
885	72177
886	72356
887	72579
888	72769
889	72997
890	73208
891	73358
892	73540
893	73753
894	73993
895	74221
896	74467
897	74697
898	74858
899	75018
900	75271
901	75533
902	75783
903	76042
904	76291
905	76440
906	76591
907	76841
908	77102
909	77365
910	77631
911	77843
912	78038
913	78203
914	78424
915	78675
916	78947
917	79187
918	79426
919	79602
920	79775
921	80066
922	80351
923	80634
924	80880
925	81140
926	81308
927	81468
928	81733
929	81983
930	82270
931	82566
932	82810
933	82998
934	83199
935	83480
936	83770
937	84047
938	84347
939	84605
940	84786
941	84916
942	85192
943	85444
944	85692
945	85956
946	86214
947	86383
948	86551
949	86827
950	87108
951	87380
952	87683
953	87965
954	88158
955	88345
956	88647
957	88916
958	89210
959	89513
960	89808
961	89992
962	90182
963	90488
964	90801
965	91108
966	91428
967	91718
968	91901
969	92129
970	92416
971	92754
972	93071
973	93420
974	93692
975	93913
976	94105
977	94388
978	94682
979	95005
980	95305
981	95584
982	95779
983	95983
984	96291
985	96581
986	96937
987	97227
988	97513
989	97728
990	97919
991	98197
992	98509
993	98789
994	99061
995	99305
996	99457
997	99631
998	99845
999	100119
1000	100437
1001	100725
1002	100977
1003	101178
1004	101366
1005	101621
1006	101923
1007	102239
1008	102552
1009	102831
1010	103029
1011	103241
1012	103550
1013	103879
1014	104204
1015	104488
1016	104769
1017	104954
1018	105124
1019	105409
1020	105704
1021	106035
1022	106346
1023	106620
1024	106789
1025	106980
1026	107267
1027	107571
1028	107858
1029	108197
1030	108452
1031	108621
1032	108786
1033	109034
1034	109335
1035	109632
1036	109949
1037	110239
1038	110455
1039	110650
1040	110954
1041	111277
1042	111586
1043	111892
1044	112185
1045	112351
1046	112534
1047	112819
1048	113129
1049	113410
1050	113733
1051	114016
1052	114204
1053	114365
1054	114646
1055	114968
1056	115280
1057	115587
1058	115869
1059	116057
1060	116214
1061	116490
1062	116807
1063	117157
1064	117447
1065	117732
1066	117911
1067	118079
1068	118333
1069	118642
1070	118950
1071	119290
1072	119611
1073	119780
1074	119966
1075	120283
1076	120650
1077	120996
1078	121342
1079	121645
1080	121831
1081	122037
1082	122359
1083	122718
1084	123055
1085	123390
1086	123710
1087	123898
1088	124109
1089	124432
1090	124774
1091	125167
1092	125520
1093	125838
1094	126027
1095	126230
1096	126538
1097	126896
1098	127246
1099	127601
1100	127893
1101	128057
1102	128251
1103	128568
1104	128919
1105	129262
1106	129585
1107	129878
1108	130089
1109	130307
1110	130618
1111	130978
1112	131328
1113	131674
1114	131985
1115	132173
1116	132361
1117	132661
1118	132968
1119	133292
1120	133631
1121	133930
1122	134100
1123	134293
1124	134589
1125	134903
1126	135212
1127	135515
1128	135818
1129	136009
1130	136200
1131	136478
1132	136795
1133	137103
1134	137398
1135	137667
1136	137842
1137	138031
1138	138333
1139	138663
1140	138961
1141	139264
1142	139545
1143	139750
1144	139934
1145	140256
1146	140570
1147	140912
1148	141265
1149	141552
1150	141740
1151	141943
1152	142231
1153	142513
1154	142814
1155	143092
1156	143378
1157	143547
1158	143716
1159	143978
1160	144278
1161	144606
1162	144881
1163	145174
1164	145355
1165	145544
1166	145828
1167	146155
1168	146452
1169	146738
1170	147025
1171	147223
1172	147396
1173	147685
1174	148000
1175	148316
1176	148636
1177	148956
1178	149154
1179	149328
1180	149658
1181	149992
1182	150308
1183	150594
1184	150874
1185	151057
1186	151220
1187	151521
1188	151818
1189	152138
1190	152496
1191	152828
1192	153039
1193	153245
1194	153567
1195	153876
1196	154176
1197	154508
1198	154790
1199	154993
1200	155175
1201	155487
1202	155807
1203	156141
1204	156482
1205	156796
1206	156987
1207	157209
1208	157559
1209	157931
1210	158287
1211	158583
1212	158875
1213	159082
1214	159304
1215	159647
1216	159976
1217	160291
1218	160635
1219	160938
1220	161151
1221	161347
1222	161638
1223	161975
1224	162346
1225	162699
1226	163004
1227	163227
1228	163409
1229	163715
1230	164057
1231	164398
1232	164747
1233	165022
1234	165223
1235	165405
1236	165704
1237	166034
1238	166357
1239	166678
1240	166921
1241	167115
1242	167234
1243	167423
1244	167653
1245	167945
1246	168248
1247	168488
1248	168656
1249	168774
1250	169029
1251	169332
1252	169688
1253	170056
1254	170361
1255	170586
1256	170835
1257	171182
1258	171552
1259	171892
1260	172251
1261	172597
1262	172814
1263	173024
1264	173345
1265	173726
1266	174066
1267	174389
1268	174698
1269	174948
1270	175166
1271	175497
1272	175858
1273	176222
1274	176531
1275	176838
1276	177089
1277	177329
1278	177696
1279	178064
1280	178446
1281	178810
1282	179169
1283	179401
1284	179631
1285	179976
1286	180346
1287	180715
1288	181095
1289	181455
1290	181712
1291	181974
1292	182335
1293	182710
1294	183092
1295	183495
1296	183866
1297	184099
1298	184389
1299	184805
1300	185202
1301	185619
1302	186049
1303	186467
1304	186747
1305	187000
1306	187337
1307	187728
1308	188099
1309	188476
1310	188869
1311	189151
1312	189419
1313	189784
1314	190195
1315	190576
1316	190972
1317	191373
1318	191607
1319	191868
1320	192224
1321	192623
1322	193024
1323	193409
1324	193803
1325	194042
1326	194298
1327	194689
1328	195090
1329	195491
1330	195937
1331	196312
1332	196546
1333	196782
1334	197209
1335	197639
1336	198072
1337	198513
1338	198892
1339	199110
1340	199341
1341	199714
1342	200137
1343	200565
1344	200989
1345	201283
1346	201546
1347	201778
1348	202114
1349	202502
1350	202970
1351	203393
1352	203779
1353	204018
1354	204258
1355	204650
1356	205040
1357	205458
1358	205857
1359	206239
1360	206489
1361	206726
1362	207120
1363	207546
1364	208015
1365	208429
1366	208819
1367	209081
1368	209296
1369	209656
1370	210015
1371	210460
1372	210891
1373	211254
1374	211533
1375	211763
1376	212119
1377	212562
1378	212955
1379	213390
1380	213773
1381	213995
1382	214213
1383	214626
1384	215052
1385	215504
1386	215894
1387	216278
1388	216544
1389	216790
1390	217207
1391	217604
1392	218000
1393	218374
1394	218748
1395	218986
1396	219230
1397	219551
1398	219937
1399	220305
1400	220728
1401	221119
1402	221323
1403	221557
1404	221897
1405	222273
1406	222709
1407	223137
1408	223530
1409	223748
1410	223951
1411	224333
1412	224807
1413	225242
1414	225640
1415	226036
1416	226281
1417	226542
1418	226949
1419	227365
1420	227777
1421	228168
1422	228549
1423	228771
1424	228993
1425	229397
1426	229830
1427	230306
1428	230773
1429	231181
1430	231434
1431	231670
1432	232095
1433	232555
1434	232930
1435	233330
1436	233720
1437	234003
1438	234238
1439	234655
1440	235145
1441	235609
1442	236042
1443	236442
1444	236703
1445	236954
1446	237431
1447	237845
1448	238329
1449	238779
1450	239188
1451	239485
1452	239730
1453	240111
1454	240537
1455	241045
1456	241527
1457	241938
1458	242210
1459	242460
1460	242884
1461	243351
1462	243804
1463	244333
1464	244725
1465	244945
1466	245195
1467	245622
1468	246107
1469	246564
1470	247023
1471	247480
1472	247737
1473	248031
1474	248458
1475	248893
1476	249285
1477	249718
1478	250132
1479	250391
1480	250617
1481	251004
1482	251391
1483	251856
1484	252363
1485	252755
1486	253009
1487	253293
1488	253690
1489	254088
1490	254570
1491	255018
1492	255431
1493	255679
1494	255925
1495	256312
1496	256739
1497	257174
1498	257671
1499	258053
1500	258301
1501	258583
1502	258978
1503	259416
1504	259820
1505	260283
1506	260680
1507	260935
1508	261211
1509	261656
1510	262123
1511	262568
1512	263015
1513	263426
1514	263671
1515	263915
1516	264330
1517	264764
1518	265210
1519	265655
1520	266028
1521	266274
1522	266497
1523	266882
1524	267300
1525	267747
1526	268188
1527	268587
1528	268835
1529	269088
1530	269480
1531	269955
1532	270392
1533	270866
1534	271294
1535	271549
1536	271809
1537	272216
1538	272684
1539	273113
1540	273570
1541	274005
1542	274270
1543	274552
1544	274966
1545	275466
1546	275879
1547	276366
1548	276757
1549	277012
1550	277241
1551	277631
1552	278033
1553	278439
1554	278897
1555	279298
1556	279569
1557	279847
1558	280296
1559	280707
1560	281148
1561	281632
1562	282041
1563	282290
1564	282547
1565	282931
1566	283350
1567	283831
1568	284302
1569	284736
1570	285017
1571	285282
1572	285741
1573	286190
1574	286647
1575	287058
1576	287443
1577	287750
1578	288035
1579	288496
1580	289000
1581	289485
1582	289985
1583	290426
1584	290722
1585	290989
1586	291403
1587	291891
1588	292381
1589	292854
1590	293323
1591	293647
1592	293913
1593	294347
1594	294808
1595	295303
1596	295768
1597	296174
1598	296426
1599	296720
1600	297124
1601	297597
1602	298050
1603	298497
1604	298865
1605	299098
1606	299323
1607	299563
1608	299778
1609	300084
1610	300452
1611	300825
1612	301101
1613	301362
1614	301668
1615	301888
1616	302322
1617	302754
1618	303134
1619	303438
1620	303729
1621	304164
1622	304657
1623	305112
1624	305583
1625	306023
1626	306324
1627	306629
1628	307048
1629	307566
1630	308041
1631	308508
1632	308993
1633	309320
1634	309614
1635	310051
1636	310561
1637	311092
1638	311627
1639	312072
1640	312388
1641	312727
1642	313205
1643	313709
1644	314243
1645	314728
1646	315240
1647	315550
1648	315876
1649	316373
1650	316880
1651	317404
1652	317938
1653	318422
1654	318716
1655	319031
1656	319500
1657	319984
1658	320527
1659	321004
1660	321473
1661	321790
1662	322121
1663	322624
1664	323187
1665	323727
1666	324296
1667	324790
1668	325138
1669	325425
1670	325930
1671	326438
1672	326974
1673	327535
1674	328022
1675	328316
1676	328650
1677	329146
1678	329707
1679	330282
1680	330834
1681	331375
1682	331716
1683	332047
1684	332552
1685	333129
1686	333663
1687	334243
1688	334724
1689	335071
1690	335395
1691	335881
1692	336422
1693	336946
1694	337495
1695	337986
1696	338320
1697	338658
1698	339187
1699	339730
1700	340265
1701	340765
1702	341256
1703	341626
1704	341969
1705	342425
1706	342991
1707	343489
1708	344005
1709	344466
1710	344798
1711	345106
1712	345629
1713	346198
1714	346737
1715	347234
1716	347734
1717	348038
1718	348361
1719	348844
1720	349362
1721	349910
1722	350441
1723	350866
1724	351185
1725	351472
1726	351995
1727	352535
1728	353037
1729	353579
1730	354048
1731	354371
1732	354702
1733	355161
1734	355639
1735	356070
1736	356582
1737	357067
1738	357365
1739	357625
1740	358040
1741	358523
1742	359042
1743	359574
1744	359995
1745	360308
1746	360615
1747	361069
1748	361579
1749	362060
1750	362573
1751	363066
1752	363384
1753	363667
1754	364069
1755	364563
1756	365059
1757	365598
1758	366066
1759	366324
1760	366590
1761	366998
1762	367527
1763	368021
1764	368546
1765	368971
1766	369264
1767	369542
1768	369981
1769	370468
1770	370968
1771	371522
1772	372039
1773	372342
1774	372627
1775	373113
1776	373624
1777	374110
1778	374614
1779	375091
1780	375389
1781	375687
1782	376163
1783	376674
1784	377228
1785	377773
1786	378236
1787	378523
1788	378794
1789	379254
1790	379733
1791	380229
1792	380737
1793	381211
1794	381499
1795	381799
1796	382274
1797	382793
1798	383285
1799	383771
1800	384243
1801	384537
1802	384822
1803	385310
1804	385865
1805	386393
1806	386915
1807	387409
1808	387698
1809	387958
1810	388453
1811	388996
1812	389575
1813	390112
1814	390607
1815	390940
1816	391227
1817	391754
1818	392264
1819	392869
1820	393452
1821	394014
1822	394315
1823	394647
1824	395210
1825	395748
1826	396314
1827	396905
1828	397395
1829	397732
1830	398028
1831	398526
1832	399053
1833	399595
1834	400141
1835	400627
1836	400901
1837	401204
1838	401718
1839	402258
1840	402787
1841	403184
1842	403718
1843	404011
1844	404285
1845	404778
1846	405295
1847	405834
1848	406369
1849	406930
1850	407301
1851	407662
1852	408182
1853	408719
1854	409326
1855	409885
1856	410390
1857	410773
1858	411060
1859	411571
1860	412082
1861	412652
1862	413188
1863	413801
1864	414133
1865	414481
1866	415010
1867	415590
1868	416168
1869	416753
1870	417234
1871	417548
1872	417898
1873	418431
1874	418951
1875	419500
1876	420092
1877	420581
1878	420928
1879	421250
1880	421802
1881	422376
1882	422910
1883	423514
1884	424012
1885	424343
1886	424685
1887	425255
1888	425816
1889	426336
1890	426897
1891	427468
1892	427813
1893	428134
1894	428681
1895	429259
1896	429865
1897	430471
1898	431008
1899	431340
1900	431667
1901	432177
1902	432710
1903	433231
1904	433787
1905	434295
1906	434619
1907	434959
1908	435503
1909	436116
1910	436738
1911	437369
1912	437914
1913	438229
1914	438563
1915	439113
1916	439707
1917	440277
1918	440826
1919	441336
1920	441636
1921	441974
1922	442469
1923	443017
1924	443604
1925	444174
1926	444726
1927	445084
1928	445409
1929	445953
1930	446524
1931	447106
1932	447720
1933	448301
1934	448693
1935	449062
1936	449642
1937	450249
1938	450850
1939	451477
1940	452026
1941	452372
1942	452746
1943	453313
1944	453952
1945	454520
1946	455069
1947	455536
1948	455899
1949	456256
1950	456794
1951	457400
1952	458038
1953	458610
1954	459168
1955	459519
1956	459865
1957	460440
1958	461043
1959	461665
1960	462251
1961	462807
1962	463157
1963	463512
1964	464072
1965	464664
1966	465316
1967	465865
1968	466374
1969	466701
1970	467036
1971	467492
1972	467839
1973	468099
1974	468482
1975	468914
1976	469257
1977	469597
1978	470063
1979	470458
1980	470738
1981	471267
1982	471797
1983	472206
1984	472603
1985	473209
1986	473827
1987	474479
1988	475104
1989	475693
1990	476093
1991	476469
1992	477071
1993	477673
1994	478328
1995	478996
1996	479607
1997	480015
1998	480410
1999	481031
2000	481664
2001	482308
2002	482960
2003	483498
2004	483896
2005	484325
2006	484966
2007	485640
2008	486314
2009	486937
2010	487506
2011	487918
2012	488320
2013	488961
2014	489664
2015	490300
2016	490997
2017	491633
2018	492056
2019	492525
2020	493185
2021	493848
2022	494579
2023	495255
2024	495861
2025	496278
2026	496621
2027	497240
2028	497932
2029	498673
2030	499366
2031	499994
2032	500443
2033	500866
2034	501538
2035	502236
2036	502957
2037	503638
2038	504273
2039	504716
2040	505109
2041	505790
2042	506478
2043	507165
2044	507858
2045	508475
2046	508909
2047	509347
2048	510024
2049	510706
2050	511464
2051	512198
2052	512832
2053	513261
2054	513686
2055	514322
2056	515044
2057	515777
2058	516518
2059	517200
2060	517649
2061	518066
2062	518709
2063	519409
2064	520162
2065	520859
2066	521453
2067	521857
2068	522249
2069	522878
2070	523556
2071	524262
2072	525018
2073	525654
2074	526065
2075	526457
2076	527124
2077	527825
2078	528560
2079	529244
2080	529927
2081	530376
2082	530784
2083	531422
2084	532088
2085	532792
2086	533462
2087	534015
2088	534416
2089	534799
2090	535386
2091	536053
2092	536721
2093	537389
2094	538078
2095	538513
2096	538922
2097	539567
2098	540211
2099	540790
2100	541273
2101	541821
2102	542221
2103	542562
2104	543117
2105	543694
2106	544341
2107	544982
2108	545564
2109	545894
2110	546235
2111	546752
2112	547334
2113	547894
2114	548466
2115	548820
2116	549159
2117	549472
2118	550025
2119	550583
2120	551178
2121	551786
2122	552310
2123	552611
2124	552882
2125	553348
2126	553899
2127	554460
2128	555047
2129	555550
2130	555834
2131	556144
2132	556627
2133	557161
2134	557721
2135	558211
2136	558695
2137	558954
2138	559234
2139	559694
2140	560202
2141	560739
2142	561227
2143	561722
2144	561993
2145	562265
2146	562699
2147	563252
2148	563795
2149	564307
2150	564747
2151	565062
2152	565368
2153	565863
2154	566424
2155	566961
2156	567535
2157	568071
2158	568311
2159	568590
2160	569078
2161	569602
2162	570137
2163	570673
2164	571135
2165	571423
2166	571708
2167	572238
2168	572802
2169	573342
2170	573849
2171	574315
2172	574587
2173	574885
2174	575407
2175	575942
2176	576474
2177	577042
2178	577559
2179	577880
2180	578178
2181	578733
2182	579331
2183	579892
2184	580422
2185	580900
2186	581185
2187	581516
2188	582015
2189	582521
2190	583054
2191	583574
2192	584046
2193	584333
2194	584598
2195	585045
2196	585522
2197	586081
2198	586622
2199	587102
2200	587427
2201	587707
2202	588216
2203	588720
2204	589273
2205	589807
2206	590189
2207	590464
2208	590733
2209	591218
2210	591725
2211	592257
2212	592778
2213	593276
2214	593597
2215	593945
2216	594421
2217	594969
2218	595522
2219	596033
2220	596486
2221	596780
2222	597033
2223	597467
2224	597949
2225	598474
2226	598992
2227	599492
2228	599832
2229	600093
2230	600583
2231	601143
2232	601679
2233	602268
2234	602751
2235	603049
2236	603290
2237	603781
2238	604298
2239	604844
2240	605402
2241	605869
2242	606171
2243	606450
2244	606936
2245	607497
2246	608053
2247	608532
2248	609085
2249	609364
2250	609639
2251	610110
2252	610650
2253	611204
2254	611702
2255	612125
2256	612393
2257	612683
2258	613137
2259	613646
2260	614180
2261	614704
2262	615199
2263	615513
2264	615829
2265	616335
2266	616825
2267	617335
2268	617827
2269	618302
2270	618603
2271	618935
2272	619436
2273	620008
2274	620487
2275	620966
2276	621391
2277	621661
2278	621948
2279	622447
2280	622928
2281	623472
2282	624021
2283	624528
2284	624755
2285	625084
2286	625540
2287	626071
2288	626608
2289	627119
2290	627600
2291	627899
2292	628201
2293	628733
2294	629262
2295	629798
2296	630312
2297	630795
2298	631108
2299	631412
2300	631941
2301	632527
2302	633076
2303	633621
2304	634088
2305	634408
2306	634736
2307	635249
2308	635790
2309	636312
2310	636768
2311	637217
2312	637523
2313	637811
2314	638273
2315	638812
2316	639379
2317	639926
2318	640400
2319	640688
2320	641009
2321	641516
2322	642024
2323	642569
2324	643131
2325	643600
2326	643912
2327	644215
2328	644703
2329	645202
2330	645675
2331	646150
2332	646569
2333	646825
2334	647042
2335	647461
2336	647885
2337	648217
2338	648432
2339	648761
2340	649018
2341	649274
2342	649714
2343	650122
2344	650480
2345	650714
2346	651133
2347	651424
2348	651725
2349	652218
2350	652702
2351	653198
2352	653703
2353	654206
2354	654508
2355	654823
2356	655302
2357	655857
2358	656396
2359	656945
2360	657419
2361	657766
2362	658055
2363	658583
2364	659142
2365	659732
2366	660270
2367	660785
2368	661124
2369	661417
2370	661881
2371	662409
2372	662992
2373	663541
2374	664036
2375	664381
2376	664718
2377	665256
2378	665847
2379	666379
2380	666921
2381	667461
2382	667798
2383	668128
2384	668705
2385	669270
2386	669843
2387	670440
2388	670928
2389	671211
2390	671511
2391	672002
2392	672544
2393	673121
2394	673697
2395	674235
2396	674600
2397	674918
2398	675465
2399	676039
2400	676613
2401	677209
2402	677740
2403	678081
2404	678425
2405	678943
2406	679499
2407	680069
2408	680613
2409	681109
2410	681506
2411	681885
2412	682463
2413	683098
2414	683761
2415	684408
2416	685000
2417	685372
2418	685782
2419	686434
2420	687072
2421	687705
2422	688318
2423	688855
2424	689169
2425	689486
2426	690033
2427	690612
2428	691256
2429	691846
2430	692424
2431	692787
2432	693162
2433	693812
2434	694429
2435	695045
2436	695661
2437	696145
2438	696506
2439	696806
2440	697312
2441	697899
2442	698536
2443	699213
2444	699774
2445	700133
2446	700460
2447	701019
2448	701627
2449	702282
2450	702910
2451	703487
2452	703862
2453	704216
2454	704798
2455	705420
2456	706134
2457	706835
2458	707403
2459	707775
2460	708175
2461	708800
2462	709437
2463	710144
2464	710785
2465	711240
2466	711619
2467	711987
2468	712515
2469	713157
2470	713751
2471	714391
2472	714956
2473	715325
2474	715679
2475	716307
2476	716948
2477	717604
2478	718173
2479	718767
2480	719120
2481	719426
2482	720009
2483	720604
2484	721251
2485	721850
2486	722453
2487	722772
2488	723074
2489	723587
2490	724209
2491	724848
2492	725495
2493	726057
2494	726398
2495	726733
2496	727353
2497	727963
2498	728622
2499	729247
2500	729792
2501	730130
2502	730433
2503	731023
2504	731671
2505	732341
2506	732925
2507	733417
2508	733773
2509	734099
2510	734665
2511	735310
2512	735915
2513	736495
2514	737053
2515	737391
2516	737717
2517	738282
2518	738910
2519	739551
2520	740186
2521	740788
2522	741149
2523	741452
2524	742027
2525	742654
2526	743291
2527	743927
2528	744451
2529	744812
2530	745115
2531	745716
2532	746354
2533	747041
2534	747723
2535	748322
2536	748646
2537	748997
2538	749596
2539	750257
2540	750873
2541	751525
2542	752039
2543	752358
2544	752663
2545	753259
2546	753968
2547	754601
2548	755267
2549	755844
2550	756195
2551	756541
2552	757159
2553	757837
2554	758495
2555	759096
2556	759666
2557	760010
2558	760348
2559	760955
2560	761549
2561	762142
2562	762758
2563	763316
2564	763650
2565	763949
2566	764543
2567	765176
2568	765794
2569	766411
2570	766969
2571	767308
2572	767625
2573	768178
2574	768822
2575	769481
2576	770089
2577	770682
2578	771049
2579	771388
2580	771980
2581	772607
2582	773261
2583	773873
2584	774362
2585	774662
2586	774930
2587	775474
2588	776081
2589	776683
2590	777301
2591	777909
2592	778268
2593	778606
2594	779137
2595	779704
2596	780260
2597	780856
2598	781411
2599	781726
2600	782058
2601	782612
2602	783195
2603	783801
2604	784344
2605	784864
2606	785228
2607	785572
2608	786133
2609	786751
2610	787292
2611	787795
2612	788276
2613	788595
2614	788898
2615	789433
2616	790016
2617	790550
2618	791024
2619	791525
2620	791832
2621	792125
2622	792661
2623	793260
2624	793819
2625	794402
2626	794965
2627	795273
2628	795591
2629	796106
2630	796730
2631	797337
2632	797921
2633	798458
2634	798757
2635	799105
2636	799660
2637	800278
2638	800889
2639	801473
2640	801999
2641	802350
2642	802696
2643	803283
2644	803915
2645	804553
2646	805158
2647	805680
2648	806047
2649	806357
2650	806923
2651	807516
2652	808061
2653	808665
2654	809201
2655	809537
2656	809848
2657	810337
2658	810880
2659	811396
2660	811981
2661	812486
2662	812811
2663	813130
2664	813692
2665	814277
2666	814851
2667	815489
2668	816033
2669	816434
2670	816787
2671	817365
2672	817965
2673	818560
2674	819142
2675	819645
2676	820021
2677	820388
2678	820939
2679	821572
2680	822202
2681	822815
2682	823368
2683	823728
2684	824111
2685	824720
2686	825320
2687	825924
2688	826551
2689	827126
2690	827504
2691	827867
2692	828414
2693	829019
2694	829648
2695	830247
2696	830775
2697	831110
2698	831421
2699	831936
2700	832475
2701	833001
2702	833396
2703	833672
2704	833982
2705	834286
2706	834741
2707	835285
2708	835815
2709	836200
2710	836485
2711	836844
2712	837197
2713	837737
2714	838341
2715	838951
2716	839534
2717	840146
2718	840559
2719	840893
2720	841469
2721	842090
2722	842726
2723	843355
2724	843887
2725	844276
2726	844671
2727	845247
2728	845907
2729	846542
2730	847212
2731	847757
2732	848168
2733	848550
2734	849154
2735	849748
2736	850438
2737	851051
2738	851623
2739	852044
2740	852377
2741	852998
2742	853663
2743	854336
2744	855020
2745	855706
2746	856104
2747	856523
2748	857197
2749	857842
2750	858583
2751	859299
2752	859929
2753	860354
2754	860744
2755	861399
2756	862147
2757	862951
2758	863720
2759	864386
2760	864814
2761	865205
2762	865820
2763	866507
2764	867248
2765	868002
2766	868733
2767	869209
2768	869665
2769	870426
2770	871185
2771	871940
2772	872738
2773	873419
2774	873888
2775	873934
