1	2
2	2
3	2
4	4
5	7
6	9
7	11
8	12
9	13
10	16
11	19
12	19
13	22
14	25
15	26
16	27
17	29
18	33
19	36
20	38
21	39
22	45
23	46
24	54
25	58
26	64
27	69
28	73
29	80
30	83
31	84
32	91
33	96
34	103
35	107
36	111
37	113
38	117
39	128
40	136
41	141
42	145
43	148
44	149
45	154
46	171
47	197
48	214
49	229
50	254
51	264
52	269
53	283
54	298
55	310
56	327
57	340
58	352
59	362
60	378
61	390
62	398
63	413
64	421
65	424
66	428
67	440
68	449
69	459
70	466
71	478
72	484
73	489
74	500
75	515
76	524
77	531
78	541
79	549
80	556
81	561
82	573
83	585
84	599
85	613
86	617
87	620
88	626
89	634
90	644
91	650
92	660
93	666
94	671
95	678
96	685
97	696
98	708
99	718
100	724
101	731
102	740
103	751
104	767
105	776
106	784
107	785
108	790
109	800
110	805
111	816
112	829
113	841
114	842
115	846
116	852
117	855
118	865
119	873
120	877
121	883
122	885
123	894
124	899
125	905
126	912
127	917
128	923
129	926
130	933
131	941
132	947
133	953
134	957
135	961
136	965
137	971
138	978
139	983
140	988
141	991
142	994
143	998
144	1004
145	1010
146	1014
147	1019
148	1021
149	1023
150	1025
151	1031
152	1038
153	1042
154	1048
155	1049
156	1054
157	1064
158	1066
159	1073
160	1087
161	1101
162	1113
163	1119
164	1128
165	1141
166	1157
167	1169
168	1180
169	1191
170	1196
171	1200
172	1215
173	1228
174	1234
175	1243
176	1253
177	1260
178	1263
179	1272
180	1285
181	1297
182	1309
183	1318
184	1323
185	1332
186	1345
187	1351
188	1355
189	1365
190	1373
191	1383
192	1395
193	1408
194	1415
195	1426
196	1444
197	1456
198	1465
199	1473
200	1478
201	1493
202	1500
203	1512
204	1520
205	1526
206	1534
207	1551
208	1565
209	1580
210	1591
211	1603
212	1611
213	1620
214	1630
215	1645
216	1659
217	1664
218	1674
219	1679
220	1681
221	1696
222	1709
223	1720
224	1738
225	1749
226	1758
227	1767
228	1783
229	1801
230	1820
231	1839
232	1858
233	1868
234	1880
235	1896
236	1908
237	1922
238	1928
239	1941
240	1950
241	1964
242	1976
243	1991
244	2003
245	2014
246	2026
247	2034
248	2043
249	2053
250	2066
251	2081
252	2098
253	2109
254	2116
255	2126
256	2143
257	2156
258	2170
259	2197
260	2210
261	2221
262	2231
263	2249
264	2263
265	2279
266	2299
267	2307
268	2318
269	2326
270	2339
271	2356
272	2371
273	2384
274	2393
275	2401
276	2412
277	2421
278	2436
279	2452
280	2463
281	2484
282	2497
283	2508
284	2522
285	2533
286	2555
287	2568
288	2596
289	2605
290	2619
291	2632
292	2650
293	2666
294	2679
295	2697
296	2703
297	2715
298	2725
299	2740
300	2757
301	2768
302	2784
303	2786
304	2792
305	2803
306	2817
307	2836
308	2858
309	2870
310	2880
311	2888
312	2904
313	2915
314	2933
315	2951
316	2969
317	2976
318	2984
319	3004
320	3019
321	3035
322	3056
323	3067
324	3073
325	3085
326	3105
327	3122
328	3138
329	3158
330	3175
331	3181
332	3186
333	3199
334	3215
335	3231
336	3250
337	3259
338	3266
339	3272
340	3280
341	3296
342	3311
343	3324
344	3337
345	3354
346	3362
347	3377
348	3390
349	3403
350	3429
351	3448
352	3455
353	3465
354	3478
355	3494
356	3510
357	3528
358	3542
359	3549
360	3561
361	3575
362	3586
363	3608
364	3630
365	3655
366	3667
367	3682
368	3703
369	3716
370	3735
371	3750
372	3766
373	3774
374	3782
375	3800
376	3816
377	3831
378	3848
379	3863
380	3872
381	3882
382	3900
383	3922
384	3938
385	3954
386	3973
387	3983
388	3989
389	4001
390	4012
391	4034
392	4057
393	4079
394	4096
395	4108
396	4115
397	4131
398	4145
399	4169
400	4180
401	4186
402	4197
403	4207
404	4227
405	4247
406	4269
407	4298
408	4313
409	4328
410	4352
411	4369
412	4383
413	4400
414	4417
415	4432
416	4447
417	4468
418	4485
419	4506
420	4537
421	4555
422	4566
423	4574
424	4587
425	4615
426	4637
427	4657
428	4675
429	4701
430	4711
431	4725
432	4754
433	4776
434	4801
435	4822
436	4831
437	4855
438	4880
439	4902
440	4931
441	4957
442	4983
443	4998
444	5013
445	5044
446	5079
447	5109
448	5135
449	5158
450	5176
451	5195
452	5218
453	5254
454	5285
455	5320
456	5342
457	5359
458	5383
459	5414
460	5446
461	5480
462	5525
463	5566
464	5593
465	5635
466	5667
467	5709
468	5744
469	5782
470	5817
471	5856
472	5897
473	5923
474	5962
475	5990
476	6030
477	6066
478	6085
479	6115
480	6144
481	6171
482	6197
483	6226
484	6246
485	6266
486	6290
487	6321
488	6352
489	6389
490	6427
491	6467
492	6487
493	6510
494	6540
495	6578
496	6610
497	6639
498	6666
499	6693
500	6713
501	6735
502	6768
503	6803
504	6835
505	6851
506	6863
507	6882
508	6915
509	6944
510	6983
511	7006
512	7022
513	7043
514	7064
515	7088
516	7116
517	7135
518	7150
519	7165
520	7186
521	7205
522	7235
523	7265
524	7290
525	7325
526	7363
527	7382
528	7410
529	7445
530	7471
531	7512
532	7544
533	7581
534	7597
535	7614
536	7653
537	7688
538	7725
539	7762
540	7801
541	7830
542	7856
543	7887
544	7922
545	7962
546	8014
547	8062
548	8087
549	8122
550	8155
551	8203
552	8239
553	8276
554	8307
555	8328
556	8362
557	8406
558	8448
559	8478
560	8516
561	8579
562	8603
563	8624
564	8658
565	8709
566	8757
567	8804
568	8831
569	8869
570	8901
571	8937
572	8964
573	9003
574	9044
575	9075
576	9112
577	9138
578	9175
579	9202
580	9252
581	9281
582	9320
583	9343
584	9376
585	9414
586	9461
587	9506
588	9561
589	9596
590	9622
591	9641
592	9671
593	9708
594	9746
595	9774
596	9799
597	9840
598	9861
599	9899
600	9933
601	9978
602	10028
603	10070
604	10098
605	10123
606	10164
607	10200
608	10248
609	10281
610	10322
611	10347
612	10371
613	10413
614	10451
615	10506
616	10555
617	10605
618	10633
619	10655
620	10685
621	10729
622	10770
623	10818
624	10855
625	10885
626	10932
627	10985
628	11021
629	11063
630	11104
631	11145
632	11175
633	11215
634	11242
635	11288
636	11331
637	11379
638	11425
639	11453
640	11489
641	11527
642	11566
643	11617
644	11657
645	11692
646	11729
647	11763
648	11796
649	11832
650	11870
651	11899
652	11939
653	11964
654	11991
655	12035
656	12075
657	12108
658	12144
659	12177
660	12208
661	12256
662	12305
663	12343
664	12399
665	12450
666	12483
667	12513
668	12540
669	12581
670	12630
671	12678
672	12725
673	12774
674	12796
675	12823
676	12863
677	12903
678	12940
679	12977
680	13019
681	13033
682	13056
683	13096
684	13137
685	13179
686	13224
687	13260
688	13290
689	13317
690	13355
691	13411
692	13458
693	13509
694	13550
695	13573
696	13604
697	13649
698	13696
699	13735
700	13783
701	13823
702	13836
703	13852
704	13888
705	13936
706	13971
707	14031
708	14084
709	14123
710	14146
711	14185
712	14230
713	14279
714	14330
715	14378
716	14413
717	14452
718	14485
719	14546
720	14597
721	14644
722	14703
723	14742
724	14770
725	14808
726	14854
727	14902
728	14947
729	14989
730	15015
731	15057
732	15099
733	15146
734	15180
735	15222
736	15266
737	15297
738	15325
739	15376
740	15433
741	15492
742	15557
743	15619
744	15656
745	15687
746	15744
747	15787
748	15843
749	15897
750	15949
751	15975
752	16013
753	16056
754	16111
755	16145
756	16198
757	16234
758	16266
759	16294
760	16338
761	16385
762	16435
763	16482
764	16530
765	16565
766	16600
767	16640
768	16700
769	16745
770	16798
771	16837
772	16870
773	16903
774	16944
775	16985
776	17033
777	17086
778	17140
779	17166
780	17199
781	17245
782	17298
783	17367
784	17412
785	17471
786	17514
787	17543
788	17581
789	17640
790	17693
791	17741
792	17795
793	17829
794	17872
795	17924
796	17968
797	18035
798	18096
799	18135
800	18159
801	18199
802	18248
803	18313
804	18376
805	18442
806	18493
807	18525
808	18567
809	18620
810	18660
811	18701
812	18746
813	18786
814	18823
815	18862
816	18903
817	18958
818	19011
819	19048
820	19083
821	19119
822	19155
823	19215
824	19265
825	19326
826	19370
827	19417
828	19455
829	19488
830	19540
831	19611
832	19667
833	19741
834	19802
835	19845
836	19890
837	19955
838	20014
839	20073
840	20133
841	20192
842	20240
843	20296
844	20356
845	20421
846	20490
847	20552
848	20597
849	20646
850	20688
851	20741
852	20803
853	20872
854	20943
855	21004
856	21059
857	21108
858	21158
859	21220
860	21287
861	21339
862	21384
863	21425
864	21462
865	21508
866	21560
867	21597
868	21650
869	21697
870	21727
871	21760
872	21818
873	21870
874	21913
875	21957
876	21989
877	22024
878	22054
879	22099
880	22150
881	22200
882	22226
883	22261
884	22283
885	22308
886	22354
887	22401
888	22455
889	22503
890	22552
891	22585
892	22621
893	22675
894	22720
895	22769
896	22814
897	22858
898	22883
899	22928
900	22985
901	23026
902	23075
903	23145
904	23201
905	23245
906	23279
907	23329
908	23394
909	23448
910	23501
911	23558
912	23587
913	23635
914	23690
915	23748
916	23809
917	23878
918	23938
919	23978
920	24023
921	24079
922	24153
923	24207
924	24270
925	24330
926	24363
927	24419
928	24492
929	24564
930	24633
931	24694
932	24766
933	24793
934	24845
935	24908
936	24967
937	25029
938	25084
939	25155
940	25193
941	25248
942	25320
943	25379
944	25472
945	25532
946	25593
947	25664
948	25718
949	25795
950	25858
951	25928
952	25989
953	26065
954	26126
955	26188
956	26249
957	26314
958	26393
959	26455
960	26511
961	26560
962	26607
963	26683
964	26757
965	26828
966	26912
967	26996
968	27052
969	27103
970	27162
971	27235
972	27315
973	27404
974	27473
975	27515
976	27573
977	27641
978	27734
979	27808
980	27890
981	27956
982	28010
983	28072
984	28142
985	28220
986	28315
987	28401
988	28466
989	28522
990	28583
991	28638
992	28708
993	28774
994	28842
995	28898
996	28944
997	28993
998	29055
999	29127
1000	29202
1001	29294
1002	29369
1003	29429
1004	29479
1005	29545
1006	29618
1007	29686
1008	29768
1009	29833
1010	29875
1011	29927
1012	29985
1013	30049
1014	30123
1015	30200
1016	30263
1017	30306
1018	30358
1019	30405
1020	30464
1021	30515
1022	30570
1023	30634
1024	30686
1025	30729
1026	30797
1027	30870
1028	30937
1029	31002
1030	31061
1031	31101
1032	31143
1033	31194
1034	31264
1035	31326
1036	31393
1037	31462
1038	31508
1039	31547
1040	31609
1041	31682
1042	31745
1043	31818
1044	31864
1045	31906
1046	31937
1047	31992
1048	32045
1049	32118
1050	32179
1051	32248
1052	32289
1053	32332
1054	32414
1055	32481
1056	32547
1057	32604
1058	32663
1059	32704
1060	32746
1061	32805
1062	32871
1063	32951
1064	33029
1065	33084
1066	33111
1067	33142
1068	33196
1069	33256
1070	33314
1071	33380
1072	33433
1073	33470
1074	33503
1075	33564
1076	33637
1077	33709
1078	33777
1079	33828
1080	33864
1081	33899
1082	33962
1083	34040
1084	34095
1085	34142
1086	34202
1087	34246
1088	34291
1089	34368
1090	34430
1091	34494
1092	34563
1093	34611
1094	34649
1095	34685
1096	34736
1097	34799
1098	34862
1099	34932
1100	35002
1101	35036
1102	35076
1103	35126
1104	35181
1105	35254
1106	35321
1107	35381
1108	35419
1109	35465
1110	35533
1111	35596
1112	35659
1113	35727
1114	35792
1115	35829
1116	35881
1117	35942
1118	36018
1119	36090
1120	36154
1121	36216
1122	36263
1123	36302
1124	36357
1125	36417
1126	36491
1127	36559
1128	36622
1129	36664
1130	36703
1131	36755
1132	36820
1133	36897
1134	36960
1135	37022
1136	37076
1137	37117
1138	37198
1139	37254
1140	37325
1141	37410
1142	37481
1143	37531
1144	37592
1145	37666
1146	37749
1147	37822
1148	37895
1149	37957
1150	38000
1151	38054
1152	38108
1153	38182
1154	38267
1155	38338
1156	38411
1157	38466
1158	38520
1159	38574
1160	38632
1161	38702
1162	38764
1163	38829
1164	38878
1165	38926
1166	38988
1167	39074
1168	39161
1169	39239
1170	39306
1171	39368
1172	39414
1173	39487
1174	39584
1175	39672
1176	39767
1177	39848
1178	39905
1179	39972
1180	40048
1181	40120
1182	40205
1183	40269
1184	40340
1185	40390
1186	40440
1187	40534
1188	40604
1189	40671
1190	40754
1191	40825
1192	40895
1193	40955
1194	41030
1195	41100
1196	41188
1197	41241
1198	41334
1199	41386
1200	41453
1201	41529
1202	41605
1203	41705
1204	41790
1205	41865
1206	41919
1207	41980
1208	42078
1209	42151
1210	42241
1211	42317
1212	42381
1213	42434
1214	42499
1215	42575
1216	42663
1217	42742
1218	42840
1219	42921
1220	42968
1221	43030
1222	43093
1223	43176
1224	43258
1225	43346
1226	43418
1227	43478
1228	43541
1229	43628
1230	43698
1231	43784
1232	43858
1233	43917
1234	43963
1235	44012
1236	44086
1237	44161
1238	44232
1239	44284
1240	44357
1241	44403
1242	44440
1243	44490
1244	44547
1245	44598
1246	44655
1247	44716
1248	44755
1249	44785
1250	44840
1251	44919
1252	45003
1253	45094
1254	45158
1255	45212
1256	45287
1257	45358
1258	45436
1259	45513
1260	45590
1261	45666
1262	45720
1263	45776
1264	45856
1265	45930
1266	45991
1267	46076
1268	46169
1269	46215
1270	46280
1271	46349
1272	46425
1273	46503
1274	46587
1275	46697
1276	46764
1277	46817
1278	46888
1279	46978
1280	47067
1281	47161
1282	47234
1283	47301
1284	47364
1285	47449
1286	47544
1287	47643
1288	47735
1289	47814
1290	47865
1291	47925
1292	48001
1293	48084
1294	48163
1295	48269
1296	48340
1297	48400
1298	48463
1299	48560
1300	48663
1301	48748
1302	48866
1303	48980
1304	49047
1305	49128
1306	49207
1307	49300
1308	49383
1309	49484
1310	49577
1311	49647
1312	49717
1313	49823
1314	49916
1315	50020
1316	50111
1317	50208
1318	50272
1319	50349
1320	50453
1321	50563
1322	50663
1323	50758
1324	50850
1325	50906
1326	50970
1327	51063
1328	51145
1329	51241
1330	51339
1331	51404
1332	51471
1333	51554
1334	51654
1335	51748
1336	51859
1337	51950
1338	52057
1339	52122
1340	52176
1341	52272
1342	52368
1343	52480
1344	52579
1345	52666
1346	52727
1347	52790
1348	52895
1349	53011
1350	53092
1351	53197
1352	53290
1353	53358
1354	53446
1355	53539
1356	53625
1357	53731
1358	53837
1359	53938
1360	54002
1361	54061
1362	54175
1363	54263
1364	54392
1365	54501
1366	54594
1367	54648
1368	54725
1369	54793
1370	54867
1371	54965
1372	55055
1373	55161
1374	55227
1375	55290
1376	55369
1377	55467
1378	55565
1379	55666
1380	55754
1381	55803
1382	55845
1383	55942
1384	56019
1385	56109
1386	56184
1387	56280
1388	56332
1389	56403
1390	56506
1391	56586
1392	56676
1393	56776
1394	56843
1395	56900
1396	56949
1397	57026
1398	57098
1399	57193
1400	57276
1401	57353
1402	57417
1403	57476
1404	57563
1405	57644
1406	57747
1407	57842
1408	57917
1409	57979
1410	58030
1411	58114
1412	58203
1413	58289
1414	58365
1415	58470
1416	58545
1417	58597
1418	58667
1419	58747
1420	58829
1421	58927
1422	59022
1423	59061
1424	59119
1425	59213
1426	59287
1427	59361
1428	59471
1429	59559
1430	59606
1431	59664
1432	59754
1433	59832
1434	59906
1435	59996
1436	60066
1437	60124
1438	60178
1439	60260
1440	60352
1441	60434
1442	60514
1443	60614
1444	60666
1445	60723
1446	60819
1447	60917
1448	61012
1449	61109
1450	61212
1451	61246
1452	61286
1453	61378
1454	61455
1455	61548
1456	61624
1457	61710
1458	61776
1459	61825
1460	61908
1461	61995
1462	62071
1463	62143
1464	62218
1465	62271
1466	62334
1467	62416
1468	62493
1469	62572
1470	62655
1471	62744
1472	62785
1473	62835
1474	62918
1475	62999
1476	63084
1477	63166
1478	63248
1479	63294
1480	63362
1481	63441
1482	63532
1483	63611
1484	63679
1485	63775
1486	63826
1487	63899
1488	63983
1489	64066
1490	64144
1491	64226
1492	64304
1493	64346
1494	64399
1495	64484
1496	64572
1497	64658
1498	64751
1499	64822
1500	64881
1501	64955
1502	65043
1503	65121
1504	65199
1505	65317
1506	65427
1507	65490
1508	65555
1509	65653
1510	65747
1511	65830
1512	65934
1513	66036
1514	66108
1515	66174
1516	66267
1517	66376
1518	66491
1519	66624
1520	66723
1521	66777
1522	66858
1523	66961
1524	67064
1525	67164
1526	67263
1527	67354
1528	67427
1529	67502
1530	67613
1531	67731
1532	67859
1533	67967
1534	68079
1535	68167
1536	68253
1537	68358
1538	68466
1539	68597
1540	68712
1541	68818
1542	68901
1543	69000
1544	69115
1545	69248
1546	69353
1547	69458
1548	69547
1549	69643
1550	69735
1551	69838
1552	69921
1553	70026
1554	70129
1555	70215
1556	70303
1557	70398
1558	70507
1559	70632
1560	70750
1561	70879
1562	70984
1563	71073
1564	71147
1565	71269
1566	71354
1567	71463
1568	71577
1569	71680
1570	71773
1571	71884
1572	71985
1573	72115
1574	72227
1575	72345
1576	72445
1577	72519
1578	72621
1579	72733
1580	72856
1581	72990
1582	73106
1583	73214
1584	73282
1585	73383
1586	73492
1587	73610
1588	73719
1589	73827
1590	73934
1591	74021
1592	74087
1593	74184
1594	74285
1595	74376
1596	74472
1597	74562
1598	74633
1599	74723
1600	74818
1601	74919
1602	75007
1603	75106
1604	75197
1605	75256
1606	75312
1607	75366
1608	75428
1609	75499
1610	75563
1611	75640
1612	75683
1613	75737
1614	75785
1615	75836
1616	75908
1617	75995
1618	76079
1619	76160
1620	76229
1621	76329
1622	76439
1623	76553
1624	76669
1625	76738
1626	76816
1627	76878
1628	76962
1629	77079
1630	77199
1631	77283
1632	77382
1633	77461
1634	77534
1635	77627
1636	77733
1637	77858
1638	77965
1639	78074
1640	78155
1641	78250
1642	78380
1643	78487
1644	78605
1645	78708
1646	78824
1647	78909
1648	79013
1649	79129
1650	79233
1651	79350
1652	79476
1653	79587
1654	79667
1655	79766
1656	79868
1657	79995
1658	80112
1659	80241
1660	80338
1661	80424
1662	80500
1663	80615
1664	80753
1665	80879
1666	80989
1667	81115
1668	81220
1669	81299
1670	81399
1671	81532
1672	81695
1673	81822
1674	81924
1675	82027
1676	82100
1677	82224
1678	82333
1679	82457
1680	82590
1681	82710
1682	82804
1683	82896
1684	83019
1685	83125
1686	83254
1687	83391
1688	83507
1689	83594
1690	83689
1691	83813
1692	83950
1693	84074
1694	84194
1695	84305
1696	84405
1697	84486
1698	84622
1699	84750
1700	84902
1701	85015
1702	85120
1703	85208
1704	85291
1705	85392
1706	85533
1707	85661
1708	85781
1709	85903
1710	85982
1711	86086
1712	86226
1713	86355
1714	86504
1715	86630
1716	86773
1717	86876
1718	86984
1719	87128
1720	87252
1721	87365
1722	87506
1723	87628
1724	87731
1725	87831
1726	87963
1727	88097
1728	88206
1729	88344
1730	88466
1731	88546
1732	88627
1733	88726
1734	88840
1735	88923
1736	89058
1737	89164
1738	89259
1739	89348
1740	89455
1741	89583
1742	89709
1743	89826
1744	89946
1745	90010
1746	90085
1747	90199
1748	90328
1749	90446
1750	90571
1751	90678
1752	90750
1753	90843
1754	90938
1755	91043
1756	91166
1757	91294
1758	91403
1759	91476
1760	91541
1761	91645
1762	91755
1763	91854
1764	91966
1765	92073
1766	92150
1767	92222
1768	92315
1769	92431
1770	92538
1771	92651
1772	92764
1773	92829
1774	92895
1775	93004
1776	93113
1777	93229
1778	93330
1779	93437
1780	93498
1781	93566
1782	93664
1783	93766
1784	93890
1785	94025
1786	94126
1787	94210
1788	94291
1789	94385
1790	94500
1791	94618
1792	94747
1793	94866
1794	94940
1795	95016
1796	95135
1797	95252
1798	95373
1799	95475
1800	95575
1801	95625
1802	95688
1803	95790
1804	95913
1805	96034
1806	96147
1807	96251
1808	96309
1809	96381
1810	96485
1811	96591
1812	96714
1813	96830
1814	96940
1815	97003
1816	97064
1817	97169
1818	97298
1819	97395
1820	97516
1821	97606
1822	97668
1823	97750
1824	97864
1825	97953
1826	98060
1827	98157
1828	98259
1829	98336
1830	98404
1831	98492
1832	98608
1833	98736
1834	98837
1835	98928
1836	99002
1837	99065
1838	99168
1839	99273
1840	99390
1841	99504
1842	99593
1843	99648
1844	99715
1845	99816
1846	99918
1847	100037
1848	100158
1849	100271
1850	100347
1851	100415
1852	100519
1853	100642
1854	100759
1855	100871
1856	100983
1857	101075
1858	101170
1859	101278
1860	101375
1861	101477
1862	101602
1863	101698
1864	101783
1865	101887
1866	101990
1867	102096
1868	102197
1869	102339
1870	102435
1871	102532
1872	102608
1873	102739
1874	102876
1875	103023
1876	103159
1877	103274
1878	103370
1879	103475
1880	103624
1881	103761
1882	103883
1883	104028
1884	104148
1885	104261
1886	104358
1887	104483
1888	104603
1889	104726
1890	104850
1891	104976
1892	105098
1893	105221
1894	105372
1895	105543
1896	105714
1897	105860
1898	105978
1899	106087
1900	106202
1901	106330
1902	106512
1903	106647
1904	106786
1905	106937
1906	107055
1907	107194
1908	107336
1909	107474
1910	107621
1911	107765
1912	107913
1913	108020
1914	108129
1915	108273
1916	108408
1917	108563
1918	108698
1919	108837
1920	108943
1921	109048
1922	109176
1923	109330
1924	109479
1925	109624
1926	109757
1927	109880
1928	110032
1929	110170
1930	110311
1931	110453
1932	110634
1933	110766
1934	110904
1935	111052
1936	111205
1937	111360
1938	111538
1939	111702
1940	111851
1941	111982
1942	112117
1943	112266
1944	112431
1945	112589
1946	112749
1947	112877
1948	112978
1949	113088
1950	113239
1951	113392
1952	113518
1953	113690
1954	113861
1955	113986
1956	114110
1957	114245
1958	114372
1959	114511
1960	114648
1961	114772
1962	114881
1963	114977
1964	115099
1965	115229
1966	115384
1967	115499
1968	115593
1969	115663
1970	115748
1971	115830
1972	115928
1973	115996
1974	116070
1975	116159
1976	116242
1977	116320
1978	116418
1979	116503
1980	116566
1981	116672
1982	116781
1983	116883
1984	116972
1985	117094
1986	117223
1987	117369
1988	117528
1989	117683
1990	117781
1991	117871
1992	118000
1993	118118
1994	118250
1995	118374
1996	118477
1997	118561
1998	118658
1999	118773
2000	118893
2001	119030
2002	119173
2003	119311
2004	119413
2005	119526
2006	119658
2007	119795
2008	119941
2009	120089
2010	120228
2011	120332
2012	120423
2013	120561
2014	120722
2015	120868
2016	121001
2017	121153
2018	121269
2019	121397
2020	121551
2021	121690
2022	121857
2023	122010
2024	122158
2025	122263
2026	122370
2027	122505
2028	122639
2029	122817
2030	122972
2031	123123
2032	123233
2033	123354
2034	123519
2035	123689
2036	123867
2037	124062
2038	124209
2039	124345
2040	124479
2041	124633
2042	124779
2043	124955
2044	125135
2045	125305
2046	125414
2047	125539
2048	125681
2049	125830
2050	126003
2051	126177
2052	126311
2053	126415
2054	126536
2055	126676
2056	126834
2057	127033
2058	127226
2059	127379
2060	127490
2061	127601
2062	127769
2063	127917
2064	128073
2065	128209
2066	128357
2067	128479
2068	128612
2069	128769
2070	128917
2071	129075
2072	129225
2073	129374
2074	129489
2075	129605
2076	129760
2077	129894
2078	130038
2079	130195
2080	130341
2081	130471
2082	130580
2083	130718
2084	130862
2085	131024
2086	131206
2087	131341
2088	131447
2089	131528
2090	131645
2091	131776
2092	131924
2093	132098
2094	132233
2095	132334
2096	132424
2097	132543
2098	132689
2099	132816
2100	132934
2101	133049
2102	133128
2103	133218
2104	133335
2105	133455
2106	133594
2107	133718
2108	133834
2109	133945
2110	134032
2111	134159
2112	134291
2113	134405
2114	134516
2115	134599
2116	134667
2117	134745
2118	134852
2119	134969
2120	135093
2121	135224
2122	135339
2123	135424
2124	135509
2125	135619
2126	135710
2127	135833
2128	135935
2129	136044
2130	136113
2131	136187
2132	136287
2133	136387
2134	136510
2135	136642
2136	136758
2137	136824
2138	136875
2139	136972
2140	137102
2141	137203
2142	137299
2143	137391
2144	137450
2145	137508
2146	137616
2147	137714
2148	137829
2149	137932
2150	138033
2151	138098
2152	138160
2153	138262
2154	138378
2155	138481
2156	138579
2157	138673
2158	138739
2159	138803
2160	138906
2161	138995
2162	139101
2163	139207
2164	139293
2165	139362
2166	139419
2167	139510
2168	139611
2169	139717
2170	139834
2171	139926
2172	139990
2173	140050
2174	140127
2175	140215
2176	140305
2177	140416
2178	140508
2179	140592
2180	140656
2181	140764
2182	140868
2183	140990
2184	141082
2185	141183
2186	141239
2187	141294
2188	141382
2189	141485
2190	141602
2191	141732
2192	141825
2193	141878
2194	141931
2195	142024
2196	142117
2197	142207
2198	142315
2199	142397
2200	142466
2201	142534
2202	142632
2203	142731
2204	142837
2205	142958
2206	143046
2207	143110
2208	143170
2209	143249
2210	143345
2211	143424
2212	143525
2213	143599
2214	143659
2215	143716
2216	143811
2217	143921
2218	144038
2219	144169
2220	144283
2221	144342
2222	144411
2223	144510
2224	144621
2225	144717
2226	144829
2227	144922
2228	145009
2229	145088
2230	145168
2231	145291
2232	145440
2233	145565
2234	145684
2235	145783
2236	145891
2237	146007
2238	146142
2239	146238
2240	146351
2241	146453
2242	146553
2243	146643
2244	146752
2245	146867
2246	146997
2247	147123
2248	147228
2249	147320
2250	147422
2251	147552
2252	147678
2253	147795
2254	147916
2255	148031
2256	148131
2257	148224
2258	148345
2259	148475
2260	148612
2261	148757
2262	148876
2263	148974
2264	149074
2265	149217
2266	149391
2267	149526
2268	149671
2269	149807
2270	149899
2271	150019
2272	150138
2273	150285
2274	150416
2275	150531
2276	150653
2277	150742
2278	150839
2279	150975
2280	151116
2281	151244
2282	151370
2283	151500
2284	151589
2285	151712
2286	151833
2287	151960
2288	152091
2289	152245
2290	152358
2291	152460
2292	152572
2293	152702
2294	152813
2295	152951
2296	153085
2297	153217
2298	153326
2299	153438
2300	153574
2301	153734
2302	153847
2303	153972
2304	154112
2305	154211
2306	154337
2307	154449
2308	154597
2309	154715
2310	154854
2311	154959
2312	155081
2313	155197
2314	155320
2315	155441
2316	155593
2317	155751
2318	155886
2319	155997
2320	156107
2321	156219
2322	156355
2323	156496
2324	156614
2325	156742
2326	156823
2327	156902
2328	157019
2329	157125
2330	157218
2331	157337
2332	157413
2333	157498
2334	157582
2335	157682
2336	157774
2337	157840
2338	157904
2339	157987
2340	158054
2341	158123
2342	158211
2343	158297
2344	158382
2345	158440
2346	158524
2347	158605
2348	158698
2349	158806
2350	158901
2351	159017
2352	159131
2353	159234
2354	159314
2355	159413
2356	159508
2357	159628
2358	159727
2359	159837
2360	159960
2361	160056
2362	160147
2363	160268
2364	160385
2365	160505
2366	160624
2367	160739
2368	160804
2369	160911
2370	161037
2371	161157
2372	161286
2373	161402
2374	161528
2375	161616
2376	161711
2377	161827
2378	161962
2379	162102
2380	162238
2381	162350
2382	162452
2383	162569
2384	162691
2385	162799
2386	162932
2387	163070
2388	163196
2389	163293
2390	163377
2391	163495
2392	163647
2393	163804
2394	163944
2395	164082
2396	164177
2397	164279
2398	164407
2399	164526
2400	164644
2401	164781
2402	164916
2403	165014
2404	165113
2405	165232
2406	165356
2407	165494
2408	165624
2409	165737
2410	165832
2411	165950
2412	166068
2413	166205
2414	166356
2415	166486
2416	166628
2417	166719
2418	166834
2419	166971
2420	167116
2421	167262
2422	167410
2423	167587
2424	167697
2425	167830
2426	167975
2427	168142
2428	168283
2429	168417
2430	168559
2431	168683
2432	168791
2433	168933
2434	169080
2435	169239
2436	169366
2437	169483
2438	169580
2439	169700
2440	169837
2441	169993
2442	170167
2443	170340
2444	170485
2445	170603
2446	170722
2447	170865
2448	171016
2449	171161
2450	171303
2451	171442
2452	171542
2453	171651
2454	171785
2455	171918
2456	172077
2457	172243
2458	172389
2459	172494
2460	172618
2461	172757
2462	172915
2463	173062
2464	173202
2465	173316
2466	173428
2467	173524
2468	173668
2469	173794
2470	173954
2471	174081
2472	174204
2473	174296
2474	174399
2475	174524
2476	174654
2477	174786
2478	174906
2479	175025
2480	175135
2481	175228
2482	175334
2483	175463
2484	175598
2485	175730
2486	175858
2487	175958
2488	176047
2489	176166
2490	176294
2491	176422
2492	176538
2493	176662
2494	176772
2495	176866
2496	177001
2497	177144
2498	177281
2499	177421
2500	177540
2501	177639
2502	177732
2503	177841
2504	177973
2505	178105
2506	178225
2507	178338
2508	178421
2509	178507
2510	178604
2511	178733
2512	178861
2513	178981
2514	179085
2515	179167
2516	179241
2517	179323
2518	179432
2519	179554
2520	179658
2521	179786
2522	179863
2523	179935
2524	180039
2525	180133
2526	180248
2527	180366
2528	180463
2529	180534
2530	180592
2531	180698
2532	180821
2533	180959
2534	181069
2535	181176
2536	181234
2537	181304
2538	181408
2539	181512
2540	181637
2541	181722
2542	181814
2543	181867
2544	181941
2545	182031
2546	182121
2547	182229
2548	182323
2549	182411
2550	182482
2551	182547
2552	182638
2553	182740
2554	182859
2555	182962
2556	183066
2557	183127
2558	183194
2559	183294
2560	183402
2561	183507
2562	183601
2563	183684
2564	183751
2565	183816
2566	183909
2567	184000
2568	184096
2569	184190
2570	184275
2571	184356
2572	184411
2573	184509
2574	184605
2575	184717
2576	184813
2577	184914
2578	184996
2579	185059
2580	185149
2581	185245
2582	185334
2583	185425
2584	185519
2585	185603
2586	185667
2587	185755
2588	185857
2589	185977
2590	186094
2591	186215
2592	186293
2593	186376
2594	186484
2595	186594
2596	186686
2597	186792
2598	186902
2599	186992
2600	187073
2601	187175
2602	187291
2603	187405
2604	187529
2605	187651
2606	187749
2607	187858
2608	187958
2609	188072
2610	188198
2611	188331
2612	188434
2613	188510
2614	188613
2615	188729
2616	188837
2617	188954
2618	189083
2619	189186
2620	189282
2621	189379
2622	189495
2623	189621
2624	189760
2625	189893
2626	190015
2627	190126
2628	190240
2629	190366
2630	190502
2631	190645
2632	190808
2633	190931
2634	191039
2635	191134
2636	191272
2637	191412
2638	191554
2639	191708
2640	191834
2641	191953
2642	192057
2643	192169
2644	192289
2645	192418
2646	192540
2647	192663
2648	192773
2649	192871
2650	192991
2651	193128
2652	193259
2653	193399
2654	193523
2655	193626
2656	193743
2657	193866
2658	194004
2659	194131
2660	194276
2661	194404
2662	194491
2663	194584
2664	194710
2665	194854
2666	195007
2667	195187
2668	195343
2669	195453
2670	195567
2671	195698
2672	195844
2673	195972
2674	196115
2675	196220
2676	196319
2677	196455
2678	196565
2679	196713
2680	196886
2681	197040
2682	197170
2683	197283
2684	197417
2685	197529
2686	197659
2687	197798
2688	197925
2689	198031
2690	198126
2691	198227
2692	198333
2693	198449
2694	198549
2695	198656
2696	198745
2697	198822
2698	198901
2699	199008
2700	199115
2701	199202
2702	199280
2703	199342
2704	199401
2705	199486
2706	199565
2707	199651
2708	199749
2709	199809
2710	199862
2711	199938
2712	200014
2713	200094
2714	200187
2715	200284
2716	200369
2717	200473
2718	200562
2719	200655
2720	200767
2721	200881
2722	201018
2723	201144
2724	201248
2725	201333
2726	201441
2727	201556
2728	201694
2729	201817
2730	201929
2731	202029
2732	202119
2733	202219
2734	202331
2735	202449
2736	202567
2737	202693
2738	202809
2739	202903
2740	203013
2741	203131
2742	203273
2743	203379
2744	203520
2745	203640
2746	203745
2747	203870
2748	203977
2749	204099
2750	204232
2751	204371
2752	204506
2753	204623
2754	204725
2755	204859
2756	204994
2757	205131
2758	205285
2759	205428
2760	205537
2761	205664
2762	205792
2763	205941
2764	206076
2765	206219
2766	206359
2767	206465
2768	206562
2769	206706
2770	206861
2771	207018
2772	207163
2773	207315
2774	207414
2775	207433
