1	1
2	2
3	3
4	10
5	18
6	22
7	24
8	27
9	31
10	36
11	42
12	43
13	44
14	46
15	47
16	51
17	58
18	67
19	75
20	83
21	86
22	92
23	98
24	107
25	126
26	142
27	154
28	158
29	162
30	164
31	175
32	190
33	203
34	218
35	221
36	225
37	243
38	257
39	271
40	289
41	297
42	302
43	307
44	339
45	368
46	420
47	460
48	492
49	506
50	518
51	548
52	584
53	617
54	644
55	676
56	685
57	694
58	717
59	753
60	782
61	809
62	824
63	841
64	855
65	882
66	911
67	936
68	959
69	978
70	992
71	1004
72	1035
73	1065
74	1086
75	1127
76	1151
77	1160
78	1167
79	1192
80	1224
81	1254
82	1271
83	1290
84	1299
85	1303
86	1320
87	1346
88	1371
89	1404
90	1423
91	1430
92	1438
93	1453
94	1472
95	1495
96	1516
97	1533
98	1540
99	1552
100	1568
101	1594
102	1610
103	1632
104	1652
105	1659
106	1666
107	1684
108	1717
109	1741
110	1760
111	1778
112	1783
113	1792
114	1815
115	1842
116	1863
117	1882
118	1897
119	1906
120	1911
121	1933
122	1964
123	1991
124	2011
125	2040
126	2050
127	2064
128	2086
129	2108
130	2130
131	2151
132	2165
133	2176
134	2192
135	2209
136	2229
137	2255
138	2269
139	2296
140	2308
141	2319
142	2334
143	2357
144	2364
145	2371
146	2373
147	2387
148	2393
149	2411
150	2444
151	2462
152	2467
153	2486
154	2492
155	2502
156	2523
157	2548
158	2578
159	2612
160	2634
161	2642
162	2660
163	2692
164	2722
165	2749
166	2771
167	2794
168	2808
169	2822
170	2849
171	2885
172	2915
173	2941
174	2966
175	2976
176	2992
177	3022
178	3047
179	3087
180	3121
181	3148
182	3162
183	3178
184	3219
185	3249
186	3298
187	3333
188	3367
189	3377
190	3390
191	3422
192	3461
193	3497
194	3532
195	3561
196	3572
197	3585
198	3617
199	3657
200	3690
201	3721
202	3749
203	3762
204	3785
205	3816
206	3850
207	3897
208	3940
209	3977
210	3993
211	4010
212	4041
213	4073
214	4117
215	4148
216	4176
217	4186
218	4198
219	4228
220	4264
221	4302
222	4339
223	4373
224	4391
225	4408
226	4442
227	4466
228	4491
229	4526
230	4569
231	4581
232	4595
233	4636
234	4663
235	4706
236	4744
237	4781
238	4791
239	4808
240	4840
241	4874
242	4914
243	4945
244	4986
245	5002
246	5016
247	5045
248	5086
249	5125
250	5154
251	5174
252	5193
253	5207
254	5233
255	5264
256	5310
257	5356
258	5394
259	5403
260	5420
261	5454
262	5478
263	5508
264	5543
265	5575
266	5600
267	5613
268	5646
269	5689
270	5734
271	5772
272	5809
273	5833
274	5856
275	5902
276	5958
277	5993
278	6037
279	6084
280	6099
281	6124
282	6171
283	6216
284	6263
285	6326
286	6360
287	6383
288	6409
289	6459
290	6508
291	6559
292	6624
293	6671
294	6688
295	6709
296	6740
297	6788
298	6843
299	6908
300	6956
301	6986
302	7009
303	7054
304	7112
305	7172
306	7248
307	7288
308	7309
309	7333
310	7385
311	7429
312	7487
313	7544
314	7583
315	7602
316	7620
317	7677
318	7720
319	7779
320	7825
321	7856
322	7877
323	7895
324	7933
325	7990
326	8064
327	8121
328	8172
329	8193
330	8218
331	8285
332	8339
333	8400
334	8465
335	8505
336	8522
337	8539
338	8592
339	8662
340	8729
341	8779
342	8817
343	8837
344	8864
345	8906
346	8961
347	9027
348	9092
349	9151
350	9178
351	9203
352	9255
353	9318
354	9398
355	9452
356	9492
357	9522
358	9552
359	9598
360	9647
361	9725
362	9785
363	9842
364	9869
365	9889
366	9966
367	10030
368	10102
369	10164
370	10227
371	10269
372	10293
373	10341
374	10403
375	10468
376	10524
377	10586
378	10616
379	10642
380	10712
381	10783
382	10838
383	10923
384	10977
385	11012
386	11041
387	11090
388	11159
389	11216
390	11296
391	11342
392	11375
393	11406
394	11460
395	11509
396	11580
397	11632
398	11676
399	11699
400	11732
401	11787
402	11843
403	11915
404	11960
405	12015
406	12044
407	12066
408	12120
409	12189
410	12262
411	12324
412	12376
413	12410
414	12436
415	12491
416	12563
417	12622
418	12697
419	12753
420	12775
421	12804
422	12859
423	12928
424	12991
425	13059
426	13116
427	13138
428	13170
429	13221
430	13295
431	13371
432	13447
433	13520
434	13557
435	13591
436	13657
437	13721
438	13778
439	13859
440	13929
441	13963
442	14009
443	14062
444	14145
445	14217
446	14301
447	14384
448	14426
449	14463
450	14542
451	14635
452	14709
453	14793
454	14863
455	14909
456	14946
457	15023
458	15098
459	15180
460	15273
461	15343
462	15389
463	15429
464	15517
465	15603
466	15698
467	15792
468	15868
469	15914
470	15953
471	16035
472	16122
473	16196
474	16301
475	16389
476	16434
477	16478
478	16569
479	16650
480	16757
481	16837
482	16901
483	16943
484	16986
485	17087
486	17179
487	17291
488	17375
489	17465
490	17500
491	17548
492	17629
493	17712
494	17788
495	17893
496	17984
497	18023
498	18076
499	18159
500	18255
501	18342
502	18432
503	18523
504	18575
505	18620
506	18699
507	18794
508	18884
509	18951
510	18990
511	19030
512	19067
513	19133
514	19203
515	19279
516	19355
517	19387
518	19422
519	19464
520	19562
521	19644
522	19728
523	19837
524	19930
525	19985
526	20061
527	20153
528	20245
529	20359
530	20462
531	20564
532	20612
533	20655
534	20736
535	20856
536	20965
537	21073
538	21169
539	21219
540	21273
541	21372
542	21452
543	21575
544	21689
545	21799
546	21860
547	21944
548	22024
549	22127
550	22242
551	22343
552	22445
553	22507
554	22556
555	22668
556	22806
557	22899
558	23000
559	23104
560	23176
561	23237
562	23334
563	23427
564	23556
565	23657
566	23783
567	23857
568	23914
569	24013
570	24127
571	24248
572	24349
573	24440
574	24492
575	24552
576	24651
577	24759
578	24880
579	24994
580	25103
581	25153
582	25203
583	25320
584	25438
585	25558
586	25661
587	25753
588	25819
589	25877
590	25979
591	26084
592	26209
593	26314
594	26409
595	26467
596	26523
597	26641
598	26761
599	26870
600	26978
601	27101
602	27144
603	27199
604	27311
605	27404
606	27506
607	27617
608	27706
609	27746
610	27797
611	27884
612	27993
613	28087
614	28212
615	28336
616	28411
617	28466
618	28567
619	28697
620	28802
621	28926
622	29028
623	29081
624	29159
625	29261
626	29383
627	29509
628	29641
629	29751
630	29817
631	29885
632	30017
633	30154
634	30280
635	30400
636	30512
637	30557
638	30619
639	30718
640	30845
641	30963
642	31082
643	31192
644	31249
645	31315
646	31444
647	31566
648	31707
649	31826
650	31950
651	31993
652	32048
653	32192
654	32333
655	32455
656	32594
657	32714
658	32770
659	32817
660	32911
661	33029
662	33156
663	33318
664	33453
665	33536
666	33618
667	33716
668	33850
669	34009
670	34159
671	34281
672	34356
673	34417
674	34556
675	34688
676	34843
677	34989
678	35106
679	35160
680	35229
681	35356
682	35476
683	35624
684	35758
685	35870
686	35959
687	36029
688	36161
689	36304
690	36445
691	36556
692	36688
693	36756
694	36803
695	36925
696	37048
697	37185
698	37330
699	37447
700	37502
701	37572
702	37670
703	37798
704	37965
705	38100
706	38236
707	38299
708	38364
709	38512
710	38688
711	38850
712	39015
713	39153
714	39217
715	39289
716	39429
717	39592
718	39766
719	39921
720	40087
721	40154
722	40225
723	40367
724	40518
725	40678
726	40853
727	40988
728	41055
729	41126
730	41272
731	41407
732	41564
733	41703
734	41821
735	41886
736	41941
737	42086
738	42235
739	42381
740	42542
741	42698
742	42765
743	42839
744	42996
745	43158
746	43313
747	43475
748	43613
749	43676
750	43764
751	43920
752	44106
753	44282
754	44451
755	44597
756	44697
757	44773
758	44914
759	45057
760	45218
761	45379
762	45526
763	45612
764	45685
765	45800
766	45946
767	46120
768	46266
769	46420
770	46495
771	46577
772	46741
773	46894
774	47063
775	47227
776	47384
777	47458
778	47535
779	47689
780	47856
781	48013
782	48154
783	48331
784	48416
785	48498
786	48643
787	48781
788	48927
789	49093
790	49233
791	49306
792	49370
793	49502
794	49637
795	49786
796	49944
797	50098
798	50171
799	50254
800	50394
801	50566
802	50725
803	50884
804	51050
805	51115
806	51184
807	51342
808	51518
809	51679
810	51854
811	52005
812	52092
813	52169
814	52338
815	52524
816	52720
817	52900
818	53043
819	53119
820	53221
821	53371
822	53551
823	53727
824	53878
825	53998
826	54074
827	54140
828	54304
829	54506
830	54696
831	54873
832	55035
833	55147
834	55240
835	55405
836	55585
837	55763
838	55962
839	56118
840	56221
841	56316
842	56493
843	56682
844	56863
845	57037
846	57177
847	57284
848	57398
849	57561
850	57790
851	57971
852	58165
853	58330
854	58435
855	58539
856	58728
857	58955
858	59150
859	59378
860	59585
861	59695
862	59792
863	60008
864	60205
865	60421
866	60614
867	60787
868	60888
869	60994
870	61171
871	61355
872	61555
873	61737
874	61838
875	61907
876	62000
877	62144
878	62303
879	62461
880	62651
881	62767
882	62836
883	62936
884	63093
885	63275
886	63467
887	63668
888	63854
889	63950
890	64069
891	64255
892	64500
893	64706
894	64895
895	65064
896	65154
897	65248
898	65438
899	65666
900	65876
901	66098
902	66303
903	66437
904	66566
905	66769
906	66993
907	67220
908	67449
909	67674
910	67801
911	67950
912	68222
913	68448
914	68703
915	68940
916	69145
917	69275
918	69408
919	69624
920	69880
921	70125
922	70355
923	70581
924	70701
925	70832
926	71043
927	71265
928	71517
929	71774
930	71957
931	72074
932	72188
933	72400
934	72664
935	72918
936	73168
937	73396
938	73514
939	73627
940	73868
941	74103
942	74358
943	74623
944	74862
945	75002
946	75131
947	75380
948	75625
949	75880
950	76117
951	76341
952	76456
953	76580
954	76828
955	77077
956	77355
957	77608
958	77830
959	77964
960	78084
961	78323
962	78593
963	78873
964	79140
965	79350
966	79474
967	79611
968	79867
969	80139
970	80403
971	80663
972	80916
973	81063
974	81227
975	81478
976	81742
977	82033
978	82292
979	82546
980	82673
981	82826
982	83094
983	83396
984	83660
985	83954
986	84236
987	84373
988	84529
989	84789
990	85073
991	85339
992	85615
993	85851
994	85974
995	86128
996	86367
997	86661
998	86957
999	87257
1000	87507
1001	87655
1002	87792
1003	88012
1004	88303
1005	88570
1006	88847
1007	89116
1008	89252
1009	89370
1010	89674
1011	89964
1012	90265
1013	90562
1014	90814
1015	90942
1016	91067
1017	91317
1018	91594
1019	91873
1020	92160
1021	92408
1022	92524
1023	92675
1024	92961
1025	93269
1026	93567
1027	93892
1028	94188
1029	94322
1030	94481
1031	94714
1032	95015
1033	95327
1034	95630
1035	95916
1036	96061
1037	96214
1038	96493
1039	96781
1040	97106
1041	97428
1042	97685
1043	97820
1044	97943
1045	98249
1046	98523
1047	98814
1048	99107
1049	99391
1050	99578
1051	99734
1052	100025
1053	100291
1054	100605
1055	100947
1056	101250
1057	101395
1058	101557
1059	101805
1060	102107
1061	102423
1062	102738
1063	102999
1064	103146
1065	103281
1066	103488
1067	103794
1068	104118
1069	104444
1070	104750
1071	104915
1072	105061
1073	105380
1074	105699
1075	106025
1076	106344
1077	106630
1078	106776
1079	106922
1080	107247
1081	107600
1082	107949
1083	108299
1084	108604
1085	108775
1086	108929
1087	109229
1088	109539
1089	109919
1090	110237
1091	110540
1092	110685
1093	110858
1094	111158
1095	111456
1096	111805
1097	112151
1098	112483
1099	112656
1100	112834
1101	113170
1102	113546
1103	113913
1104	114285
1105	114595
1106	114765
1107	114933
1108	115223
1109	115563
1110	115897
1111	116262
1112	116548
1113	116711
1114	116860
1115	117141
1116	117460
1117	117804
1118	118146
1119	118488
1120	118653
1121	118798
1122	119127
1123	119455
1124	119765
1125	120109
1126	120413
1127	120552
1128	120688
1129	120957
1130	121294
1131	121621
1132	121944
1133	122238
1134	122435
1135	122598
1136	122895
1137	123224
1138	123561
1139	123873
1140	124162
1141	124335
1142	124474
1143	124776
1144	125075
1145	125427
1146	125787
1147	126096
1148	126274
1149	126426
1150	126747
1151	127069
1152	127366
1153	127686
1154	127975
1155	128112
1156	128268
1157	128539
1158	128855
1159	129202
1160	129502
1161	129789
1162	129928
1163	130090
1164	130404
1165	130742
1166	131042
1167	131384
1168	131673
1169	131825
1170	131998
1171	132298
1172	132642
1173	132988
1174	133330
1175	133610
1176	133768
1177	133934
1178	134243
1179	134565
1180	134862
1181	135177
1182	135466
1183	135616
1184	135773
1185	136031
1186	136326
1187	136663
1188	137015
1189	137336
1190	137507
1191	137689
1192	137990
1193	138311
1194	138644
1195	138977
1196	139255
1197	139426
1198	139595
1199	139910
1200	140240
1201	140612
1202	140969
1203	141293
1204	141483
1205	141676
1206	142005
1207	142351
1208	142697
1209	142996
1210	143281
1211	143446
1212	143625
1213	143998
1214	144349
1215	144692
1216	145060
1217	145371
1218	145565
1219	145755
1220	146050
1221	146419
1222	146774
1223	147130
1224	147446
1225	147628
1226	147809
1227	148121
1228	148474
1229	148812
1230	149144
1231	149452
1232	149619
1233	149797
1234	150126
1235	150443
1236	150800
1237	151097
1238	151365
1239	151520
1240	151629
1241	151794
1242	152050
1243	152326
1244	152633
1245	152854
1246	152988
1247	153130
1248	153371
1249	153668
1250	154043
1251	154423
1252	154740
1253	154932
1254	155136
1255	155472
1256	155843
1257	156214
1258	156595
1259	156955
1260	157129
1261	157337
1262	157669
1263	158051
1264	158419
1265	158798
1266	159170
1267	159363
1268	159555
1269	159921
1270	160305
1271	160703
1272	161050
1273	161399
1274	161594
1275	161808
1276	162157
1277	162563
1278	162948
1279	163329
1280	163657
1281	163855
1282	164053
1283	164408
1284	164780
1285	165229
1286	165618
1287	165968
1288	166190
1289	166417
1290	166798
1291	167220
1292	167634
1293	168049
1294	168422
1295	168645
1296	168866
1297	169255
1298	169670
1299	170126
1300	170563
1301	170970
1302	171186
1303	171411
1304	171770
1305	172186
1306	172556
1307	172984
1308	173394
1309	173624
1310	173825
1311	174187
1312	174621
1313	175047
1314	175434
1315	175813
1316	176021
1317	176232
1318	176607
1319	176997
1320	177459
1321	177898
1322	178271
1323	178494
1324	178696
1325	179087
1326	179517
1327	179941
1328	180374
1329	180739
1330	180956
1331	181153
1332	181527
1333	181913
1334	182306
1335	182739
1336	183121
1337	183334
1338	183530
1339	183923
1340	184337
1341	184783
1342	185206
1343	185506
1344	185715
1345	185923
1346	186251
1347	186645
1348	187054
1349	187532
1350	187940
1351	188175
1352	188400
1353	188802
1354	189211
1355	189678
1356	190155
1357	190556
1358	190801
1359	191042
1360	191474
1361	191903
1362	192332
1363	192789
1364	193223
1365	193464
1366	193670
1367	194047
1368	194402
1369	194816
1370	195207
1371	195601
1372	195830
1373	196064
1374	196434
1375	196853
1376	197299
1377	197757
1378	198186
1379	198424
1380	198642
1381	199074
1382	199548
1383	200037
1384	200434
1385	200873
1386	201123
1387	201343
1388	201776
1389	202223
1390	202656
1391	203090
1392	203491
1393	203700
1394	203914
1395	204275
1396	204721
1397	205181
1398	205628
1399	206073
1400	206303
1401	206511
1402	206900
1403	207331
1404	207755
1405	208243
1406	208638
1407	208853
1408	209058
1409	209445
1410	209893
1411	210341
1412	210806
1413	211226
1414	211441
1415	211651
1416	212059
1417	212526
1418	213032
1419	213524
1420	213944
1421	214143
1422	214367
1423	214782
1424	215282
1425	215796
1426	216252
1427	216702
1428	216937
1429	217159
1430	217577
1431	218015
1432	218446
1433	218959
1434	219374
1435	219600
1436	219819
1437	220280
1438	220763
1439	221268
1440	221804
1441	222249
1442	222466
1443	222647
1444	223086
1445	223563
1446	224085
1447	224627
1448	225101
1449	225315
1450	225553
1451	225977
1452	226462
1453	226934
1454	227410
1455	227889
1456	228130
1457	228360
1458	228804
1459	229321
1460	229814
1461	230304
1462	230755
1463	230975
1464	231203
1465	231635
1466	232141
1467	232632
1468	233140
1469	233598
1470	233795
1471	234003
1472	234433
1473	234977
1474	235452
1475	235927
1476	236371
1477	236618
1478	236824
1479	237254
1480	237706
1481	238176
1482	238659
1483	239056
1484	239269
1485	239493
1486	239891
1487	240363
1488	240895
1489	241377
1490	241764
1491	241995
1492	242204
1493	242613
1494	243061
1495	243520
1496	243988
1497	244387
1498	244644
1499	244862
1500	245257
1501	245721
1502	246154
1503	246583
1504	246986
1505	247211
1506	247409
1507	247823
1508	248276
1509	248760
1510	249227
1511	249678
1512	249934
1513	250152
1514	250559
1515	251010
1516	251501
1517	252019
1518	252469
1519	252686
1520	252920
1521	253343
1522	253767
1523	254223
1524	254676
1525	255119
1526	255340
1527	255572
1528	255993
1529	256401
1530	256914
1531	257416
1532	257862
1533	258102
1534	258316
1535	258774
1536	259244
1537	259763
1538	260253
1539	260711
1540	260941
1541	261195
1542	261646
1543	262142
1544	262583
1545	263086
1546	263518
1547	263756
1548	263991
1549	264425
1550	264879
1551	265341
1552	265793
1553	266275
1554	266512
1555	266750
1556	267205
1557	267667
1558	268162
1559	268685
1560	269129
1561	269395
1562	269620
1563	270062
1564	270539
1565	271010
1566	271465
1567	271904
1568	272141
1569	272398
1570	272882
1571	273385
1572	273863
1573	274333
1574	274726
1575	274961
1576	275218
1577	275694
1578	276195
1579	276773
1580	277312
1581	277739
1582	277992
1583	278290
1584	278815
1585	279340
1586	279883
1587	280365
1588	280846
1589	281111
1590	281389
1591	281875
1592	282362
1593	282932
1594	283433
1595	283938
1596	284177
1597	284418
1598	284870
1599	285355
1600	285861
1601	286333
1602	286737
1603	286992
1604	287217
1605	287473
1606	287691
1607	288003
1608	288399
1609	288791
1610	289034
1611	289260
1612	289531
1613	289763
1614	290143
1615	290590
1616	291060
1617	291320
1618	291611
1619	292089
1620	292630
1621	293148
1622	293682
1623	294176
1624	294483
1625	294764
1626	295199
1627	295744
1628	296273
1629	296788
1630	297252
1631	297555
1632	297826
1633	298337
1634	298889
1635	299443
1636	300009
1637	300501
1638	300785
1639	301103
1640	301638
1641	302243
1642	302830
1643	303380
1644	303887
1645	304154
1646	304431
1647	304928
1648	305499
1649	306052
1650	306697
1651	307242
1652	307543
1653	307857
1654	308397
1655	308990
1656	309618
1657	310163
1658	310713
1659	311055
1660	311363
1661	311893
1662	312442
1663	313021
1664	313591
1665	314136
1666	314447
1667	314758
1668	315324
1669	315930
1670	316538
1671	317163
1672	317692
1673	317990
1674	318305
1675	318890
1676	319525
1677	320164
1678	320822
1679	321404
1680	321686
1681	322020
1682	322585
1683	323196
1684	323805
1685	324394
1686	324894
1687	325205
1688	325525
1689	326071
1690	326656
1691	327270
1692	327857
1693	328388
1694	328711
1695	329022
1696	329605
1697	330235
1698	330851
1699	331444
1700	331962
1701	332271
1702	332542
1703	333035
1704	333671
1705	334254
1706	334858
1707	335456
1708	335757
1709	336072
1710	336619
1711	337215
1712	337843
1713	338404
1714	338988
1715	339305
1716	339629
1717	340183
1718	340765
1719	341399
1720	341997
1721	342558
1722	342896
1723	343206
1724	343777
1725	344393
1726	345026
1727	345643
1728	346189
1729	346507
1730	346814
1731	347407
1732	347945
1733	348448
1734	349019
1735	349511
1736	349796
1737	350073
1738	350556
1739	351135
1740	351739
1741	352333
1742	352848
1743	353149
1744	353433
1745	353985
1746	354584
1747	355174
1748	355784
1749	356333
1750	356645
1751	356941
1752	357437
1753	357999
1754	358578
1755	359183
1756	359709
1757	359987
1758	360244
1759	360690
1760	361243
1761	361861
1762	362463
1763	362979
1764	363258
1765	363565
1766	364106
1767	364702
1768	365296
1769	365895
1770	366454
1771	366724
1772	366991
1773	367500
1774	368073
1775	368624
1776	369196
1777	369707
1778	369996
1779	370266
1780	370846
1781	371490
1782	372143
1783	372752
1784	373285
1785	373590
1786	373842
1787	374429
1788	375077
1789	375718
1790	376386
1791	376939
1792	377251
1793	377549
1794	378088
1795	378723
1796	379356
1797	379918
1798	380415
1799	380715
1800	380994
1801	381573
1802	382218
1803	382840
1804	383465
1805	384031
1806	384304
1807	384614
1808	385225
1809	385870
1810	386560
1811	387260
1812	387873
1813	388164
1814	388486
1815	389087
1816	389725
1817	390407
1818	391081
1819	391692
1820	392032
1821	392338
1822	393015
1823	393689
1824	394403
1825	395025
1826	395624
1827	395937
1828	396277
1829	396875
1830	397469
1831	398140
1832	398769
1833	399336
1834	399624
1835	399887
1836	400522
1837	401137
1838	401756
1839	402305
1840	402871
1841	403202
1842	403492
1843	404060
1844	404681
1845	405310
1846	405966
1847	406638
1848	407009
1849	407372
1850	408018
1851	408758
1852	409516
1853	410289
1854	410918
1855	411281
1856	411607
1857	412176
1858	412888
1859	413572
1860	414309
1861	414970
1862	415311
1863	415648
1864	416254
1865	416945
1866	417682
1867	418410
1868	419089
1869	419433
1870	419792
1871	420462
1872	421187
1873	421904
1874	422669
1875	423324
1876	423683
1877	424035
1878	424708
1879	425472
1880	426214
1881	426945
1882	427588
1883	427905
1884	428299
1885	428957
1886	429694
1887	430336
1888	431066
1889	431721
1890	432026
1891	432335
1892	433005
1893	433742
1894	434480
1895	435275
1896	436016
1897	436401
1898	436771
1899	437376
1900	438115
1901	438883
1902	439676
1903	440355
1904	440722
1905	441078
1906	441778
1907	442526
1908	443283
1909	444080
1910	444786
1911	445189
1912	445590
1913	446353
1914	447144
1915	447939
1916	448683
1917	449289
1918	449612
1919	449967
1920	450621
1921	451302
1922	452086
1923	452867
1924	453542
1925	453905
1926	454291
1927	454953
1928	455672
1929	456469
1930	457239
1931	457978
1932	458359
1933	458757
1934	459452
1935	460212
1936	460988
1937	461739
1938	462515
1939	462945
1940	463320
1941	464036
1942	464802
1943	465555
1944	466203
1945	466791
1946	467219
1947	467638
1948	468343
1949	469130
1950	469938
1951	470713
1952	471472
1953	471881
1954	472262
1955	472944
1956	473725
1957	474472
1958	475312
1959	475966
1960	476324
1961	476668
1962	477369
1963	478140
1964	478940
1965	479735
1966	480342
1967	480672
1968	481011
1969	481561
1970	482034
1971	482361
1972	482863
1973	483412
1974	483791
1975	484157
1976	484751
1977	485208
1978	485570
1979	486213
1980	486919
1981	487376
1982	487788
1983	488485
1984	489216
1985	489999
1986	490803
1987	491577
1988	492005
1989	492423
1990	493165
1991	493975
1992	494797
1993	495613
1994	496421
1995	496892
1996	497340
1997	498037
1998	498830
1999	499675
2000	500549
2001	501282
2002	501714
2003	502135
2004	502940
2005	503751
2006	504628
2007	505535
2008	506295
2009	506716
2010	507159
2011	507933
2012	508774
2013	509620
2014	510498
2015	511311
2016	511781
2017	512278
2018	513139
2019	514078
2020	515024
2021	515901
2022	516722
2023	517196
2024	517679
2025	518453
2026	519358
2027	520286
2028	521195
2029	522006
2030	522478
2031	523010
2032	523898
2033	524785
2034	525689
2035	526638
2036	527467
2037	527937
2038	528425
2039	529179
2040	530074
2041	530989
2042	531919
2043	532704
2044	533211
2045	533650
2046	534496
2047	535360
2048	536314
2049	537203
2050	538006
2051	538458
2052	538921
2053	539692
2054	540567
2055	541505
2056	542368
2057	543183
2058	543646
2059	544107
2060	544909
2061	545799
2062	546680
2063	547535
2064	548333
2065	548790
2066	549259
2067	550053
2068	550955
2069	551888
2070	552780
2071	553556
2072	554000
2073	554446
2074	555216
2075	556098
2076	556918
2077	557837
2078	558598
2079	559079
2080	559523
2081	560288
2082	561136
2083	561983
2084	562806
2085	563435
2086	563879
2087	564285
2088	564949
2089	565859
2090	566681
2091	567520
2092	568315
2093	568724
2094	569122
2095	569884
2096	570696
2097	571484
2098	572180
2099	572865
2100	573289
2101	573720
2102	574426
2103	575240
2104	576090
2105	576897
2106	577633
2107	578045
2108	578445
2109	579184
2110	579960
2111	580792
2112	581652
2113	582176
2114	582532
2115	582880
2116	583627
2117	584405
2118	585199
2119	586007
2120	586734
2121	587090
2122	587466
2123	588074
2124	588781
2125	589561
2126	590306
2127	591008
2128	591305
2129	591672
2130	592344
2131	593070
2132	593882
2133	594688
2134	595374
2135	595702
2136	596024
2137	596652
2138	597391
2139	598166
2140	598922
2141	599583
2142	599942
2143	600263
2144	600917
2145	601713
2146	602461
2147	603270
2148	603898
2149	604288
2150	604655
2151	605319
2152	606085
2153	606831
2154	607588
2155	608300
2156	608658
2157	608992
2158	609685
2159	610386
2160	611181
2161	611954
2162	612546
2163	612875
2164	613237
2165	613908
2166	614669
2167	615446
2168	616198
2169	616876
2170	617219
2171	617553
2172	618270
2173	619026
2174	619871
2175	620679
2176	621360
2177	621758
2178	622096
2179	622835
2180	623623
2181	624488
2182	625313
2183	626029
2184	626389
2185	626799
2186	627502
2187	628219
2188	629025
2189	629820
2190	630459
2191	630822
2192	631161
2193	631829
2194	632581
2195	633337
2196	634105
2197	634787
2198	635180
2199	635557
2200	636251
2201	637041
2202	637861
2203	638646
2204	639223
2205	639578
2206	639927
2207	640588
2208	641326
2209	642033
2210	642797
2211	643500
2212	643863
2213	644216
2214	644843
2215	645597
2216	646355
2217	647084
2218	647694
2219	648039
2220	648370
2221	648968
2222	649648
2223	650348
2224	651103
2225	651761
2226	652085
2227	652410
2228	653038
2229	653746
2230	654481
2231	655234
2232	655893
2233	656244
2234	656574
2235	657226
2236	657904
2237	658631
2238	659375
2239	660025
2240	660385
2241	660771
2242	661461
2243	662198
2244	662970
2245	663706
2246	664420
2247	664741
2248	665084
2249	665801
2250	666579
2251	667281
2252	667942
2253	668539
2254	668853
2255	669212
2256	669842
2257	670514
2258	671235
2259	672042
2260	672679
2261	673052
2262	673441
2263	674132
2264	674850
2265	675595
2266	676385
2267	677086
2268	677438
2269	677822
2270	678509
2271	679242
2272	679945
2273	680622
2274	681225
2275	681587
2276	681952
2277	682621
2278	683336
2279	684123
2280	684918
2281	685568
2282	685869
2283	686264
2284	686951
2285	687702
2286	688456
2287	689193
2288	689935
2289	690288
2290	690661
2291	691327
2292	692049
2293	692806
2294	693579
2295	694183
2296	694565
2297	694948
2298	695637
2299	696406
2300	697160
2301	697961
2302	698664
2303	699055
2304	699453
2305	700190
2306	700969
2307	701778
2308	702394
2309	702966
2310	703309
2311	703664
2312	704344
2313	705115
2314	705872
2315	706628
2316	707305
2317	707672
2318	708042
2319	708719
2320	709485
2321	710219
2322	710993
2323	711590
2324	711917
2325	712248
2326	712911
2327	713652
2328	714406
2329	715108
2330	715704
2331	715998
2332	716318
2333	716876
2334	717476
2335	717943
2336	718214
2337	718579
2338	718887
2339	719217
2340	719722
2341	720314
2342	720726
2343	721001
2344	721525
2345	721904
2346	722272
2347	722882
2348	723586
2349	724279
2350	725040
2351	725737
2352	726123
2353	726525
2354	727172
2355	727885
2356	728623
2357	729361
2358	730032
2359	730419
2360	730793
2361	731515
2362	732256
2363	733006
2364	733760
2365	734458
2366	734833
2367	735260
2368	735903
2369	736634
2370	737423
2371	738242
2372	738941
2373	739319
2374	739735
2375	740427
2376	741194
2377	741993
2378	742785
2379	743477
2380	743903
2381	744348
2382	745088
2383	745848
2384	746659
2385	747490
2386	748165
2387	748532
2388	748935
2389	749608
2390	750372
2391	751216
2392	752021
2393	752819
2394	753302
2395	753728
2396	754457
2397	755255
2398	756088
2399	756908
2400	757666
2401	758018
2402	758454
2403	759158
2404	759962
2405	760762
2406	761570
2407	762304
2408	762766
2409	763233
2410	764024
2411	764900
2412	765786
2413	766699
2414	767487
2415	767930
2416	768381
2417	769197
2418	770139
2419	771016
2420	771910
2421	772684
2422	773127
2423	773615
2424	774444
2425	775326
2426	776253
2427	777082
2428	777830
2429	778279
2430	778735
2431	779596
2432	780436
2433	781322
2434	782175
2435	782855
2436	783289
2437	783695
2438	784409
2439	785254
2440	786086
2441	787007
2442	787809
2443	788232
2444	788684
2445	789445
2446	790275
2447	791123
2448	792042
2449	792892
2450	793390
2451	793916
2452	794801
2453	795775
2454	796783
2455	797778
2456	798630
2457	799098
2458	799579
2459	800468
2460	801409
2461	802353
2462	803193
2463	803825
2464	804298
2465	804768
2466	805615
2467	806552
2468	807525
2469	808502
2470	809401
2471	809926
2472	810410
2473	811304
2474	812317
2475	813230
2476	814145
2477	815002
2478	815475
2479	815900
2480	816852
2481	817837
2482	818836
2483	819850
2484	820686
2485	821124
2486	821587
2487	822319
2488	823348
2489	824387
2490	825404
2491	826325
2492	826787
2493	827276
2494	828187
2495	829181
2496	830224
2497	831179
2498	832077
2499	832518
2500	832962
2501	833867
2502	834849
2503	835924
2504	836967
2505	837839
2506	838269
2507	838721
2508	839569
2509	840546
2510	841563
2511	842562
2512	843459
2513	843916
2514	844379
2515	845293
2516	846307
2517	847329
2518	848318
2519	849172
2520	849619
2521	850098
2522	851083
2523	852108
2524	853121
2525	854154
2526	854978
2527	855428
2528	855872
2529	856800
2530	857811
2531	858892
2532	859890
2533	860746
2534	861216
2535	861665
2536	862600
2537	863630
2538	864707
2539	865743
2540	866619
2541	867080
2542	867544
2543	868429
2544	869422
2545	870494
2546	871553
2547	872471
2548	872944
2549	873431
2550	874376
2551	875473
2552	876558
2553	877524
2554	878411
2555	878856
2556	879321
2557	880210
2558	881175
2559	882170
2560	883132
2561	884006
2562	884418
2563	884863
2564	885792
2565	886796
2566	887808
2567	888815
2568	889708
2569	890109
2570	890539
2571	891420
2572	892425
2573	893458
2574	894452
2575	895384
2576	895840
2577	896323
2578	897219
2579	898195
2580	899128
2581	900129
2582	900977
2583	901417
2584	901873
2585	902712
2586	903615
2587	904565
2588	905475
2589	906299
2590	906804
2591	907284
2592	908026
2593	908938
2594	909854
2595	910841
2596	911774
2597	912218
2598	912683
2599	913540
2600	914496
2601	915478
2602	916391
2603	917288
2604	917784
2605	918236
2606	919138
2607	920128
2608	921095
2609	921985
2610	922784
2611	923235
2612	923675
2613	924510
2614	925443
2615	926336
2616	927223
2617	928025
2618	928457
2619	928895
2620	929765
2621	930714
2622	931675
2623	932642
2624	933511
2625	933943
2626	934387
2627	935264
2628	936193
2629	937131
2630	938071
2631	938958
2632	939419
2633	939905
2634	940820
2635	941777
2636	942719
2637	943626
2638	944479
2639	944964
2640	945428
2641	946350
2642	947326
2643	948276
2644	949237
2645	950087
2646	950556
2647	951016
2648	951840
2649	952798
2650	953744
2651	954740
2652	955623
2653	956134
2654	956654
2655	957512
2656	958436
2657	959323
2658	960238
2659	961100
2660	961581
2661	962040
2662	962906
2663	963857
2664	964909
2665	965958
2666	966849
2667	967333
2668	967849
2669	968786
2670	969749
2671	970732
2672	971602
2673	972345
2674	972846
2675	973402
2676	974276
2677	975178
2678	976143
2679	977087
2680	977922
2681	978436
2682	978949
2683	979892
2684	980843
2685	981827
2686	982842
2687	983750
2688	984236
2689	984754
2690	985667
2691	986612
2692	987567
2693	988495
2694	989308
2695	989798
2696	990258
2697	991089
2698	991918
2699	992730
2700	993310
2701	993672
2702	994112
2703	994514
2704	995250
2705	996105
2706	996899
2707	997475
2708	997843
2709	998305
2710	998785
2711	999607
2712	1000567
2713	1001484
2714	1002451
2715	1003340
2716	1003862
2717	1004400
2718	1005341
2719	1006345
2720	1007409
2721	1008422
2722	1009288
2723	1009807
2724	1010328
2725	1011258
2726	1012285
2727	1013327
2728	1014350
2729	1015326
2730	1015907
2731	1016421
2732	1017398
2733	1018326
2734	1019354
2735	1020377
2736	1021259
2737	1021807
2738	1022346
2739	1023305
2740	1024354
2741	1025370
2742	1026375
2743	1027354
2744	1027915
2745	1028475
2746	1029383
2747	1030428
2748	1031563
2749	1032658
2750	1033622
2751	1034170
2752	1034683
2753	1035675
2754	1036656
2755	1037717
2756	1038748
2757	1039719
2758	1040330
2759	1040932
2760	1041969
2761	1043119
2762	1044228
2763	1045419
2764	1046535
2765	1047162
2766	1047750
2767	1048810
2768	1049995
2769	1051161
2770	1052361
2771	1053431
2772	1054104
2773	1054186
