1	1
2	1
3	2
4	2
5	2
6	2
7	2
8	2
9	2
10	2
11	2
12	2
13	2
14	2
15	2
16	12
17	17
18	19
19	19
20	19
21	19
22	19
23	19
24	19
25	20
26	20
27	20
28	20
29	20
30	20
31	20
32	21
33	21
34	21
35	21
36	21
37	21
38	21
39	22
40	22
41	22
42	22
43	22
44	22
45	22
46	22
47	22
48	22
49	22
50	22
51	23
52	23
53	23
54	24
55	24
56	24
57	24
58	24
59	24
60	24
61	25
62	25
63	25
64	25
65	25
66	25
67	25
68	26
69	26
70	26
71	26
72	26
73	26
74	26
75	28
76	28
77	28
78	28
79	28
80	28
81	28
82	28
83	28
84	28
85	28
86	28
87	28
88	28
89	28
90	28
91	29
92	29
93	29
94	29
95	29
96	29
97	29
98	29
99	29
100	29
101	29
102	29
103	29
104	29
105	29
106	29
107	29
108	29
109	31
110	31
111	31
112	31
113	31
114	31
115	31
116	32
117	33
118	33
119	34
120	35
121	36
122	36
123	36
124	36
125	36
126	36
127	36
128	36
129	37
130	37
131	37
132	37
133	37
134	37
135	37
136	39
137	40
138	42
139	42
140	42
141	42
142	42
143	43
144	46
145	47
146	47
147	47
148	47
149	47
150	47
151	47
152	47
153	47
154	48
155	48
156	48
157	48
158	48
159	49
160	49
161	49
162	50
163	50
164	51
165	51
166	51
167	51
168	51
169	51
170	51
171	51
172	51
173	51
174	51
175	52
176	52
177	52
178	52
179	52
180	52
181	52
182	52
183	52
184	52
185	52
186	52
187	52
188	52
189	52
190	54
191	54
192	54
193	54
194	56
195	56
196	56
197	57
198	57
199	59
200	59
201	60
202	60
203	62
204	64
205	64
206	65
207	65
208	65
209	66
210	69
211	72
212	72
213	74
214	74
215	75
216	75
217	76
218	76
219	76
220	79
221	79
222	79
223	81
224	82
225	82
226	82
227	83
228	84
229	86
230	86
231	90
232	90
233	91
234	91
235	91
236	91
237	91
238	91
239	93
240	94
241	94
242	95
243	95
244	95
245	97
246	97
247	97
248	97
249	97
250	99
251	99
252	99
253	101
254	103
255	103
256	105
257	105
258	105
259	105
260	105
261	105
262	106
263	106
264	108
265	109
266	109
267	109
268	109
269	110
270	113
271	114
272	115
273	116
274	117
275	118
276	120
277	120
278	120
279	122
280	124
281	124
282	124
283	124
284	125
285	128
286	129
287	129
288	129
289	130
290	130
291	130
292	131
293	131
294	131
295	132
296	134
297	136
298	137
299	138
300	139
301	141
302	142
303	145
304	146
305	148
306	150
307	151
308	152
309	154
310	155
311	158
312	158
313	160
314	162
315	164
316	165
317	166
318	168
319	169
320	171
321	172
322	174
323	174
324	174
325	175
326	178
327	179
328	180
329	180
330	181
331	182
332	184
333	189
334	192
335	193
336	194
337	195
338	197
339	197
340	200
341	200
342	200
343	200
344	202
345	204
346	204
347	205
348	207
349	210
350	210
351	212
352	214
353	214
354	215
355	218
356	221
357	221
358	221
359	222
360	222
361	222
362	222
363	223
364	224
365	226
366	226
367	228
368	229
369	230
370	232
371	233
372	233
373	236
374	238
375	239
376	239
377	242
378	243
379	244
380	245
381	245
382	245
383	246
384	249
385	251
386	254
387	259
388	263
389	270
390	274
391	277
392	277
393	281
394	282
395	284
396	288
397	289
398	291
399	295
400	303
401	306
402	309
403	313
404	314
405	317
406	319
407	322
408	323
409	326
410	331
411	336
412	336
413	338
414	340
415	340
416	342
417	344
418	348
419	352
420	354
421	354
422	356
423	359
424	362
425	366
426	369
427	370
428	373
429	374
430	380
431	384
432	387
433	388
434	391
435	393
436	395
437	397
438	399
439	403
440	403
441	405
442	406
443	407
444	410
445	419
446	424
447	427
448	428
449	431
450	433
451	437
452	443
453	448
454	450
455	453
456	458
457	459
458	461
459	464
460	468
461	468
462	471
463	473
464	474
465	474
466	479
467	479
468	482
469	486
470	488
471	490
472	492
473	498
474	503
475	506
476	509
477	511
478	513
479	519
480	520
481	524
482	526
483	528
484	530
485	534
486	536
487	542
488	553
489	558
490	561
491	564
492	566
493	569
494	571
495	573
496	580
497	584
498	586
499	589
500	594
501	596
502	597
503	599
504	603
505	606
506	609
507	614
508	614
509	616
510	619
511	620
512	623
513	626
514	630
515	634
516	637
517	640
518	643
519	644
520	647
521	651
522	656
523	658
524	659
525	659
526	662
527	667
528	668
529	673
530	677
531	681
532	683
533	686
534	689
535	692
536	695
537	697
538	698
539	702
540	704
541	705
542	706
543	711
544	714
545	716
546	723
547	726
548	729
549	732
550	736
551	738
552	741
553	745
554	747
555	751
556	754
557	755
558	760
559	765
560	771
561	776
562	785
563	789
564	795
565	797
566	801
567	805
568	810
569	816
570	819
571	826
572	832
573	845
574	853
575	859
576	869
577	876
578	881
579	886
580	891
581	893
582	901
583	904
584	908
585	913
586	919
587	924
588	929
589	934
590	938
591	942
592	947
593	952
594	956
595	958
596	959
597	967
598	973
599	974
600	977
601	981
602	983
603	985
604	991
605	993
606	997
607	1005
608	1010
609	1015
610	1018
611	1019
612	1024
613	1026
614	1029
615	1031
616	1034
617	1039
618	1040
619	1042
620	1045
621	1052
622	1054
623	1057
624	1062
625	1071
626	1075
627	1076
628	1080
629	1083
630	1084
631	1086
632	1090
633	1093
634	1098
635	1103
636	1109
637	1119
638	1126
639	1132
640	1140
641	1144
642	1151
643	1158
644	1162
645	1168
646	1170
647	1177
648	1179
649	1180
650	1181
651	1186
652	1188
653	1197
654	1204
655	1209
656	1214
657	1217
658	1223
659	1226
660	1228
661	1228
662	1231
663	1233
664	1238
665	1239
666	1242
667	1245
668	1248
669	1252
670	1257
671	1260
672	1266
673	1271
674	1274
675	1278
676	1281
677	1281
678	1284
679	1285
680	1290
681	1293
682	1298
683	1305
684	1309
685	1311
686	1314
687	1315
688	1319
689	1322
690	1324
691	1330
692	1333
693	1334
694	1335
695	1340
696	1342
697	1346
698	1348
699	1352
700	1356
701	1359
702	1368
703	1375
704	1378
705	1379
706	1384
707	1390
708	1391
709	1396
710	1398
711	1402
712	1407
713	1413
714	1416
715	1421
716	1425
717	1428
718	1430
719	1436
720	1441
721	1443
722	1444
723	1445
724	1450
725	1453
726	1453
727	1455
728	1461
729	1463
730	1466
731	1473
732	1476
733	1481
734	1483
735	1484
736	1485
737	1488
738	1492
739	1494
740	1503
741	1508
742	1509
743	1509
744	1510
745	1517
746	1522
747	1525
748	1531
749	1536
750	1537
751	1538
752	1539
753	1540
754	1543
755	1547
756	1551
757	1556
758	1560
759	1565
760	1570
761	1572
762	1574
763	1576
764	1581
765	1587
766	1594
767	1600
768	1603
769	1609
770	1611
771	1616
772	1622
773	1628
774	1631
775	1639
776	1641
777	1645
778	1648
779	1657
780	1663
781	1667
782	1671
783	1683
784	1692
785	1700
786	1706
787	1712
788	1720
789	1734
790	1740
791	1742
792	1746
793	1751
794	1759
795	1763
796	1768
797	1772
798	1777
799	1780
800	1785
801	1789
802	1793
803	1803
804	1810
805	1813
806	1822
807	1830
808	1841
809	1851
810	1856
811	1867
812	1874
813	1886
814	1895
815	1905
816	1908
817	1915
818	1923
819	1936
820	1949
821	1964
822	1971
823	1977
824	1991
825	2007
826	2016
827	2025
828	2032
829	2041
830	2050
831	2061
832	2071
833	2081
834	2086
835	2096
836	2105
837	2114
838	2121
839	2131
840	2140
841	2148
842	2153
843	2166
844	2176
845	2186
846	2191
847	2202
848	2212
849	2222
850	2230
851	2238
852	2244
853	2257
854	2264
855	2275
856	2280
857	2296
858	2304
859	2320
860	2328
861	2340
862	2350
863	2358
864	2370
865	2378
866	2388
867	2398
868	2404
869	2410
870	2424
871	2432
872	2441
873	2454
874	2468
875	2478
876	2493
877	2503
878	2513
879	2518
880	2523
881	2534
882	2538
883	2544
884	2552
885	2557
886	2568
887	2582
888	2593
889	2599
890	2603
891	2611
892	2615
893	2624
894	2629
895	2632
896	2638
897	2647
898	2655
899	2664
900	2670
901	2679
902	2695
903	2701
904	2708
905	2714
906	2725
907	2738
908	2749
909	2761
910	2769
911	2774
912	2785
913	2798
914	2806
915	2811
916	2818
917	2823
918	2831
919	2833
920	2846
921	2857
922	2866
923	2875
924	2878
925	2886
926	2892
927	2894
928	2899
929	2909
930	2921
931	2924
932	2926
933	2933
934	2949
935	2954
936	2960
937	2964
938	2971
939	2973
940	2976
941	2986
942	2994
943	3001
944	3007
945	3015
946	3022
947	3028
948	3032
949	3043
950	3051
951	3054
952	3060
953	3066
954	3072
955	3077
956	3081
957	3088
958	3094
959	3097
960	3101
961	3108
962	3115
963	3119
964	3122
965	3127
966	3130
967	3133
968	3141
969	3152
970	3159
971	3166
972	3171
973	3174
974	3176
975	3179
976	3187
977	3195
978	3200
979	3210
980	3214
981	3221
982	3229
983	3236
984	3247
985	3252
986	3259
987	3265
988	3275
989	3281
990	3289
991	3293
992	3297
993	3308
994	3315
995	3317
996	3328
997	3343
998	3351
999	3360
1000	3365
1001	3368
1002	3371
1003	3374
1004	3379
1005	3382
1006	3390
1007	3398
1008	3403
1009	3404
1010	3409
1011	3416
1012	3428
1013	3437
1014	3445
1015	3447
1016	3454
1017	3458
1018	3469
1019	3475
1020	3483
1021	3487
1022	3492
1023	3498
1024	3507
1025	3513
1026	3521
1027	3526
1028	3530
1029	3532
1030	3537
1031	3543
1032	3547
1033	3557
1034	3564
1035	3567
1036	3571
1037	3575
1038	3580
1039	3587
1040	3592
1041	3601
1042	3606
1043	3610
1044	3612
1045	3615
1046	3619
1047	3630
1048	3643
1049	3651
1050	3654
1051	3661
1052	3666
1053	3672
1054	3678
1055	3686
1056	3692
1057	3696
1058	3699
1059	3705
1060	3710
1061	3722
1062	3730
1063	3740
1064	3742
1065	3746
1066	3752
1067	3758
1068	3765
1069	3770
1070	3782
1071	3784
1072	3793
1073	3800
1074	3807
1075	3813
1076	3820
1077	3827
1078	3830
1079	3835
1080	3843
1081	3846
1082	3856
1083	3861
1084	3869
1085	3875
1086	3886
1087	3890
1088	3896
1089	3898
1090	3908
1091	3915
1092	3917
1093	3924
1094	3931
1095	3935
1096	3940
1097	3944
1098	3949
1099	3952
1100	3960
1101	3967
1102	3974
1103	3977
1104	3985
1105	3989
1106	3992
1107	3996
1108	4006
1109	4012
1110	4023
1111	4028
1112	4031
1113	4040
1114	4045
1115	4055
1116	4060
1117	4072
1118	4079
1119	4086
1120	4093
1121	4096
1122	4100
1123	4109
1124	4114
1125	4124
1126	4135
1127	4135
1128	4135
1129	4140
1130	4147
1131	4153
1132	4163
1133	4170
1134	4172
1135	4178
1136	4182
1137	4184
1138	4191
1139	4204
1140	4210
1141	4220
1142	4225
1143	4232
1144	4242
1145	4248
1146	4250
1147	4257
1148	4261
1149	4264
1150	4267
1151	4274
1152	4283
1153	4289
1154	4294
1155	4297
1156	4300
1157	4307
1158	4314
1159	4318
1160	4321
1161	4328
1162	4333
1163	4339
1164	4342
1165	4348
1166	4353
1167	4357
1168	4364
1169	4369
1170	4373
1171	4380
1172	4386
1173	4396
1174	4401
1175	4405
1176	4408
1177	4412
1178	4416
1179	4422
1180	4428
1181	4434
1182	4439
1183	4442
1184	4445
1185	4451
1186	4454
1187	4458
1188	4458
1189	4463
1190	4465
1191	4469
1192	4474
1193	4478
1194	4483
1195	4488
1196	4495
1197	4499
1198	4502
1199	4505
1200	4509
1201	4512
1202	4518
1203	4521
1204	4524
1205	4527
1206	4531
1207	4536
1208	4539
1209	4547
1210	4549
1211	4550
1212	4553
1213	4559
1214	4561
1215	4565
1216	4569
1217	4571
1218	4571
1219	4573
1220	4575
1221	4578
1222	4583
1223	4587
1224	4592
1225	4596
1226	4600
1227	4602
1228	4607
1229	4610
1230	4616
1231	4621
1232	4627
1233	4634
1234	4638
1235	4639
1236	4646
1237	4651
1238	4654
1239	4657
1240	4659
1241	4668
1242	4673
1243	4680
1244	4686
1245	4689
1246	4690
1247	4693
1248	4699
1249	4705
1250	4707
1251	4713
1252	4715
1253	4719
1254	4724
1255	4726
1256	4731
1257	4732
1258	4735
1259	4739
1260	4740
1261	4742
1262	4748
1263	4751
1264	4757
1265	4761
1266	4765
1267	4767
1268	4770
1269	4776
1270	4779
1271	4784
1272	4789
1273	4790
1274	4792
1275	4798
1276	4802
1277	4807
1278	4811
1279	4814
1280	4817
1281	4820
1282	4826
1283	4830
1284	4835
1285	4841
1286	4845
1287	4849
1288	4852
1289	4854
1290	4858
1291	4861
1292	4865
1293	4871
1294	4875
1295	4877
1296	4881
1297	4882
1298	4890
1299	4899
1300	4906
1301	4912
1302	4918
1303	4921
1304	4922
1305	4924
1306	4930
1307	4934
1308	4940
1309	4946
1310	4949
1311	4954
1312	4957
1313	4962
1314	4965
1315	4967
1316	4969
1317	4974
1318	4976
1319	4983
1320	4988
1321	4991
1322	4993
1323	4994
1324	4997
1325	5002
1326	5008
1327	5012
1328	5015
1329	5019
1330	5024
1331	5030
1332	5033
1333	5036
1334	5041
1335	5042
1336	5046
1337	5051
1338	5051
1339	5055
1340	5060
1341	5061
1342	5063
1343	5068
1344	5071
1345	5075
1346	5077
1347	5079
1348	5082
1349	5087
1350	5091
1351	5093
1352	5095
1353	5097
1354	5099
1355	5105
1356	5108
1357	5110
1358	5111
1359	5113
1360	5120
1361	5124
1362	5126
1363	5129
1364	5130
1365	5131
1366	5133
1367	5134
1368	5137
1369	5139
1370	5141
1371	5146
1372	5152
1373	5154
1374	5157
1375	5160
1376	5166
1377	5173
1378	5177
1379	5179
1380	5180
1381	5185
1382	5188
1383	5191
1384	5195
1385	5198
1386	5204
1387	5205
1388	5207
1389	5208
1390	5213
1391	5216
1392	5221
1393	5222
1394	5224
1395	5228
1396	5236
1397	5239
1398	5241
1399	5242
1400	5244
1401	5246
1402	5248
1403	5252
1404	5254
1405	5257
1406	5259
1407	5260
1408	5260
1409	5262
1410	5262
1411	5266
1412	5269
1413	5270
1414	5273
1415	5274
1416	5279
1417	5281
1418	5283
1419	5284
1420	5289
1421	5289
1422	5291
1423	5294
1424	5295
1425	5295
1426	5299
1427	5301
1428	5302
1429	5303
1430	5306
1431	5310
1432	5311
1433	5313
1434	5316
1435	5318
1436	5322
1437	5322
1438	5324
1439	5329
1440	5332
1441	5334
1442	5335
1443	5337
1444	5337
1445	5339
1446	5341
1447	5344
1448	5347
1449	5348
1450	5352
1451	5353
1452	5355
1453	5355
1454	5360
1455	5362
1456	5363
1457	5365
1458	5368
1459	5371
1460	5373
1461	5375
1462	5376
1463	5376
1464	5379
1465	5380
1466	5385
1467	5385
1468	5386
1469	5386
1470	5388
1471	5390
1472	5393
1473	5395
1474	5399
1475	5403
1476	5405
1477	5406
1478	5406
1479	5407
1480	5409
1481	5411
1482	5415
1483	5421
1484	5423
1485	5425
1486	5428
1487	5433
1488	5439
1489	5441
1490	5441
1491	5442
1492	5444
1493	5447
1494	5450
1495	5453
1496	5457
1497	5460
1498	5462
1499	5465
1500	5469
1501	5472
1502	5474
1503	5480
1504	5482
1505	5485
1506	5489
1507	5490
1508	5495
1509	5497
1510	5501
1511	5501
1512	5501
1513	5505
1514	5509
1515	5512
1516	5516
1517	5518
1518	5519
1519	5520
1520	5524
1521	5534
1522	5538
1523	5539
1524	5541
1525	5546
1526	5546
1527	5547
1528	5548
1529	5549
1530	5549
1531	5550
1532	5551
1533	5554
1534	5554
1535	5559
1536	5561
1537	5562
1538	5563
1539	5564
1540	5564
1541	5565
1542	5568
1543	5569
1544	5571
1545	5573
1546	5574
1547	5578
1548	5580
1549	5582
1550	5583
1551	5583
1552	5584
1553	5585
1554	5585
1555	5586
1556	5589
1557	5592
1558	5595
1559	5597
1560	5598
1561	5601
1562	5603
1563	5604
1564	5607
1565	5609
1566	5610
1567	5616
1568	5617
1569	5618
1570	5620
1571	5623
1572	5625
1573	5631
1574	5636
1575	5637
1576	5639
1577	5642
1578	5647
1579	5650
1580	5652
1581	5653
1582	5654
1583	5656
1584	5658
1585	5659
1586	5659
1587	5661
1588	5662
1589	5665
1590	5667
1591	5673
1592	5678
1593	5681
1594	5685
1595	5687
1596	5689
1597	5690
1598	5692
1599	5694
1600	5695
1601	5696
1602	5700
1603	5703
1604	5704
1605	5707
1606	5709
1607	5711
1608	5714
1609	5719
1610	5721
1611	5724
1612	5726
1613	5726
1614	5733
1615	5737
1616	5739
1617	5742
1618	5742
1619	5745
1620	5746
1621	5747
1622	5753
1623	5754
