1	1
2	1
3	2
4	2
5	2
6	2
7	2
8	2
9	3
10	3
11	3
12	3
13	3
14	3
15	3
16	3
17	3
18	3
19	3
20	3
21	3
22	3
23	3
24	3
25	3
26	3
27	3
28	3
29	3
30	3
31	3
32	3
33	3
34	3
35	3
36	3
37	3
38	3
39	3
40	3
41	3
42	3
43	3
44	3
45	3
46	3
47	4
48	4
49	4
50	4
51	4
52	4
53	4
54	4
55	4
56	4
57	4
58	4
59	4
60	4
61	4
62	4
63	4
64	4
65	4
66	4
67	4
68	4
69	4
70	4
71	4
72	4
73	4
74	4
75	4
76	4
77	4
78	4
79	4
80	4
81	4
82	4
83	4
84	4
85	4
86	4
87	5
88	5
89	5
90	5
91	5
92	5
93	5
94	5
95	5
96	5
97	5
98	5
99	5
100	5
101	5
102	5
103	5
104	5
105	5
106	5
107	5
108	5
109	5
110	5
111	5
112	5
113	5
114	6
115	6
116	6
117	6
118	6
119	6
120	7
121	8
122	8
123	8
124	8
125	8
126	8
127	8
128	9
129	9
130	9
131	11
132	11
133	11
134	11
135	11
136	11
137	12
138	13
139	13
140	14
141	14
142	15
143	15
144	16
145	16
146	16
147	16
148	16
149	16
150	16
151	16
152	16
153	17
154	17
155	17
156	18
157	18
158	19
159	19
160	19
161	19
162	20
163	20
164	20
165	22
166	22
167	22
168	22
169	22
170	22
171	22
172	22
173	22
174	22
175	22
176	22
177	22
178	22
179	22
180	22
181	22
182	23
183	23
184	25
185	25
186	25
187	25
188	25
189	25
190	25
191	25
192	25
193	25
194	25
195	25
196	25
197	26
198	26
199	26
200	26
201	27
202	27
203	27
204	27
205	27
206	27
207	29
208	29
209	29
210	31
211	31
212	33
213	33
214	33
215	33
216	33
217	33
218	34
219	34
220	35
221	35
222	36
223	36
224	36
225	36
226	36
227	37
228	37
229	37
230	37
231	37
232	37
233	37
234	37
235	37
236	37
237	37
238	37
239	37
240	38
241	38
242	38
243	38
244	38
245	39
246	39
247	39
248	39
249	39
250	39
251	39
252	39
253	39
254	39
255	39
256	39
257	39
258	39
259	41
260	41
261	41
262	42
263	42
264	42
265	42
266	42
267	42
268	42
269	42
270	42
271	42
272	42
273	42
274	42
275	43
276	43
277	43
278	43
279	43
280	43
281	43
282	43
283	43
284	43
285	43
286	43
287	43
288	43
289	43
290	43
291	43
292	43
293	43
294	44
295	45
296	47
297	48
298	51
299	52
300	52
301	52
302	53
303	54
304	55
305	56
306	56
307	56
308	57
309	57
310	59
311	76
312	79
313	83
314	83
315	85
316	87
317	89
318	90
319	91
320	91
321	92
322	93
323	93
324	95
325	99
326	101
327	102
328	103
329	104
330	106
331	108
332	110
333	112
334	112
335	112
336	112
337	114
338	119
339	120
340	124
341	124
342	125
343	126
344	131
345	133
346	133
347	133
348	134
349	135
350	138
351	138
352	139
353	141
354	147
355	150
356	152
357	154
358	187
359	196
360	203
361	208
362	209
363	210
364	216
365	222
366	229
367	233
368	235
369	237
370	238
371	240
372	241
373	246
374	246
375	251
376	252
377	253
378	257
379	259
380	262
381	266
382	270
383	272
384	272
385	273
386	277
387	281
388	286
389	290
390	291
391	291
392	292
393	295
394	298
395	301
396	304
397	305
398	305
399	306
400	307
401	307
402	309
403	311
404	313
405	315
406	316
407	319
408	320
409	324
410	326
411	330
412	332
413	336
414	337
415	341
416	341
417	345
418	346
419	346
420	348
421	352
422	357
423	361
424	362
425	365
426	366
427	374
428	376
429	380
430	382
431	386
432	389
433	391
434	397
435	400
436	402
437	406
438	410
439	414
440	419
441	422
442	426
443	430
444	433
445	435
446	436
447	436
448	440
449	443
450	448
451	451
452	459
453	461
454	464
455	467
456	471
457	472
458	473
459	474
460	475
461	477
462	479
463	481
464	485
465	486
466	490
467	492
468	492
469	494
470	499
471	501
472	501
473	502
474	502
475	503
476	505
477	508
478	509
479	511
480	512
481	513
482	514
483	520
484	528
485	531
486	535
487	539
488	543
489	547
490	550
491	552
492	557
493	561
494	564
495	568
496	571
497	573
498	576
499	581
500	585
501	593
502	594
503	596
504	598
505	607
506	615
507	617
508	618
509	618
510	619
511	621
512	627
513	630
514	637
515	644
516	648
517	650
518	653
519	659
520	666
521	672
522	676
523	678
524	680
525	685
526	692
527	696
528	704
529	709
530	711
531	717
532	720
533	723
534	730
535	734
536	738
537	743
538	746
539	751
540	754
541	757
542	760
543	763
544	767
545	772
546	777
547	786
548	790
549	803
550	813
551	814
552	818
553	821
554	827
555	830
556	834
557	838
558	840
559	842
560	845
561	853
562	855
563	863
564	868
565	871
566	873
567	878
568	882
569	887
570	892
571	895
572	901
573	906
574	914
575	926
576	933
577	939
578	944
579	952
580	954
581	965
582	972
583	987
584	989
585	991
586	992
587	994
588	1000
589	1003
590	1008
591	1013
592	1015
593	1020
594	1023
595	1032
596	1038
597	1045
598	1049
599	1053
600	1057
601	1058
602	1066
603	1068
604	1077
605	1081
606	1087
607	1089
608	1094
609	1098
610	1105
611	1107
612	1111
613	1114
614	1117
615	1120
616	1127
617	1134
618	1138
619	1144
620	1149
621	1151
622	1153
623	1154
624	1162
625	1168
626	1174
627	1180
628	1184
629	1185
630	1189
631	1193
632	1201
633	1209
634	1215
635	1217
636	1220
637	1227
638	1230
639	1240
640	1243
641	1250
642	1252
643	1255
644	1267
645	1280
646	1286
647	1292
648	1299
649	1300
650	1304
651	1315
652	1325
653	1333
654	1339
655	1345
656	1348
657	1350
658	1358
659	1370
660	1376
661	1382
662	1389
663	1390
664	1395
665	1399
666	1412
667	1419
668	1428
669	1440
670	1442
671	1445
672	1455
673	1461
674	1473
675	1483
676	1490
677	1495
678	1501
679	1514
680	1522
681	1536
682	1551
683	1564
684	1569
685	1572
686	1586
687	1597
688	1610
689	1623
690	1641
691	1644
692	1651
693	1669
694	1684
695	1690
696	1698
697	1710
698	1714
699	1718
700	1732
701	1742
702	1754
703	1765
704	1772
705	1773
706	1778
707	1794
708	1802
709	1812
710	1818
711	1826
712	1833
713	1836
714	1842
715	1853
716	1868
717	1875
718	1881
719	1887
720	1889
721	1897
722	1906
723	1918
724	1924
725	1935
726	1941
727	1945
728	1949
729	1953
730	1961
731	1971
732	1977
733	1979
734	1982
735	1990
736	1997
737	2007
738	2017
739	2034
740	2039
741	2046
742	2055
743	2065
744	2078
745	2084
746	2095
747	2101
748	2102
749	2110
750	2120
751	2130
752	2138
753	2148
754	2152
755	2154
756	2162
757	2169
758	2173
759	2184
760	2187
761	2191
762	2198
763	2201
764	2209
765	2215
766	2231
767	2243
768	2247
769	2248
770	2256
771	2265
772	2277
773	2285
774	2295
775	2297
776	2299
777	2309
778	2318
779	2324
780	2335
781	2346
782	2351
783	2353
784	2361
785	2374
786	2387
787	2391
788	2399
789	2404
790	2406
791	2414
792	2422
793	2434
794	2448
795	2459
796	2463
797	2466
798	2476
799	2489
800	2496
801	2503
802	2508
803	2514
804	2521
805	2530
806	2543
807	2552
808	2568
809	2572
810	2579
811	2587
812	2608
813	2619
814	2632
815	2644
816	2652
817	2658
818	2662
819	2670
820	2678
821	2685
822	2690
823	2700
824	2704
825	2705
826	2713
827	2724
828	2726
829	2733
830	2735
831	2739
832	2740
833	2744
834	2749
835	2755
836	2763
837	2766
838	2769
839	2769
840	2772
841	2778
842	2783
843	2792
844	2801
845	2803
846	2804
847	2814
848	2823
849	2827
850	2842
851	2852
852	2857
853	2861
854	2871
855	2889
856	2904
857	2924
858	2935
859	2942
860	2945
861	2958
862	2966
863	2976
864	2981
865	2994
866	3001
867	3004
868	3015
869	3032
870	3048
871	3061
872	3067
873	3077
874	3085
875	3093
876	3103
877	3116
878	3127
879	3138
880	3142
881	3145
882	3156
883	3174
884	3186
885	3206
886	3218
887	3225
888	3233
889	3251
890	3265
891	3281
892	3296
893	3310
894	3316
895	3324
896	3336
897	3351
898	3364
899	3384
900	3400
901	3408
902	3412
903	3432
904	3445
905	3465
906	3479
907	3488
908	3492
909	3495
910	3515
911	3529
912	3550
913	3560
914	3581
915	3591
916	3595
917	3608
918	3622
919	3643
920	3658
921	3676
922	3686
923	3695
924	3712
925	3728
926	3745
927	3756
928	3775
929	3785
930	3803
931	3819
932	3844
933	3867
934	3887
935	3906
936	3913
937	3919
938	3937
939	3953
940	3975
941	3986
942	4005
943	4017
944	4028
945	4049
946	4070
947	4091
948	4110
949	4127
950	4137
951	4140
952	4150
953	4173
954	4192
955	4207
956	4229
957	4236
958	4245
959	4262
960	4278
961	4294
962	4306
963	4331
964	4334
965	4341
966	4352
967	4368
968	4383
969	4404
970	4417
971	4420
972	4429
973	4437
974	4457
975	4481
976	4499
977	4510
978	4517
979	4522
980	4538
981	4552
982	4567
983	4590
984	4607
985	4620
986	4627
987	4641
988	4663
989	4676
990	4690
991	4707
992	4719
993	4735
994	4748
995	4765
996	4787
997	4804
998	4817
999	4820
1000	4827
1001	4841
1002	4854
1003	4871
1004	4894
1005	4909
1006	4918
1007	4925
1008	4940
1009	4962
1010	4985
1011	5006
1012	5018
1013	5023
1014	5032
1015	5046
1016	5068
1017	5095
1018	5106
1019	5129
1020	5139
1021	5143
1022	5155
1023	5173
1024	5198
1025	5214
1026	5229
1027	5242
1028	5255
1029	5272
1030	5289
1031	5310
1032	5329
1033	5346
1034	5359
1035	5362
1036	5377
1037	5391
1038	5407
1039	5427
1040	5440
1041	5446
1042	5453
1043	5463
1044	5484
1045	5515
1046	5531
1047	5546
1048	5552
1049	5560
1050	5580
1051	5604
1052	5621
1053	5643
1054	5671
1055	5679
1056	5689
1057	5712
1058	5729
1059	5750
1060	5776
1061	5800
1062	5806
1063	5813
1064	5827
1065	5847
1066	5871
1067	5895
1068	5919
1069	5929
1070	5935
1071	5956
1072	5981
1073	6007
1074	6035
1075	6058
1076	6066
1077	6075
1078	6102
1079	6127
1080	6146
1081	6169
1082	6189
1083	6197
1084	6204
1085	6220
1086	6238
1087	6269
1088	6293
1089	6315
1090	6324
1091	6339
1092	6360
1093	6378
1094	6413
1095	6425
1096	6454
1097	6472
1098	6484
1099	6503
1100	6528
1101	6558
1102	6580
1103	6610
1104	6627
1105	6638
1106	6665
1107	6693
1108	6713
1109	6733
1110	6757
1111	6767
1112	6781
1113	6802
1114	6819
1115	6848
1116	6867
1117	6879
1118	6884
1119	6893
1120	6915
1121	6944
1122	6973
1123	6999
1124	7021
1125	7036
1126	7049
1127	7075
1128	7104
1129	7139
1130	7162
1131	7186
1132	7195
1133	7211
1134	7234
1135	7258
1136	7284
1137	7307
1138	7331
1139	7339
1140	7352
1141	7374
1142	7392
1143	7427
1144	7445
1145	7462
1146	7475
1147	7490
1148	7515
1149	7543
1150	7568
1151	7592
1152	7622
1153	7637
1154	7647
1155	7670
1156	7698
1157	7718
1158	7749
1159	7774
1160	7789
1161	7797
1162	7815
1163	7840
1164	7862
1165	7878
1166	7894
1167	7905
1168	7921
1169	7935
1170	7952
1171	7980
1172	8019
1173	8053
1174	8066
1175	8080
1176	8102
1177	8132
1178	8170
1179	8201
1180	8222
1181	8235
1182	8246
1183	8281
1184	8312
1185	8340
1186	8371
1187	8394
1188	8405
1189	8414
1190	8430
1191	8446
1192	8473
1193	8489
1194	8510
1195	8513
1196	8516
1197	8528
1198	8544
1199	8567
1200	8576
1201	8587
1202	8595
1203	8603
1204	8615
1205	8641
1206	8670
1207	8705
1208	8724
1209	8731
1210	8743
1211	8762
1212	8786
1213	8807
1214	8832
1215	8855
1216	8870
1217	8887
1218	8905
1219	8948
1220	8976
1221	9007
1222	9032
1223	9044
1224	9059
1225	9096
1226	9119
1227	9150
1228	9180
1229	9203
1230	9216
1231	9229
1232	9264
1233	9286
1234	9316
1235	9349
1236	9377
1237	9393
1238	9410
1239	9436
1240	9459
1241	9492
1242	9526
1243	9558
1244	9569
1245	9591
1246	9625
1247	9655
1248	9689
1249	9726
1250	9763
1251	9783
1252	9800
1253	9820
1254	9852
1255	9888
1256	9918
1257	9959
1258	9974
1259	9990
1260	10025
1261	10060
1262	10099
1263	10124
1264	10166
1265	10178
1266	10191
1267	10227
1268	10263
1269	10294
1270	10330
1271	10361
1272	10380
1273	10408
1274	10443
1275	10474
1276	10515
1277	10544
1278	10581
1279	10593
1280	10610
1281	10649
1282	10674
1283	10712
1284	10742
1285	10765
1286	10780
1287	10803
1288	10838
1289	10867
1290	10908
1291	10938
1292	10976
1293	10989
1294	11012
1295	11047
1296	11087
1297	11128
1298	11160
1299	11187
1300	11201
1301	11219
1302	11246
1303	11282
1304	11315
1305	11349
1306	11372
1307	11390
1308	11407
1309	11433
1310	11464
1311	11506
1312	11546
1313	11573
1314	11585
1315	11605
1316	11635
1317	11680
1318	11720
1319	11757
1320	11777
1321	11798
1322	11811
1323	11834
1324	11866
1325	11896
1326	11930
1327	11961
1328	11972
1329	11991
1330	12016
1331	12053
1332	12078
1333	12110
1334	12143
1335	12162
1336	12182
1337	12210
1338	12251
1339	12285
1340	12310
1341	12339
1342	12348
1343	12371
1344	12407
1345	12439
1346	12474
1347	12506
1348	12541
1349	12559
1350	12575
1351	12596
1352	12636
1353	12672
1354	12714
1355	12740
1356	12759
1357	12777
1358	12805
1359	12841
1360	12884
1361	12925
1362	12964
1363	12977
1364	12987
1365	13026
1366	13067
1367	13109
1368	13141
1369	13183
1370	13205
1371	13235
1372	13270
1373	13321
1374	13366
1375	13415
1376	13447
1377	13465
1378	13488
1379	13523
1380	13562
1381	13609
1382	13635
1383	13669
1384	13688
1385	13704
1386	13739
1387	13782
1388	13814
1389	13864
1390	13913
1391	13927
1392	13938
1393	13982
1394	14024
1395	14068
1396	14106
1397	14142
1398	14152
1399	14170
1400	14220
1401	14257
1402	14313
1403	14367
1404	14412
1405	14432
1406	14459
1407	14510
1408	14557
1409	14609
1410	14653
1411	14686
1412	14699
1413	14717
1414	14772
1415	14813
1416	14857
1417	14911
1418	14943
1419	14965
1420	14983
1421	15015
1422	15056
1423	15092
1424	15137
1425	15164
1426	15178
1427	15192
1428	15231
1429	15280
1430	15315
1431	15367
1432	15406
1433	15428
1434	15449
1435	15486
1436	15540
1437	15580
1438	15625
1439	15673
1440	15693
1441	15709
1442	15738
1443	15776
1444	15819
1445	15863
1446	15901
1447	15923
1448	15946
1449	15976
1450	16006
1451	16047
1452	16089
1453	16137
1454	16161
1455	16175
1456	16208
1457	16270
1458	16327
1459	16368
1460	16410
1461	16429
1462	16456
1463	16504
1464	16556
1465	16595
1466	16643
1467	16673
1468	16693
1469	16710
1470	16749
1471	16785
1472	16827
1473	16879
1474	16924
1475	16942
1476	16954
1477	16998
1478	17041
1479	17075
1480	17111
1481	17159
1482	17185
1483	17206
1484	17241
1485	17293
1486	17331
1487	17387
1488	17436
1489	17452
1490	17477
1491	17528
1492	17575
1493	17633
1494	17673
1495	17723
1496	17749
1497	17769
1498	17818
1499	17888
1500	17953
1501	17998
1502	18051
1503	18075
1504	18100
1505	18146
1506	18202
1507	18234
1508	18272
1509	18324
1510	18344
1511	18363
1512	18417
1513	18459
1514	18511
1515	18557
1516	18608
1517	18629
1518	18652
1519	18706
1520	18752
1521	18812
1522	18867
1523	18909
1524	18941
1525	18979
1526	19041
1527	19096
1528	19156
1529	19199
1530	19232
1531	19256
1532	19293
1533	19350
1534	19401
1535	19467
1536	19520
1537	19575
1538	19598
1539	19632
1540	19687
1541	19749
1542	19805
1543	19857
1544	19927
1545	19960
1546	19986
1547	20029
1548	20098
1549	20164
1550	20230
1551	20273
1552	20293
1553	20317
1554	20369
1555	20419
1556	20465
1557	20499
1558	20554
1559	20574
1560	20594
1561	20614
1562	20634
1563	20652
1564	20683
1565	20716
1566	20742
1567	20767
1568	20792
1569	20810
1570	20846
1571	20916
1572	20955
1573	20975
1574	21004
1575	21042
1576	21097
1577	21158
1578	21230
1579	21284
1580	21307
1581	21344
1582	21392
1583	21455
1584	21526
1585	21583
1586	21647
1587	21674
1588	21706
1589	21764
1590	21821
1591	21890
1592	21956
1593	22012
1594	22036
1595	22065
1596	22117
1597	22168
1598	22232
1599	22302
1600	22355
1601	22390
1602	22428
1603	22487
1604	22558
1605	22631
1606	22709
1607	22790
1608	22820
1609	22860
1610	22922
1611	22988
1612	23060
1613	23141
1614	23197
1615	23218
1616	23254
1617	23327
1618	23398
1619	23472
1620	23546
1621	23611
1622	23651
1623	23680
1624	23755
1625	23829
1626	23906
1627	23977
1628	24039
1629	24081
1630	24111
1631	24180
1632	24251
1633	24318
1634	24395
1635	24470
1636	24511
1637	24541
1638	24608
1639	24689
1640	24758
1641	24845
1642	24912
1643	24949
1644	24983
1645	25051
1646	25140
1647	25209
1648	25280
1649	25350
1650	25376
1651	25413
1652	25482
1653	25557
1654	25631
1655	25698
1656	25751
1657	25778
1658	25815
1659	25857
1660	25926
1661	26002
1662	26074
1663	26155
1664	26192
1665	26220
1666	26294
1667	26369
1668	26450
1669	26514
1670	26557
1671	26589
1672	26623
1673	26688
1674	26774
1675	26851
1676	26929
1677	26983
1678	27017
1679	27059
1680	27137
1681	27223
1682	27306
1683	27382
1684	27466
1685	27491
1686	27512
1687	27581
1688	27654
1689	27717
1690	27788
1691	27854
1692	27877
1693	27909
1694	27976
1695	28052
1696	28104
1697	28158
1698	28220
1699	28252
1700	28288
1701	28355
1702	28429
1703	28515
1704	28572
1705	28640
1706	28669
1707	28699
1708	28769
1709	28850
1710	28928
1711	29001
1712	29064
1713	29085
1714	29116
1715	29148
1716	29216
1717	29307
1718	29374
1719	29438
1720	29471
1721	29498
1722	29564
1723	29633
1724	29708
1725	29775
1726	29837
1727	29869
1728	29900
1729	29979
1730	30052
1731	30127
1732	30191
1733	30256
1734	30288
1735	30314
1736	30387
1737	30468
1738	30547
1739	30619
1740	30689
1741	30720
1742	30755
1743	30837
1744	30928
1745	30992
1746	31071
1747	31137
1748	31166
1749	31208
1750	31272
1751	31354
1752	31427
1753	31482
1754	31534
1755	31568
1756	31601
1757	31666
1758	31753
1759	31838
1760	31922
1761	31995
1762	32020
1763	32056
1764	32129
1765	32215
1766	32288
1767	32383
1768	32465
1769	32503
1770	32532
1771	32612
1772	32687
1773	32773
1774	32860
1775	32925
1776	32950
1777	32982
1778	33042
1779	33106
1780	33178
1781	33250
1782	33309
1783	33342
1784	33372
1785	33439
1786	33530
1787	33611
1788	33685
1789	33749
1790	33779
1791	33811
1792	33881
1793	33957
1794	34026
1795	34117
1796	34183
1797	34206
1798	34236
1799	34299
1800	34391
1801	34465
1802	34536
1803	34607
1804	34633
1805	34660
1806	34735
1807	34811
1808	34896
1809	34980
1810	35054
1811	35086
1812	35114
1813	35165
1814	35238
1815	35314
1816	35367
1817	35417
1818	35452
1819	35491
1820	35561
1821	35629
1822	35694
1823	35762
1824	35826
1825	35853
1826	35885
1827	35960
1828	36033
1829	36107
1830	36170
1831	36235
1832	36264
1833	36298
1834	36358
1835	36436
1836	36519
1837	36601
1838	36670
1839	36705
1840	36742
1841	36802
1842	36870
1843	36943
1844	37011
1845	37079
1846	37112
1847	37148
1848	37209
1849	37282
1850	37370
1851	37462
1852	37535
1853	37576
1854	37616
1855	37675
1856	37758
1857	37828
1858	37926
1859	38014
1860	38054
1861	38106
1862	38172
1863	38252
1864	38328
1865	38407
1866	38486
1867	38530
1868	38575
1869	38657
1870	38738
1871	38835
1872	38910
1873	38991
1874	39037
1875	39085
1876	39169
1877	39245
1878	39339
1879	39436
1880	39505
1881	39544
1882	39597
1883	39669
1884	39765
1885	39867
1886	39938
1887	40000
1888	40041
1889	40096
1890	40184
1891	40291
1892	40384
1893	40490
1894	40570
1895	40619
1896	40655
1897	40735
1898	40836
1899	40921
1900	40996
1901	41059
1902	41107
1903	41155
1904	41244
1905	41340
1906	41425
1907	41506
1908	41584
1909	41629
1910	41690
1911	41773
1912	41873
1913	41975
1914	42057
1915	42139
1916	42168
1917	42206
1918	42293
1919	42370
1920	42449
1921	42543
1922	42618
1923	42654
1924	42674
1925	42722
1926	42757
1927	42779
1928	42813
1929	42855
1930	42883
1931	42913
1932	42969
1933	43012
1934	43048
1935	43107
1936	43170
1937	43212
1938	43259
1939	43326
1940	43409
1941	43494
1942	43584
1943	43675
1944	43723
1945	43769
1946	43855
1947	43947
1948	44025
1949	44122
1950	44203
1951	44244
1952	44297
1953	44384
1954	44490
1955	44591
1956	44681
1957	44776
1958	44815
1959	44860
1960	44970
1961	45059
1962	45170
1963	45273
1964	45362
1965	45410
1966	45465
1967	45573
1968	45687
1969	45808
1970	45922
1971	46021
1972	46073
1973	46129
1974	46224
1975	46323
1976	46446
1977	46546
1978	46646
1979	46708
1980	46765
1981	46867
1982	46964
1983	47084
1984	47223
1985	47326
1986	47373
1987	47432
1988	47533
1989	47653
1990	47768
1991	47880
1992	47992
1993	48044
1994	48102
1995	48186
1996	48274
1997	48377
1998	48504
1999	48611
2000	48667
2001	48730
2002	48839
2003	48968
2004	49078
2005	49183
2006	49296
2007	49351
2008	49408
2009	49524
2010	49648
2011	49741
2012	49841
2013	49959
2014	50001
2015	50075
2016	50169
2017	50277
2018	50393
2019	50506
2020	50606
2021	50668
2022	50724
2023	50832
2024	50948
2025	51064
2026	51177
2027	51291
2028	51355
2029	51423
2030	51535
2031	51644
2032	51781
2033	51889
2034	51987
2035	52046
2036	52104
2037	52192
2038	52299
2039	52387
2040	52482
2041	52559
2042	52620
2043	52671
2044	52742
2045	52856
2046	52974
2047	53087
2048	53177
2049	53220
2050	53291
2051	53386
2052	53490
2053	53575
2054	53682
2055	53782
2056	53820
2057	53876
2058	53988
2059	54089
2060	54186
2061	54288
2062	54390
2063	54451
2064	54505
2065	54616
2066	54721
2067	54812
2068	54926
2069	54992
2070	55042
2071	55086
2072	55165
2073	55262
2074	55358
2075	55453
2076	55551
2077	55597
2078	55657
2079	55736
2080	55838
2081	55950
2082	56031
2083	56119
2084	56168
2085	56210
2086	56290
2087	56400
2088	56496
2089	56588
2090	56670
2091	56713
2092	56761
2093	56840
2094	56945
2095	57063
2096	57165
2097	57262
2098	57299
2099	57348
2100	57436
2101	57537
2102	57638
2103	57741
2104	57836
2105	57872
2106	57919
2107	58016
2108	58126
2109	58230
2110	58333
2111	58410
2112	58450
2113	58490
2114	58568
2115	58645
2116	58732
2117	58825
2118	58895
2119	58940
2120	58990
2121	59078
2122	59180
2123	59291
2124	59387
2125	59494
2126	59535
2127	59583
2128	59677
2129	59780
2130	59882
2131	59981
2132	60068
2133	60119
2134	60163
2135	60266
2136	60366
2137	60484
2138	60608
2139	60710
2140	60750
2141	60809
2142	60900
2143	61012
2144	61107
2145	61211
2146	61307
2147	61341
2148	61379
2149	61480
2150	61594
2151	61708
2152	61801
2153	61897
2154	61955
2155	62011
2156	62107
2157	62208
2158	62310
2159	62414
2160	62483
2161	62522
2162	62575
2163	62661
2164	62767
2165	62878
2166	62981
2167	63088
2168	63136
2169	63192
2170	63274
2171	63374
2172	63452
2173	63550
2174	63612
2175	63646
2176	63687
2177	63762
2178	63834
2179	63933
2180	64028
2181	64095
2182	64163
2183	64196
2184	64296
2185	64378
2186	64485
2187	64593
2188	64679
2189	64720
2190	64764
2191	64830
2192	64923
2193	65024
2194	65120
2195	65220
2196	65269
2197	65328
2198	65413
2199	65516
2200	65598
2201	65698
2202	65771
2203	65811
2204	65864
2205	65963
2206	66066
2207	66162
2208	66260
2209	66341
2210	66396
2211	66459
2212	66568
2213	66657
2214	66768
2215	66894
2216	66994
2217	67036
2218	67095
2219	67201
2220	67301
2221	67414
2222	67524
2223	67591
2224	67632
2225	67688
2226	67804
2227	67930
2228	68028
2229	68124
2230	68236
2231	68285
2232	68338
2233	68439
2234	68554
2235	68647
2236	68756
2237	68849
2238	68904
2239	68963
2240	69067
2241	69191
2242	69293
2243	69402
2244	69520
2245	69582
2246	69640
2247	69734
2248	69818
2249	69930
2250	70017
2251	70123
2252	70179
2253	70242
2254	70361
2255	70479
2256	70594
2257	70705
2258	70786
2259	70843
2260	70894
2261	70993
2262	71123
2263	71247
2264	71329
2265	71427
2266	71499
2267	71565
2268	71671
2269	71780
2270	71905
2271	72026
2272	72128
2273	72183
2274	72247
2275	72342
2276	72453
2277	72560
2278	72670
2279	72760
2280	72802
2281	72859
2282	72958
2283	73047
2284	73149
2285	73255
2286	73338
2287	73367
2288	73418
2289	73482
2290	73554
2291	73593
2292	73617
2293	73661
2294	73698
2295	73738
2296	73797
2297	73861
2298	73916
2299	73945
2300	73982
2301	74033
2302	74069
2303	74153
2304	74242
2305	74329
2306	74433
2307	74521
2308	74554
2309	74612
2310	74722
2311	74823
2312	74937
2313	75050
2314	75138
2315	75193
2316	75260
2317	75370
2318	75479
2319	75588
2320	75721
2321	75839
2322	75900
2323	75952
2324	76066
2325	76191
2326	76312
2327	76431
2328	76559
2329	76619
2330	76677
2331	76778
2332	76895
2333	76996
2334	77123
2335	77234
2336	77309
2337	77359
2338	77470
2339	77601
2340	77723
2341	77857
2342	77959
2343	78013
2344	78081
2345	78201
2346	78336
2347	78467
2348	78580
2349	78713
2350	78785
2351	78853
2352	78991
2353	79138
2354	79270
2355	79405
2356	79534
2357	79594
2358	79653
2359	79768
2360	79899
2361	80063
2362	80233
2363	80384
2364	80456
2365	80522
2366	80639
2367	80788
2368	80935
2369	81095
2370	81239
2371	81315
2372	81387
2373	81515
2374	81641
2375	81789
2376	81935
2377	82067
2378	82118
2379	82189
2380	82353
2381	82494
2382	82672
2383	82797
2384	82945
2385	83014
2386	83102
2387	83249
2388	83411
2389	83551
2390	83690
2391	83783
2392	83853
2393	83909
2394	84024
2395	84127
2396	84263
2397	84390
2398	84513
2399	84586
2400	84646
2401	84767
2402	84908
2403	85058
2404	85195
2405	85333
2406	85405
2407	85522
2408	85653
2409	85802
2410	85958
2411	86113
2412	86225
2413	86307
2414	86393
2415	86535
2416	86664
2417	86824
2418	86967
2419	87093
2420	87159
2421	87240
2422	87349
2423	87491
2424	87635
2425	87763
2426	87885
2427	87943
2428	88018
2429	88153
2430	88297
2431	88441
2432	88592
2433	88725
2434	88801
2435	88884
2436	89013
2437	89155
2438	89325
2439	89495
2440	89625
2441	89690
2442	89770
2443	89870
2444	90017
2445	90155
2446	90292
2447	90435
2448	90517
2449	90609
2450	90740
2451	90885
2452	91022
2453	91176
2454	91298
2455	91349
2456	91392
2457	91532
2458	91683
2459	91828
2460	91982
2461	92105
2462	92168
2463	92233
2464	92367
2465	92483
2466	92629
2467	92800
2468	92923
2469	93007
2470	93086
2471	93232
2472	93415
2473	93560
2474	93711
2475	93832
2476	93895
2477	93962
2478	94097
2479	94266
2480	94407
2481	94552
2482	94653
2483	94706
2484	94750
2485	94911
2486	95091
2487	95265
2488	95456
2489	95615
2490	95684
2491	95761
2492	95926
2493	96103
2494	96278
2495	96457
2496	96619
2497	96690
2498	96777
2499	96934
2500	97119
2501	97297
2502	97470
2503	97623
2504	97700
2505	97784
2506	97933
2507	98084
2508	98240
2509	98395
2510	98536
2511	98591
2512	98658
2513	98796
2514	98962
2515	99136
2516	99314
2517	99449
2518	99510
2519	99574
2520	99737
2521	99882
2522	100047
2523	100210
2524	100347
2525	100411
2526	100477
2527	100620
2528	100765
2529	100931
2530	101112
2531	101250
2532	101309
2533	101374
2534	101501
2535	101645
2536	101804
2537	101950
2538	102066
2539	102126
2540	102200
2541	102321
2542	102440
2543	102587
2544	102728
2545	102862
2546	102914
2547	102978
2548	103099
2549	103236
2550	103365
2551	103519
2552	103668
2553	103715
2554	103779
2555	103933
2556	104079
2557	104250
2558	104408
2559	104550
2560	104613
2561	104677
2562	104815
2563	104939
2564	105079
2565	105216
2566	105326
2567	105402
2568	105470
2569	105594
2570	105745
2571	105880
2572	106034
2573	106147
2574	106223
2575	106291
2576	106433
2577	106570
2578	106699
2579	106849
2580	106998
2581	107063
2582	107150
2583	107294
2584	107442
2585	107616
2586	107785
2587	107936
2588	108010
2589	108102
2590	108252
2591	108406
2592	108564
2593	108725
2594	108879
2595	108944
2596	109011
2597	109141
2598	109291
2599	109466
2600	109640
2601	109787
2602	109876
2603	109946
2604	110107
2605	110268
2606	110425
2607	110604
2608	110748
2609	110841
2610	110925
2611	111077
2612	111216
2613	111373
2614	111533
2615	111683
2616	111758
2617	111844
2618	111985
2619	112139
2620	112306
2621	112489
2622	112612
2623	112683
2624	112780
2625	112929
2626	113086
2627	113215
2628	113356
2629	113477
2630	113552
2631	113612
2632	113743
2633	113890
2634	114052
2635	114230
2636	114394
2637	114478
2638	114550
2639	114710
2640	114866
2641	115033
2642	115183
2643	115326
2644	115387
2645	115455
2646	115584
2647	115733
2648	115875
2649	116034
2650	116148
2651	116210
2652	116264
2653	116376
2654	116489
2655	116610
2656	116678
2657	116716
2658	116770
2659	116827
2660	116915
2661	117021
2662	117115
2663	117182
2664	117218
2665	117273
2666	117345
2667	117465
2668	117614
2669	117775
2670	117908
2671	118051
2672	118118
2673	118200
2674	118344
2675	118509
2676	118648
2677	118808
2678	118960
2679	119038
2680	119135
2681	119284
2682	119440
2683	119596
2684	119789
2685	119936
2686	120011
2687	120101
2688	120260
2689	120428
2690	120580
2691	120736
2692	120901
2693	120981
2694	121045
2695	121177
2696	121313
2697	121491
2698	121642
2699	121806
2700	121895
2701	122002
2702	122158
2703	122324
2704	122498
2705	122678
2706	122858
2707	122925
2708	122995
2709	123140
2710	123316
2711	123517
2712	123688
2713	123839
2714	123944
2715	124042
2716	124215
2717	124392
2718	124577
2719	124772
2720	124983
2721	125094
2722	125188
2723	125377
2724	125596
2725	125790
2726	125999
2727	126165
2728	126250
2729	126259
