1	2
2	4
3	4
4	4
5	7
6	11
7	16
8	20
9	25
10	27
11	35
12	39
13	42
14	48
15	53
16	55
17	56
18	60
19	75
20	83
21	97
22	112
23	118
24	125
25	139
26	152
27	172
28	193
29	209
30	213
31	221
32	232
33	248
34	262
35	275
36	296
37	303
38	313
39	329
40	346
41	369
42	388
43	405
44	408
45	415
46	482
47	572
48	668
49	748
50	827
51	844
52	859
53	909
54	977
55	1037
56	1093
57	1163
58	1187
59	1212
60	1249
61	1296
62	1339
63	1392
64	1424
65	1439
66	1450
67	1490
68	1535
69	1590
70	1632
71	1667
72	1686
73	1700
74	1741
75	1786
76	1821
77	1869
78	1909
79	1923
80	1936
81	1977
82	2022
83	2080
84	2125
85	2150
86	2165
87	2178
88	2216
89	2261
90	2292
91	2325
92	2364
93	2371
94	2377
95	2408
96	2454
97	2496
98	2542
99	2589
100	2601
101	2615
102	2651
103	2682
104	2722
105	2753
106	2785
107	2801
108	2809
109	2848
110	2903
111	2937
112	2980
113	3028
114	3038
115	3050
116	3084
117	3120
118	3164
119	3186
120	3208
121	3223
122	3237
123	3263
124	3299
125	3334
126	3368
127	3397
128	3407
129	3416
130	3444
131	3472
132	3508
133	3546
134	3580
135	3588
136	3598
137	3636
138	3670
139	3713
140	3755
141	3789
142	3801
143	3806
144	3831
145	3847
146	3860
147	3864
148	3875
149	3886
150	3899
151	3922
152	3947
153	3970
154	3980
155	4003
156	4017
157	4028
158	4057
159	4103
160	4134
161	4179
162	4214
163	4229
164	4245
165	4285
166	4343
167	4390
168	4419
169	4447
170	4472
171	4491
172	4539
173	4595
174	4638
175	4674
176	4721
177	4736
178	4755
179	4808
180	4847
181	4879
182	4926
183	4970
184	4994
185	5008
186	5043
187	5083
188	5139
189	5199
190	5247
191	5258
192	5265
193	5309
194	5352
195	5403
196	5447
197	5488
198	5502
199	5514
200	5548
201	5585
202	5643
203	5699
204	5731
205	5752
206	5781
207	5831
208	5884
209	5933
210	5984
211	6024
212	6032
213	6043
214	6094
215	6135
216	6191
217	6237
218	6280
219	6298
220	6326
221	6373
222	6417
223	6481
224	6522
225	6568
226	6590
227	6605
228	6650
229	6693
230	6743
231	6794
232	6849
233	6871
234	6889
235	6958
236	7004
237	7052
238	7107
239	7147
240	7166
241	7187
242	7238
243	7272
244	7329
245	7381
246	7421
247	7437
248	7454
249	7497
250	7557
251	7623
252	7672
253	7719
254	7742
255	7757
256	7797
257	7832
258	7889
259	7931
260	7982
261	8006
262	8038
263	8104
264	8159
265	8219
266	8283
267	8335
268	8365
269	8387
270	8436
271	8490
272	8551
273	8604
274	8649
275	8670
276	8706
277	8762
278	8825
279	8887
280	8959
281	9028
282	9051
283	9071
284	9133
285	9199
286	9287
287	9356
288	9412
289	9439
290	9482
291	9550
292	9620
293	9676
294	9738
295	9784
296	9808
297	9835
298	9876
299	9958
300	10034
301	10098
302	10158
303	10182
304	10202
305	10258
306	10313
307	10374
308	10466
309	10526
310	10553
311	10579
312	10648
313	10719
314	10800
315	10866
316	10933
317	10952
318	10979
319	11046
320	11131
321	11215
322	11299
323	11357
324	11384
325	11421
326	11501
327	11588
328	11672
329	11754
330	11830
331	11851
332	11883
333	11953
334	12033
335	12110
336	12207
337	12273
338	12303
339	12332
340	12404
341	12502
342	12580
343	12663
344	12735
345	12765
346	12789
347	12856
348	12928
349	13009
350	13089
351	13152
352	13181
353	13218
354	13289
355	13359
356	13448
357	13528
358	13587
359	13613
360	13645
361	13727
362	13817
363	13900
364	13980
365	14036
366	14068
367	14093
368	14156
369	14227
370	14307
371	14397
372	14466
373	14500
374	14534
375	14592
376	14663
377	14740
378	14823
379	14908
380	14932
381	14963
382	15038
383	15117
384	15203
385	15291
386	15373
387	15402
388	15427
389	15494
390	15569
391	15649
392	15741
393	15823
394	15859
395	15889
396	15960
397	16037
398	16109
399	16191
400	16273
401	16311
402	16362
403	16436
404	16527
405	16611
406	16694
407	16778
408	16806
409	16840
410	16909
411	16996
412	17084
413	17164
414	17234
415	17260
416	17283
417	17348
418	17427
419	17516
420	17592
421	17658
422	17698
423	17732
424	17814
425	17921
426	18031
427	18121
428	18207
429	18256
430	18295
431	18376
432	18459
433	18553
434	18654
435	18723
436	18759
437	18796
438	18870
439	18953
440	19056
441	19164
442	19254
443	19298
444	19339
445	19432
446	19535
447	19644
448	19736
449	19826
450	19875
451	19911
452	19995
453	20086
454	20187
455	20288
456	20376
457	20434
458	20479
459	20583
460	20703
461	20825
462	20936
463	21028
464	21081
465	21132
466	21229
467	21350
468	21460
469	21576
470	21679
471	21732
472	21782
473	21868
474	21982
475	22110
476	22241
477	22345
478	22394
479	22440
480	22529
481	22644
482	22775
483	22895
484	22966
485	23016
486	23075
487	23172
488	23275
489	23408
490	23538
491	23636
492	23682
493	23731
494	23859
495	23955
496	24056
497	24184
498	24267
499	24316
500	24365
501	24466
502	24584
503	24716
504	24827
505	24912
506	24951
507	24996
508	25084
509	25188
510	25289
511	25372
512	25411
513	25458
514	25493
515	25577
516	25662
517	25748
518	25814
519	25863
520	25917
521	25964
522	26075
523	26208
524	26393
525	26558
526	26684
527	26751
528	26820
529	26956
530	27091
531	27255
532	27396
533	27536
534	27605
535	27681
536	27826
537	27993
538	28172
539	28303
540	28436
541	28508
542	28589
543	28737
544	28886
545	29041
546	29190
547	29343
548	29424
549	29497
550	29615
551	29758
552	29906
553	30042
554	30191
555	30253
556	30313
557	30461
558	30626
559	30812
560	30951
561	31105
562	31172
563	31235
564	31372
565	31528
566	31703
567	31849
568	32006
569	32085
570	32152
571	32304
572	32452
573	32593
574	32743
575	32898
576	32966
577	33038
578	33165
579	33335
580	33523
581	33691
582	33836
583	33923
584	34019
585	34159
586	34332
587	34512
588	34685
589	34839
590	34927
591	35013
592	35190
593	35358
594	35517
595	35683
596	35835
597	35918
598	36033
599	36195
600	36371
601	36529
602	36664
603	36817
604	36897
605	36999
606	37146
607	37314
608	37476
609	37605
610	37697
611	37766
612	37824
613	37922
614	38069
615	38219
616	38369
617	38505
618	38575
619	38645
620	38797
621	38962
622	39126
623	39280
624	39409
625	39484
626	39557
627	39700
628	39860
629	40013
630	40184
631	40319
632	40422
633	40517
634	40708
635	40883
636	41039
637	41206
638	41354
639	41412
640	41501
641	41656
642	41819
643	41991
644	42152
645	42287
646	42381
647	42457
648	42631
649	42787
650	42939
651	43091
652	43225
653	43295
654	43391
655	43545
656	43719
657	43884
658	44078
659	44234
660	44320
661	44393
662	44544
663	44716
664	44868
665	45033
666	45157
667	45264
668	45350
669	45511
670	45677
671	45855
672	46030
673	46194
674	46280
675	46373
676	46549
677	46724
678	46892
679	47057
680	47227
681	47306
682	47393
683	47539
684	47713
685	47895
686	48058
687	48204
688	48274
689	48354
690	48528
691	48719
692	48891
693	49068
694	49200
695	49261
696	49318
697	49458
698	49634
699	49791
700	49981
701	50137
702	50190
703	50252
704	50385
705	50547
706	50697
707	50881
708	51029
709	51089
710	51181
711	51342
712	51536
713	51747
714	51940
715	52113
716	52220
717	52280
718	52459
719	52645
720	52830
721	53007
722	53182
723	53260
724	53338
725	53498
726	53676
727	53898
728	54098
729	54255
730	54322
731	54414
732	54590
733	54784
734	55007
735	55199
736	55379
737	55458
738	55548
739	55723
740	55912
741	56104
742	56291
743	56457
744	56528
745	56601
746	56775
747	56995
748	57187
749	57375
750	57499
751	57574
752	57670
753	57852
754	58020
755	58187
756	58362
757	58543
758	58633
759	58707
760	58902
761	59073
762	59259
763	59464
764	59622
765	59698
766	59769
767	59921
768	60120
769	60304
770	60507
771	60670
772	60744
773	60836
774	61037
775	61241
776	61481
777	61663
778	61818
779	61899
780	61982
781	62154
782	62315
783	62496
784	62697
785	62872
786	62969
787	63075
788	63269
789	63464
790	63649
791	63830
792	64000
793	64093
794	64173
795	64331
796	64498
797	64679
798	64855
799	65032
800	65103
801	65188
802	65386
803	65560
804	65743
805	65942
806	66119
807	66230
808	66333
809	66528
810	66750
811	66986
812	67189
813	67373
814	67468
815	67577
816	67785
817	68010
818	68232
819	68474
820	68691
821	68780
822	68898
823	69065
824	69270
825	69461
826	69661
827	69810
828	69908
829	70015
830	70213
831	70473
832	70708
833	70955
834	71173
835	71295
836	71403
837	71613
838	71844
839	72064
840	72300
841	72503
842	72638
843	72762
844	72995
845	73225
846	73438
847	73641
848	73817
849	73946
850	74064
851	74312
852	74536
853	74778
854	75032
855	75288
856	75389
857	75525
858	75772
859	76006
860	76246
861	76471
862	76700
863	76836
864	76958
865	77161
866	77421
867	77669
868	77915
869	78103
870	78210
871	78300
872	78495
873	78698
874	78916
875	79103
876	79214
877	79282
878	79379
879	79542
880	79746
881	79969
882	80148
883	80259
884	80341
885	80461
886	80652
887	80881
888	81127
889	81381
890	81597
891	81708
892	81809
893	82070
894	82346
895	82618
896	82895
897	83157
898	83279
899	83437
900	83660
901	83920
902	84167
903	84439
904	84695
905	84837
906	84961
907	85224
908	85493
909	85751
910	86035
911	86298
912	86438
913	86577
914	86843
915	87113
916	87420
917	87708
918	87947
919	88080
920	88233
921	88489
922	88771
923	89069
924	89350
925	89634
926	89794
927	89963
928	90210
929	90521
930	90785
931	91089
932	91330
933	91465
934	91626
935	91902
936	92187
937	92514
938	92811
939	93101
940	93273
941	93433
942	93747
943	94073
944	94428
945	94732
946	95043
947	95225
948	95399
949	95703
950	96032
951	96374
952	96680
953	96962
954	97117
955	97274
956	97604
957	97913
958	98232
959	98489
960	98770
961	98919
962	99107
963	99402
964	99732
965	100093
966	100387
967	100662
968	100831
969	101009
970	101284
971	101622
972	101925
973	102260
974	102555
975	102710
976	102864
977	103129
978	103449
979	103794
980	104115
981	104390
982	104546
983	104715
984	105047
985	105394
986	105691
987	106020
988	106315
989	106501
990	106688
991	107004
992	107357
993	107678
994	107970
995	108206
996	108382
997	108534
998	108801
999	109090
1000	109432
1001	109780
1002	110077
1003	110233
1004	110408
1005	110700
1006	111020
1007	111372
1008	111723
1009	112085
1010	112259
1011	112434
1012	112753
1013	113094
1014	113464
1015	113801
1016	114098
1017	114269
1018	114426
1019	114741
1020	115065
1021	115440
1022	115790
1023	116088
1024	116239
1025	116414
1026	116725
1027	117029
1028	117367
1029	117705
1030	118000
1031	118171
1032	118322
1033	118589
1034	118907
1035	119272
1036	119545
1037	119814
1038	119971
1039	120129
1040	120432
1041	120754
1042	121058
1043	121387
1044	121636
1045	121777
1046	121915
1047	122157
1048	122491
1049	122821
1050	123143
1051	123433
1052	123580
1053	123733
1054	124038
1055	124383
1056	124753
1057	125093
1058	125380
1059	125520
1060	125671
1061	125955
1062	126260
1063	126595
1064	126933
1065	127218
1066	127373
1067	127506
1068	127782
1069	128095
1070	128424
1071	128765
1072	129091
1073	129247
1074	129398
1075	129719
1076	130056
1077	130365
1078	130708
1079	131009
1080	131179
1081	131331
1082	131654
1083	131976
1084	132285
1085	132640
1086	132891
1087	133032
1088	133178
1089	133514
1090	133852
1091	134205
1092	134548
1093	134841
1094	135001
1095	135153
1096	135471
1097	135813
1098	136170
1099	136499
1100	136816
1101	136945
1102	137107
1103	137446
1104	137785
1105	138142
1106	138472
1107	138784
1108	138951
1109	139085
1110	139368
1111	139716
1112	140046
1113	140357
1114	140632
1115	140815
1116	140990
1117	141299
1118	141610
1119	141942
1120	142283
1121	142614
1122	142815
1123	143000
1124	143274
1125	143575
1126	143891
1127	144197
1128	144490
1129	144627
1130	144786
1131	145056
1132	145391
1133	145725
1134	146051
1135	146337
1136	146509
1137	146687
1138	146971
1139	147336
1140	147692
1141	148038
1142	148335
1143	148505
1144	148645
1145	148956
1146	149308
1147	149656
1148	149986
1149	150284
1150	150448
1151	150606
1152	150944
1153	151303
1154	151652
1155	151983
1156	152274
1157	152437
1158	152607
1159	152893
1160	153239
1161	153584
1162	153898
1163	154210
1164	154367
1165	154583
1166	154891
1167	155224
1168	155560
1169	155891
1170	156198
1171	156381
1172	156563
1173	156870
1174	157226
1175	157585
1176	157919
1177	158239
1178	158412
1179	158627
1180	158910
1181	159234
1182	159566
1183	159915
1184	160230
1185	160410
1186	160582
1187	160904
1188	161249
1189	161597
1190	161954
1191	162289
1192	162468
1193	162661
1194	162986
1195	163307
1196	163662
1197	164025
1198	164381
1199	164547
1200	164748
1201	165107
1202	165504
1203	165873
1204	166280
1205	166656
1206	166886
1207	167106
1208	167487
1209	167896
1210	168313
1211	168670
1212	168983
1213	169200
1214	169389
1215	169742
1216	170126
1217	170556
1218	170945
1219	171342
1220	171575
1221	171808
1222	172172
1223	172591
1224	172980
1225	173384
1226	173743
1227	173964
1228	174175
1229	174551
1230	174927
1231	175315
1232	175675
1233	175982
1234	176185
1235	176351
1236	176693
1237	177038
1238	177408
1239	177743
1240	178002
1241	178139
1242	178285
1243	178509
1244	178788
1245	179098
1246	179407
1247	179650
1248	179792
1249	179932
1250	180212
1251	180593
1252	180963
1253	181351
1254	181753
1255	181951
1256	182195
1257	182552
1258	182966
1259	183346
1260	183768
1261	184137
1262	184311
1263	184519
1264	184893
1265	185269
1266	185708
1267	186110
1268	186450
1269	186662
1270	186892
1271	187265
1272	187686
1273	188094
1274	188429
1275	188759
1276	188964
1277	189173
1278	189562
1279	189982
1280	190403
1281	190848
1282	191218
1283	191429
1284	191649
1285	192028
1286	192450
1287	192872
1288	193302
1289	193720
1290	193950
1291	194201
1292	194631
1293	195082
1294	195565
1295	196006
1296	196435
1297	196632
1298	196897
1299	197308
1300	197771
1301	198243
1302	198717
1303	199138
1304	199416
1305	199656
1306	200087
1307	200553
1308	201013
1309	201461
1310	201866
1311	202119
1312	202383
1313	202810
1314	203309
1315	203773
1316	204199
1317	204607
1318	204864
1319	205125
1320	205642
1321	206125
1322	206641
1323	207165
1324	207615
1325	207849
1326	208109
1327	208548
1328	209000
1329	209496
1330	209995
1331	210403
1332	210662
1333	210882
1334	211340
1335	211815
1336	212323
1337	212850
1338	213288
1339	213562
1340	213833
1341	214263
1342	214786
1343	215236
1344	215705
1345	216026
1346	216299
1347	216586
1348	216966
1349	217465
1350	217967
1351	218481
1352	218917
1353	219180
1354	219453
1355	219917
1356	220385
1357	220906
1358	221434
1359	221869
1360	222136
1361	222401
1362	222860
1363	223346
1364	223846
1365	224368
1366	224808
1367	225067
1368	225322
1369	225729
1370	226110
1371	226572
1372	227027
1373	227497
1374	227791
1375	228018
1376	228457
1377	228932
1378	229427
1379	229914
1380	230334
1381	230563
1382	230802
1383	231265
1384	231750
1385	232262
1386	232704
1387	233115
1388	233357
1389	233587
1390	233964
1391	234479
1392	234921
1393	235392
1394	235812
1395	236074
1396	236301
1397	236705
1398	237152
1399	237586
1400	238055
1401	238476
1402	238673
1403	238903
1404	239295
1405	239693
1406	240151
1407	240613
1408	241020
1409	241222
1410	241461
1411	241899
1412	242301
1413	242772
1414	243245
1415	243648
1416	243870
1417	244104
1418	244565
1419	245025
1420	245493
1421	245982
1422	246396
1423	246607
1424	246795
1425	247223
1426	247689
1427	248150
1428	248641
1429	249068
1430	249289
1431	249545
1432	249971
1433	250456
1434	250849
1435	251338
1436	251804
1437	252038
1438	252265
1439	252735
1440	253239
1441	253769
1442	254231
1443	254701
1444	254900
1445	255126
1446	255564
1447	256047
1448	256580
1449	257059
1450	257473
1451	257668
1452	257904
1453	258368
1454	258868
1455	259375
1456	259860
1457	260287
1458	260495
1459	260707
1460	261158
1461	261682
1462	262149
1463	262631
1464	263089
1465	263312
1466	263552
1467	263986
1468	264499
1469	264984
1470	265484
1471	265928
1472	266149
1473	266370
1474	266802
1475	267279
1476	267672
1477	268118
1478	268539
1479	268771
1480	268983
1481	269370
1482	269800
1483	270296
1484	270759
1485	271191
1486	271397
1487	271645
1488	272059
1489	272520
1490	273036
1491	273568
1492	274029
1493	274240
1494	274480
1495	274877
1496	275344
1497	275860
1498	276358
1499	276781
1500	277016
1501	277245
1502	277746
1503	278256
1504	278750
1505	279210
1506	279648
1507	279859
1508	280110
1509	280584
1510	281050
1511	281508
1512	281958
1513	282395
1514	282632
1515	282873
1516	283346
1517	283825
1518	284327
1519	284853
1520	285304
1521	285528
1522	285763
1523	286211
1524	286654
1525	287106
1526	287577
1527	288019
1528	288315
1529	288595
1530	289078
1531	289595
1532	290088
1533	290610
1534	291102
1535	291376
1536	291655
1537	292151
1538	292667
1539	293241
1540	293772
1541	294296
1542	294578
1543	294872
1544	295360
1545	295897
1546	296376
1547	296862
1548	297332
1549	297611
1550	297921
1551	298411
1552	298892
1553	299395
1554	299873
1555	300368
1556	300665
1557	300939
1558	301459
1559	301987
1560	302482
1561	303003
1562	303487
1563	303766
1564	304044
1565	304501
1566	304971
1567	305522
1568	306045
1569	306519
1570	306835
1571	307143
1572	307639
1573	308217
1574	308751
1575	309282
1576	309668
1577	309948
1578	310288
1579	310787
1580	311368
1581	311988
1582	312524
1583	313102
1584	313396
1585	313734
1586	314298
1587	314886
1588	315468
1589	316049
1590	316537
1591	316880
1592	317222
1593	317723
1594	318247
1595	318776
1596	319288
1597	319792
1598	320074
1599	320319
1600	320807
1601	321314
1602	321863
1603	322392
1604	322777
1605	323014
1606	323246
1607	323541
1608	323737
1609	324082
1610	324508
1611	324853
1612	325132
1613	325369
1614	325654
1615	325876
1616	326278
1617	326753
1618	327241
1619	327532
1620	327797
1621	328297
1622	328810
1623	329297
1624	329854
1625	330365
1626	330657
1627	330931
1628	331361
1629	331927
1630	332438
1631	333039
1632	333573
1633	333860
1634	334161
1635	334671
1636	335233
1637	335779
1638	336328
1639	336815
1640	337093
1641	337373
1642	337880
1643	338450
1644	339005
1645	339552
1646	340046
1647	340317
1648	340626
1649	341131
1650	341701
1651	342285
1652	342852
1653	343354
1654	343636
1655	343942
1656	344469
1657	345038
1658	345616
1659	346166
1660	346691
1661	347014
1662	347363
1663	347934
1664	348540
1665	349225
1666	349804
1667	350358
1668	350708
1669	351044
1670	351573
1671	352204
1672	352848
1673	353463
1674	353965
1675	354296
1676	354627
1677	355211
1678	355844
1679	356518
1680	357151
1681	357700
1682	358046
1683	358430
1684	359004
1685	359636
1686	360241
1687	360916
1688	361481
1689	361843
1690	362179
1691	362739
1692	363432
1693	364071
1694	364692
1695	365249
1696	365595
1697	365970
1698	366538
1699	367135
1700	367710
1701	368340
1702	368866
1703	369181
1704	369566
1705	370063
1706	370660
1707	371359
1708	371981
1709	372576
1710	372967
1711	373339
1712	373918
1713	374595
1714	375216
1715	375833
1716	376422
1717	376799
1718	377196
1719	377750
1720	378371
1721	378993
1722	379630
1723	380190
1724	380591
1725	380943
1726	381528
1727	382163
1728	382829
1729	383482
1730	384039
1731	384403
1732	384778
1733	385359
1734	385932
1735	386461
1736	387067
1737	387604
1738	387963
1739	388274
1740	388803
1741	389357
1742	389903
1743	390494
1744	390997
1745	391309
1746	391627
1747	392201
1748	392776
1749	393409
1750	394041
1751	394582
1752	394899
1753	395213
1754	395759
1755	396360
1756	396925
1757	397495
1758	397985
1759	398269
1760	398542
1761	399033
1762	399594
1763	400179
1764	400764
1765	401325
1766	401646
1767	401942
1768	402412
1769	402997
1770	403575
1771	404172
1772	404699
1773	404997
1774	405290
1775	405794
1776	406322
1777	406923
1778	407505
1779	408036
1780	408342
1781	408606
1782	409135
1783	409739
1784	410324
1785	410924
1786	411455
1787	411736
1788	412018
1789	412536
1790	413110
1791	413704
1792	414311
1793	414841
1794	415119
1795	415418
1796	415945
1797	416503
1798	417124
1799	417622
1800	418147
1801	418401
1802	418648
1803	419174
1804	419748
1805	420352
1806	420950
1807	421480
1808	421748
1809	422024
1810	422592
1811	423205
1812	423846
1813	424414
1814	424942
1815	425221
1816	425487
1817	425989
1818	426657
1819	427278
1820	427863
1821	428388
1822	428665
1823	428926
1824	429457
1825	430053
1826	430651
1827	431296
1828	431828
1829	432121
1830	432406
1831	432892
1832	433460
1833	434057
1834	434639
1835	435154
1836	435420
1837	435700
1838	436210
1839	436803
1840	437405
1841	437909
1842	438420
1843	438711
1844	439022
1845	439528
1846	440091
1847	440629
1848	441228
1849	441788
1850	442111
1851	442446
1852	443040
1853	443610
1854	444256
1855	444879
1856	445434
1857	445742
1858	446049
1859	446597
1860	447197
1861	447874
1862	448512
1863	449083
1864	449391
1865	449736
1866	450283
1867	450897
1868	451547
1869	452202
1870	452840
1871	453165
1872	453518
1873	454140
1874	454773
1875	455438
1876	456094
1877	456658
1878	456995
1879	457397
1880	458017
1881	458692
1882	459370
1883	460050
1884	460664
1885	461045
1886	461438
1887	462031
1888	462677
1889	463264
1890	463950
1891	464566
1892	464955
1893	465362
1894	465979
1895	466693
1896	467431
1897	468101
1898	468724
1899	469095
1900	469457
1901	470045
1902	470715
1903	471410
1904	472132
1905	472736
1906	473127
1907	473552
1908	474286
1909	475013
1910	475757
1911	476486
1912	477114
1913	477516
1914	477953
1915	478645
1916	479401
1917	480123
1918	480790
1919	481313
1920	481678
1921	482060
1922	482690
1923	483382
1924	484119
1925	484820
1926	485495
1927	485947
1928	486377
1929	487051
1930	487842
1931	488560
1932	489257
1933	489935
1934	490369
1935	490850
1936	491649
1937	492390
1938	493187
1939	493950
1940	494666
1941	495146
1942	495599
1943	496328
1944	497149
1945	497901
1946	498581
1947	499187
1948	499581
1949	499997
1950	500678
1951	501476
1952	502237
1953	503036
1954	503723
1955	504184
1956	504619
1957	505342
1958	506129
1959	506945
1960	507698
1961	508412
1962	508795
1963	509188
1964	509828
1965	510537
1966	511232
1967	511924
1968	512527
1969	512836
1970	513193
1971	513750
1972	514186
1973	514497
1974	514963
1975	515482
1976	515829
1977	516158
1978	516694
1979	517087
1980	517379
1981	517957
1982	518571
1983	518936
1984	519334
1985	519984
1986	520658
1987	521407
1988	522074
1989	522759
1990	523207
1991	523621
1992	524212
1993	524841
1994	525601
1995	526319
1996	527024
1997	527411
1998	527851
1999	528560
2000	529271
2001	530035
2002	530743
2003	531381
2004	531817
2005	532257
2006	532973
2007	533714
2008	534480
2009	535164
2010	535837
2011	536230
2012	536633
2013	537327
2014	538093
2015	538867
2016	539659
2017	540411
2018	540873
2019	541317
2020	542077
2021	542898
2022	543678
2023	544470
2024	545148
2025	545613
2026	546085
2027	546838
2028	547662
2029	548471
2030	549279
2031	550088
2032	550656
2033	551220
2034	552011
2035	552801
2036	553626
2037	554436
2038	555234
2039	555704
2040	556174
2041	556931
2042	557810
2043	558675
2044	559573
2045	560333
2046	560797
2047	561258
2048	562063
2049	562909
2050	563784
2051	564667
2052	565392
2053	565902
2054	566421
2055	567185
2056	568001
2057	568816
2058	569644
2059	570391
2060	570908
2061	571427
2062	572229
2063	573088
2064	573935
2065	574780
2066	575560
2067	576033
2068	576545
2069	577316
2070	578163
2071	578959
2072	579761
2073	580557
2074	581012
2075	581545
2076	582382
2077	583198
2078	584059
2079	584886
2080	585674
2081	586113
2082	586583
2083	587340
2084	588164
2085	588959
2086	589680
2087	590292
2088	590788
2089	591238
2090	591904
2091	592737
2092	593563
2093	594359
2094	595172
2095	595586
2096	596074
2097	596824
2098	597575
2099	598295
2100	598868
2101	599553
2102	599976
2103	600355
2104	601072
2105	601813
2106	602550
2107	603321
2108	603969
2109	604374
2110	604785
2111	605474
2112	606207
2113	606910
2114	607654
2115	608088
2116	608437
2117	608808
2118	609465
2119	610204
2120	610921
2121	611584
2122	612279
2123	612627
2124	612979
2125	613562
2126	614202
2127	614871
2128	615468
2129	616125
2130	616430
2131	616796
2132	617358
2133	618023
2134	618697
2135	619378
2136	619957
2137	620269
2138	620623
2139	621190
2140	621863
2141	622527
2142	623173
2143	623744
2144	624072
2145	624417
2146	624929
2147	625578
2148	626268
2149	626912
2150	627498
2151	627801
2152	628110
2153	628735
2154	629395
2155	630058
2156	630723
2157	631328
2158	631597
2159	631905
2160	632532
2161	633159
2162	633797
2163	634486
2164	634972
2165	635279
2166	635607
2167	636270
2168	636916
2169	637637
2170	638322
2171	638922
2172	639259
2173	639592
2174	640223
2175	640898
2176	641616
2177	642341
2178	642931
2179	643286
2180	643615
2181	644239
2182	644882
2183	645591
2184	646305
2185	646927
2186	647257
2187	647599
2188	648206
2189	648830
2190	649466
2191	650100
2192	650705
2193	651079
2194	651393
2195	652036
2196	652645
2197	653256
2198	653954
2199	654564
2200	654904
2201	655231
2202	655857
2203	656518
2204	657138
2205	657762
2206	658213
2207	658520
2208	658798
2209	659373
2210	659970
2211	660586
2212	661211
2213	661766
2214	662069
2215	662382
2216	662943
2217	663585
2218	664216
2219	664847
2220	665381
2221	665686
2222	665990
2223	666541
2224	667135
2225	667773
2226	668409
2227	669015
2228	669374
2229	669713
2230	670346
2231	670987
2232	671685
2233	672344
2234	672955
2235	673290
2236	673644
2237	674237
2238	674888
2239	675617
2240	676304
2241	676950
2242	677293
2243	677644
2244	678229
2245	678890
2246	679545
2247	680239
2248	680855
2249	681202
2250	681554
2251	682202
2252	682870
2253	683542
2254	684096
2255	684627
2256	684955
2257	685324
2258	685866
2259	686500
2260	687177
2261	687852
2262	688455
2263	688840
2264	689253
2265	689882
2266	690541
2267	691230
2268	691925
2269	692540
2270	692937
2271	693357
2272	694001
2273	694673
2274	695401
2275	696080
2276	696718
2277	697105
2278	697541
2279	698173
2280	698884
2281	699597
2282	700341
2283	700960
2284	701256
2285	701671
2286	702351
2287	703078
2288	703821
2289	704540
2290	705224
2291	705627
2292	706077
2293	706774
2294	707468
2295	708203
2296	708881
2297	709524
2298	709948
2299	710337
2300	711054
2301	711806
2302	712526
2303	713275
2304	713953
2305	714365
2306	714838
2307	715529
2308	716266
2309	716996
2310	717601
2311	718137
2312	718545
2313	719013
2314	719679
2315	720371
2316	721132
2317	721854
2318	722539
2319	722970
2320	723472
2321	724130
2322	724913
2323	725644
2324	726332
2325	726926
2326	727333
2327	727725
2328	728297
2329	728961
2330	729569
2331	730209
2332	730784
2333	731134
2334	731448
2335	731997
2336	732535
2337	732949
2338	733227
2339	733614
2340	733921
2341	734238
2342	734679
2343	735194
2344	735575
2345	735857
2346	736299
2347	736630
2348	736998
2349	737523
2350	738130
2351	738763
2352	739468
2353	740068
2354	740435
2355	740816
2356	741443
2357	742085
2358	742722
2359	743348
2360	743958
2361	744324
2362	744716
2363	745347
2364	746035
2365	746718
2366	747361
2367	747989
2368	748324
2369	748694
2370	749229
2371	749895
2372	750572
2373	751286
2374	751909
2375	752281
2376	752693
2377	753302
2378	754012
2379	754708
2380	755416
2381	756041
2382	756459
2383	756878
2384	757471
2385	758177
2386	758892
2387	759626
2388	760255
2389	760593
2390	760985
2391	761606
2392	762309
2393	763025
2394	763771
2395	764460
2396	764914
2397	765347
2398	766046
2399	766778
2400	767451
2401	768142
2402	768801
2403	769207
2404	769666
2405	770403
2406	771145
2407	771879
2408	772556
2409	773269
2410	773744
2411	774226
2412	775041
2413	775800
2414	776623
2415	777444
2416	778264
2417	778797
2418	779310
2419	780076
2420	780936
2421	781778
2422	782570
2423	783242
2424	783710
2425	784197
2426	784989
2427	785850
2428	786692
2429	787513
2430	788240
2431	788704
2432	789219
2433	790023
2434	790820
2435	791639
2436	792396
2437	793081
2438	793550
2439	794030
2440	794692
2441	795477
2442	796275
2443	797109
2444	797861
2445	798341
2446	798792
2447	799588
2448	800413
2449	801236
2450	802123
2451	802899
2452	803387
2453	803888
2454	804724
2455	805585
2456	806504
2457	807331
2458	808115
2459	808593
2460	809147
2461	809954
2462	810748
2463	811546
2464	812315
2465	812973
2466	813433
2467	813986
2468	814766
2469	815518
2470	816383
2471	817190
2472	817909
2473	818337
2474	818784
2475	819547
2476	820372
2477	821140
2478	821904
2479	822614
2480	823019
2481	823459
2482	824212
2483	825002
2484	825795
2485	826583
2486	827258
2487	827661
2488	828069
2489	828670
2490	829432
2491	830247
2492	831028
2493	831723
2494	832138
2495	832560
2496	833231
2497	834001
2498	834805
2499	835567
2500	836258
2501	836623
2502	837068
2503	837777
2504	838611
2505	839439
2506	840263
2507	840944
2508	841313
2509	841695
2510	842349
2511	843093
2512	843871
2513	844653
2514	845316
2515	845746
2516	846145
2517	846821
2518	847606
2519	848405
2520	849234
2521	849935
2522	850313
2523	850730
2524	851481
2525	852235
2526	853028
2527	853830
2528	854445
2529	854806
2530	855177
2531	855905
2532	856706
2533	857523
2534	858350
2535	859084
2536	859501
2537	859913
2538	860687
2539	861504
2540	862313
2541	863044
2542	863631
2543	863977
2544	864333
2545	865076
2546	865862
2547	866694
2548	867549
2549	868269
2550	868637
2551	869032
2552	869792
2553	870618
2554	871487
2555	872264
2556	872922
2557	873305
2558	873654
2559	874364
2560	875124
2561	875924
2562	876684
2563	877344
2564	877688
2565	878043
2566	878736
2567	879556
2568	880335
2569	881100
2570	881744
2571	882055
2572	882432
2573	883110
2574	883880
2575	884645
2576	885439
2577	886081
2578	886459
2579	886849
2580	887540
2581	888319
2582	889067
2583	889849
2584	890505
2585	890866
2586	891244
2587	891871
2588	892585
2589	893339
2590	894068
2591	894676
2592	895029
2593	895374
2594	895976
2595	896677
2596	897405
2597	898158
2598	898895
2599	899298
2600	899697
2601	900394
2602	901125
2603	901945
2604	902605
2605	903310
2606	903702
2607	904097
2608	904760
2609	905560
2610	906313
2611	907020
2612	907674
2613	908078
2614	908533
2615	909229
2616	910009
2617	910778
2618	911545
2619	912200
2620	912643
2621	913060
2622	913754
2623	914491
2624	915337
2625	916151
2626	916893
2627	917346
2628	917824
2629	918497
2630	919208
2631	920009
2632	920815
2633	921515
2634	921961
2635	922427
2636	923145
2637	923956
2638	924752
2639	925508
2640	926213
2641	926682
2642	927160
2643	927980
2644	928825
2645	929633
2646	930414
2647	931074
2648	931489
2649	931940
2650	932669
2651	933424
2652	934202
2653	935023
2654	935690
2655	936140
2656	936622
2657	937385
2658	938065
2659	938719
2660	939522
2661	940228
2662	940654
2663	941139
2664	941875
2665	942708
2666	943552
2667	944402
2668	945152
2669	945592
2670	946056
2671	946821
2672	947609
2673	948382
2674	949117
2675	949731
2676	950189
2677	950675
2678	951441
2679	952238
2680	953028
2681	953850
2682	954619
2683	955087
2684	955606
2685	956313
2686	957120
2687	957885
2688	958660
2689	959365
2690	959866
2691	960334
2692	961005
2693	961811
2694	962522
2695	963194
2696	963812
2697	964134
2698	964499
2699	965125
2700	965760
2701	966400
2702	966840
2703	967149
2704	967434
2705	967795
2706	968329
2707	968953
2708	969505
2709	969936
2710	970207
2711	970553
2712	970917
2713	971490
2714	972201
2715	972879
2716	973616
2717	974282
2718	974708
2719	975147
2720	975894
2721	976638
2722	977408
2723	978163
2724	978773
2725	979186
2726	979572
2727	980248
2728	980987
2729	981767
2730	982513
2731	983215
2732	983620
2733	984018
2734	984726
2735	985404
2736	986187
2737	987013
2738	987740
2739	988139
2740	988604
2741	989298
2742	990028
2743	990766
2744	991564
2745	992285
2746	992761
2747	993221
2748	993995
2749	994772
2750	995626
2751	996455
2752	997288
2753	997741
2754	998244
2755	999026
2756	999899
2757	1000829
2758	1001725
2759	1002495
2760	1002975
2761	1003519
2762	1004376
2763	1005285
2764	1006208
2765	1007191
2766	1008086
2767	1008670
2768	1009228
2769	1010089
2770	1011066
2771	1012091
2772	1013107
2773	1014026
2774	1014628
2775	1014728
