1	1
2	1
3	1
4	1
5	1
6	1
7	1
8	1
9	1
10	1
11	1
12	1
13	1
14	1
15	1
16	1
17	1
18	1
19	1
20	1
21	1
22	1
23	1
24	1
25	1
26	1
27	1
28	1
29	1
30	1
31	1
32	1
33	1
34	1
35	1
36	1
37	1
38	1
39	1
40	1
41	1
42	1
43	1
44	1
45	1
46	1
47	1
48	1
49	1
50	1
51	1
52	1
53	1
54	1
55	1
56	1
57	1
58	1
59	1
60	1
61	1
62	1
63	1
64	1
65	1
66	1
67	1
68	1
69	1
70	1
71	1
72	1
73	1
74	1
75	1
76	1
77	1
78	1
79	1
80	1
81	1
82	1
83	1
84	1
85	1
86	1
87	1
88	1
89	1
90	1
91	1
92	1
93	1
94	1
95	1
96	1
97	1
98	1
99	1
100	1
101	1
102	1
103	1
104	1
105	1
106	1
107	1
108	1
109	1
110	1
111	1
112	1
113	1
114	1
115	1
116	1
117	1
118	1
119	1
120	1
121	1
122	1
123	1
124	1
125	1
126	1
127	1
128	1
129	1
130	1
131	1
132	1
133	1
134	1
135	1
136	1
137	1
138	1
139	1
140	1
141	1
142	1
143	1
144	1
145	1
146	1
147	1
148	1
149	1
150	1
151	1
152	1
153	1
154	1
155	1
156	2
157	2
158	2
159	2
160	2
161	2
162	2
163	2
164	2
165	2
166	2
167	2
168	2
169	2
170	2
171	2
172	2
173	2
174	2
175	2
176	2
177	2
178	2
179	2
180	2
181	2
182	2
183	2
184	2
185	2
186	2
187	2
188	2
189	2
190	2
191	2
192	2
193	2
194	2
195	2
196	2
197	2
198	2
199	2
200	2
201	2
202	2
203	2
204	2
205	2
206	2
207	2
208	2
209	2
210	2
211	2
212	2
213	2
214	2
215	2
216	2
217	2
218	2
219	2
220	2
221	2
222	2
223	2
224	2
225	2
226	2
227	2
228	2
229	2
230	2
231	2
232	2
233	2
234	2
235	2
236	2
237	2
238	2
239	2
240	2
241	2
242	2
243	2
244	2
245	2
246	2
247	2
248	2
249	2
250	2
251	2
252	2
253	2
254	2
255	2
256	2
257	2
258	2
259	2
260	2
261	2
262	2
263	2
264	2
265	2
266	2
267	2
268	2
269	2
270	2
271	2
272	2
273	2
274	2
275	2
276	2
277	2
278	2
279	2
280	2
281	2
282	2
283	2
284	2
285	2
286	2
287	2
288	2
289	2
290	2
291	2
292	2
293	2
294	2
295	2
296	2
297	2
298	2
299	2
300	2
301	2
302	2
303	2
304	2
305	2
306	2
307	2
308	2
309	2
310	2
311	2
312	2
313	2
314	2
315	2
316	2
317	2
318	2
319	2
320	2
321	2
322	2
323	2
324	2
325	2
326	2
327	2
328	2
329	2
330	2
331	2
332	2
333	2
334	2
335	2
336	2
337	2
338	2
339	2
340	2
341	2
342	2
343	2
344	2
345	2
346	2
347	2
348	2
349	2
350	2
351	2
352	2
353	2
354	2
355	2
356	2
357	2
358	2
359	2
360	2
361	2
362	2
363	2
364	2
365	2
366	2
367	2
368	2
369	2
370	2
371	2
372	2
373	2
374	2
375	2
376	2
377	2
378	2
379	2
380	2
381	2
382	2
383	2
384	2
385	2
386	2
387	2
388	2
389	2
390	2
391	2
392	2
393	2
394	2
395	2
396	2
397	2
398	2
399	2
400	2
401	2
402	2
403	2
404	2
405	2
406	2
407	2
408	2
409	2
410	2
411	2
412	2
413	2
414	2
415	2
416	2
417	2
418	2
419	2
420	2
421	2
422	2
423	2
424	2
425	2
426	2
427	2
428	2
429	2
430	2
431	2
432	2
433	2
434	2
435	2
436	2
437	2
438	2
439	2
440	2
441	2
442	2
443	2
444	2
445	2
446	2
447	2
448	2
449	2
450	2
451	2
452	2
453	2
454	2
455	2
456	2
457	2
458	2
459	2
460	2
461	2
462	2
463	2
464	2
465	2
466	2
467	2
468	2
469	2
470	2
471	2
472	2
473	2
474	2
475	2
476	2
477	2
478	2
479	2
480	2
481	2
482	2
483	2
484	2
485	2
486	2
487	2
488	2
489	2
490	2
491	2
492	2
493	2
494	2
495	2
496	2
497	2
498	2
499	2
500	2
501	2
502	2
503	2
504	2
505	2
506	2
507	2
508	2
509	2
510	2
511	2
512	2
513	2
514	2
515	2
516	2
517	2
518	2
519	2
520	2
521	2
522	2
523	2
524	2
525	2
526	2
527	2
528	2
529	2
530	2
531	2
532	2
533	2
534	2
535	2
536	2
537	2
538	2
539	2
540	2
541	2
542	2
543	2
544	2
545	2
546	2
547	2
548	2
549	2
550	2
551	2
552	2
553	2
554	2
555	2
556	2
557	2
558	2
559	2
560	2
561	2
562	2
563	2
564	2
565	3
566	3
567	3
568	3
569	3
570	3
571	3
572	3
573	3
574	4
575	4
576	4
577	4
578	4
579	4
580	4
581	4
582	4
583	4
584	4
585	4
586	7
587	8
588	8
589	8
590	8
591	9
592	9
593	9
594	9
595	9
596	9
597	9
598	10
599	10
600	10
601	10
602	10
603	10
604	10
605	10
606	10
607	10
608	10
609	10
610	10
611	12
612	13
613	13
614	13
615	13
616	13
617	13
618	13
619	13
620	13
621	13
622	13
623	13
624	13
625	13
626	13
627	13
628	13
629	13
630	13
631	14
632	14
633	14
634	14
635	14
636	14
637	14
638	14
639	14
640	14
641	14
642	14
643	14
644	14
645	14
646	14
647	14
648	14
649	14
650	14
651	14
652	14
653	14
654	14
655	14
656	14
657	14
658	14
659	14
660	14
661	14
662	14
663	14
664	14
665	14
666	14
667	14
668	14
669	14
670	14
671	14
672	14
673	14
674	14
675	14
676	14
677	14
678	14
679	14
680	14
681	14
682	14
683	14
684	14
685	14
686	14
687	14
688	14
689	14
690	14
691	14
692	14
693	14
694	14
695	14
696	14
697	14
698	14
699	14
700	14
701	14
702	14
703	14
704	14
705	14
706	14
707	14
708	14
709	14
710	14
711	14
712	14
713	14
714	14
715	14
716	14
717	14
718	14
719	14
720	14
721	14
722	14
723	14
724	14
725	14
726	14
727	14
728	14
729	14
730	14
731	14
732	14
733	14
734	15
735	15
736	15
737	15
738	17
739	19
740	19
741	19
742	19
743	19
744	19
745	19
746	19
747	19
748	19
749	19
750	19
751	19
752	19
753	19
754	19
755	19
756	19
757	19
758	19
759	19
760	19
761	19
762	19
763	19
764	19
765	19
766	19
767	19
768	19
769	19
770	19
771	19
772	19
773	19
774	19
775	19
776	19
777	19
778	19
779	19
780	19
781	19
782	19
783	19
784	19
785	19
786	19
787	19
788	19
789	19
790	19
791	19
792	19
793	19
794	19
795	19
796	19
797	19
798	19
799	19
800	19
801	19
802	19
803	19
804	19
805	19
806	19
807	19
808	19
809	19
810	19
811	19
812	19
813	19
814	19
815	19
816	19
817	19
818	19
819	19
820	19
821	19
822	19
823	19
824	19
825	19
826	19
827	19
828	19
829	19
830	19
831	19
832	19
833	19
834	19
835	19
836	19
837	19
838	19
839	19
840	19
841	19
842	21
843	21
844	21
845	21
846	21
847	21
848	21
849	22
850	22
851	23
852	23
853	23
854	24
855	24
856	25
857	25
858	25
859	25
860	25
861	25
862	25
863	25
864	25
865	25
866	25
867	25
868	25
869	25
870	25
871	25
872	25
873	26
874	26
875	27
876	27
877	27
878	27
879	27
880	27
881	27
882	27
883	27
884	27
885	27
886	27
887	27
888	27
889	27
890	27
891	27
892	27
893	27
894	27
895	27
896	27
897	27
898	27
899	27
900	27
901	27
902	27
903	27
904	27
905	27
906	27
907	27
908	27
909	27
910	27
911	28
912	28
913	28
914	29
915	29
916	29
917	29
918	29
919	29
920	29
921	29
922	29
923	29
924	29
925	29
926	29
927	29
928	29
929	30
930	30
931	30
932	30
933	30
934	30
935	30
936	30
937	30
938	30
939	30
940	30
941	30
942	30
943	30
944	30
945	30
946	30
947	30
948	30
949	32
950	32
951	32
952	32
953	32
954	32
955	32
956	32
957	32
958	32
959	32
960	32
961	33
962	33
963	33
964	33
965	33
966	33
967	33
968	33
969	33
970	33
971	33
972	33
973	34
974	34
975	35
976	35
977	35
978	35
979	37
980	37
981	37
982	37
983	37
984	38
985	38
986	38
987	38
988	38
989	38
990	38
991	39
992	39
993	39
994	39
995	39
996	39
997	39
998	39
999	39
1000	39
1001	39
1002	40
1003	40
1004	40
1005	42
1006	42
1007	42
1008	42
1009	42
1010	44
1011	46
1012	46
1013	46
1014	46
1015	46
1016	46
1017	46
1018	46
1019	46
1020	47
1021	48
1022	48
1023	48
1024	49
1025	51
1026	52
1027	52
1028	52
1029	53
1030	53
1031	53
1032	53
1033	53
1034	55
1035	55
1036	55
1037	55
1038	56
1039	57
1040	57
1041	57
1042	57
1043	57
1044	58
1045	58
1046	58
1047	59
1048	59
1049	60
1050	62
1051	64
1052	68
1053	70
1054	70
1055	70
1056	73
1057	73
1058	74
1059	74
1060	75
1061	77
1062	78
1063	79
1064	79
1065	79
1066	79
1067	80
1068	81
1069	82
1070	82
1071	82
1072	82
1073	82
1074	82
1075	82
1076	82
1077	82
1078	82
1079	82
1080	82
1081	82
1082	82
1083	83
1084	83
1085	84
1086	84
1087	84
1088	84
1089	84
1090	84
1091	85
1092	85
1093	86
1094	86
1095	87
1096	89
1097	89
1098	89
1099	90
1100	90
1101	90
1102	91
1103	91
1104	91
1105	92
1106	93
1107	93
1108	93
1109	93
1110	93
1111	93
1112	94
1113	94
1114	95
1115	95
1116	96
1117	97
1118	97
1119	97
1120	97
1121	97
1122	98
1123	98
1124	100
1125	101
1126	102
1127	102
1128	104
1129	104
1130	104
1131	104
1132	104
1133	104
1134	104
1135	104
1136	104
1137	104
1138	104
1139	105
1140	105
1141	106
1142	106
1143	106
1144	107
1145	107
1146	107
1147	109
1148	109
1149	109
1150	109
1151	109
1152	109
1153	109
1154	110
1155	110
1156	110
1157	111
1158	111
1159	111
1160	111
1161	111
1162	111
1163	112
1164	112
1165	112
1166	112
1167	112
1168	112
1169	112
1170	113
1171	113
1172	114
1173	115
1174	115
1175	115
1176	115
1177	116
1178	117
1179	118
1180	118
1181	118
1182	118
1183	118
1184	118
1185	118
1186	120
1187	120
1188	120
1189	120
1190	120
1191	120
1192	121
1193	121
1194	121
1195	122
1196	122
1197	125
1198	126
1199	126
1200	126
1201	127
1202	129
1203	130
1204	130
1205	131
1206	136
1207	136
1208	136
1209	140
1210	141
1211	141
1212	143
1213	143
1214	143
1215	144
1216	144
1217	144
1218	144
1219	145
1220	145
1221	145
1222	146
1223	148
1224	149
1225	149
1226	149
1227	149
1228	149
1229	150
1230	150
1231	150
1232	151
1233	151
1234	151
1235	152
1236	152
1237	152
1238	152
1239	152
1240	152
1241	152
1242	152
1243	152
1244	153
1245	153
1246	153
1247	154
1248	156
1249	158
1250	159
1251	159
1252	159
1253	160
1254	160
1255	160
1256	160
1257	160
1258	160
1259	160
1260	160
1261	161
1262	161
1263	162
1264	162
1265	162
1266	162
1267	163
1268	163
1269	164
1270	164
1271	164
1272	165
1273	165
1274	166
1275	168
1276	171
1277	171
1278	171
1279	172
1280	173
1281	174
1282	176
1283	177
1284	178
1285	178
1286	180
1287	181
1288	185
1289	187
1290	187
1291	188
1292	189
1293	190
1294	192
1295	194
1296	196
1297	196
1298	198
1299	202
1300	202
1301	204
1302	204
1303	205
1304	206
1305	207
1306	207
1307	208
1308	211
1309	212
1310	214
1311	214
1312	215
1313	217
1314	217
1315	217
1316	218
1317	218
1318	219
1319	220
1320	220
1321	221
1322	221
1323	224
1324	226
1325	227
1326	228
1327	229
1328	230
1329	231
1330	232
1331	232
1332	234
1333	234
1334	236
1335	236
1336	240
1337	240
1338	241
1339	244
1340	245
1341	247
1342	247
1343	250
1344	250
1345	250
1346	251
1347	251
1348	252
1349	253
1350	253
1351	254
1352	254
1353	254
1354	256
1355	257
1356	257
1357	257
1358	258
1359	258
1360	259
1361	259
1362	261
1363	261
1364	261
1365	262
1366	265
1367	265
1368	265
1369	266
1370	269
1371	269
1372	270
1373	271
1374	272
1375	273
1376	275
1377	276
1378	278
1379	280
1380	282
1381	283
1382	284
1383	284
1384	284
1385	288
1386	288
1387	288
1388	289
1389	290
1390	297
1391	299
1392	302
1393	303
1394	307
1395	310
1396	310
1397	312
1398	312
1399	312
1400	312
1401	313
1402	316
1403	316
1404	317
1405	320
1406	321
1407	322
1408	322
1409	324
1410	324
1411	326
1412	327
1413	330
1414	332
1415	334
1416	337
1417	339
1418	339
1419	340
1420	343
1421	344
1422	344
1423	347
1424	347
1425	347
1426	349
1427	350
1428	352
1429	352
1430	352
1431	358
1432	359
1433	360
1434	363
1435	364
1436	367
1437	369
1438	369
1439	371
1440	373
1441	379
1442	381
1443	382
1444	383
1445	384
1446	387
1447	391
1448	392
1449	393
1450	396
1451	397
1452	397
1453	397
1454	403
1455	408
1456	409
1457	411
1458	413
1459	415
1460	419
1461	421
1462	423
1463	424
1464	427
1465	430
1466	431
1467	432
1468	435
1469	440
1470	445
1471	448
1472	450
1473	454
1474	457
1475	460
1476	462
1477	466
1478	467
1479	472
1480	476
1481	480
1482	484
1483	485
1484	488
1485	490
1486	491
1487	497
1488	499
1489	501
1490	508
1491	518
1492	521
1493	526
1494	532
1495	535
1496	544
1497	550
1498	555
1499	558
1500	561
1501	564
1502	570
1503	574
1504	580
1505	583
1506	585
1507	589
1508	593
1509	594
1510	597
1511	601
1512	603
1513	607
1514	614
1515	617
1516	621
1517	627
1518	634
1519	635
1520	640
1521	641
1522	641
1523	648
1524	650
1525	652
1526	653
1527	656
1528	660
1529	661
1530	662
1531	666
1532	671
1533	675
1534	680
1535	680
1536	683
1537	686
1538	686
1539	687
1540	693
1541	698
1542	705
1543	707
1544	709
1545	711
1546	716
1547	720
1548	722
1549	728
1550	734
1551	739
1552	745
1553	752
1554	759
1555	767
1556	770
1557	780
1558	788
1559	799
1560	804
1561	807
1562	812
1563	817
1564	821
1565	824
1566	830
1567	837
1568	841
1569	848
1570	852
1571	860
1572	868
1573	877
1574	880
1575	888
1576	889
1577	898
1578	901
1579	903
1580	906
1581	909
1582	914
1583	917
1584	917
1585	919
1586	922
1587	926
1588	927
1589	935
1590	940
1591	949
1592	961
1593	967
1594	970
1595	976
1596	984
1597	991
1598	1005
1599	1011
1600	1016
1601	1020
1602	1025
1603	1029
1604	1034
1605	1037
1606	1043
1607	1050
1608	1054
1609	1060
1610	1065
1611	1073
1612	1076
1613	1078
1614	1084
1615	1093
1616	1096
1617	1099
1618	1102
1619	1109
1620	1118
1621	1126
1622	1132
1623	1140
1624	1146
1625	1148
1626	1150
1627	1156
1628	1162
1629	1169
1630	1173
1631	1178
1632	1183
1633	1188
1634	1194
1635	1202
1636	1202
1637	1209
1638	1212
1639	1217
1640	1222
1641	1227
1642	1234
1643	1239
1644	1243
1645	1251
1646	1257
1647	1271
1648	1281
1649	1289
1650	1295
1651	1301
1652	1307
1653	1316
1654	1324
1655	1332
1656	1344
1657	1349
1658	1358
1659	1364
1660	1372
1661	1385
1662	1391
1663	1399
1664	1412
1665	1423
1666	1431
1667	1434
1668	1443
1669	1449
1670	1458
1671	1469
1672	1474
1673	1479
1674	1482
1675	1490
1676	1498
1677	1505
1678	1510
1679	1515
1680	1519
1681	1522
1682	1530
1683	1540
1684	1543
1685	1550
1686	1557
1687	1565
1688	1572
1689	1584
1690	1589
1691	1597
1692	1599
1693	1599
1694	1603
1695	1607
1696	1612
1697	1619
1698	1623
1699	1628
1700	1633
1701	1634
1702	1645
1703	1649
1704	1656
1705	1664
1706	1668
1707	1675
1708	1681
1709	1688
1710	1693
1711	1694
1712	1699
1713	1703
1714	1706
1715	1710
1716	1718
1717	1724
1718	1733
1719	1744
1720	1754
1721	1760
1722	1762
1723	1769
1724	1773
1725	1777
1726	1780
1727	1786
1728	1791
1729	1799
1730	1806
1731	1811
1732	1818
1733	1827
1734	1835
1735	1841
1736	1847
1737	1853
1738	1863
1739	1867
1740	1874
1741	1888
1742	1892
1743	1898
1744	1903
1745	1906
1746	1910
1747	1914
1748	1920
1749	1926
1750	1932
1751	1938
1752	1947
1753	1952
1754	1964
1755	1968
1756	1977
1757	1985
1758	1996
1759	2002
1760	2008
1761	2012
1762	2018
1763	2024
1764	2028
1765	2034
1766	2037
1767	2042
1768	2047
1769	2052
1770	2059
1771	2067
1772	2076
1773	2087
1774	2098
1775	2104
1776	2116
1777	2126
1778	2133
1779	2142
1780	2154
1781	2165
1782	2175
1783	2185
1784	2192
1785	2207
1786	2220
1787	2229
1788	2239
1789	2247
1790	2254
1791	2259
1792	2271
1793	2280
1794	2284
1795	2290
1796	2292
1797	2302
1798	2313
1799	2326
1800	2336
1801	2341
1802	2347
1803	2360
1804	2369
1805	2375
1806	2381
1807	2389
1808	2394
1809	2402
1810	2412
1811	2419
1812	2425
1813	2433
1814	2445
1815	2455
1816	2460
1817	2469
1818	2478
1819	2487
1820	2503
1821	2512
1822	2518
1823	2524
1824	2534
1825	2548
1826	2553
1827	2557
1828	2564
1829	2572
1830	2580
1831	2588
1832	2593
1833	2598
1834	2602
1835	2606
1836	2614
1837	2623
1838	2628
1839	2633
1840	2639
1841	2647
1842	2654
1843	2660
1844	2664
1845	2669
1846	2674
1847	2681
1848	2683
1849	2689
1850	2695
1851	2699
1852	2705
1853	2713
1854	2716
1855	2723
1856	2726
1857	2730
1858	2737
1859	2741
1860	2747
1861	2752
1862	2758
1863	2766
1864	2770
1865	2777
1866	2784
1867	2793
1868	2804
1869	2807
1870	2813
1871	2816
1872	2822
1873	2829
1874	2834
1875	2845
1876	2849
1877	2860
1878	2869
1879	2873
1880	2878
1881	2883
1882	2887
1883	2892
1884	2902
1885	2910
1886	2914
1887	2921
1888	2923
1889	2930
1890	2935
1891	2937
1892	2940
1893	2947
1894	2953
1895	2958
1896	2964
1897	2971
1898	2973
1899	2980
1900	2987
1901	2993
1902	2995
1903	3001
1904	3007
1905	3015
1906	3017
1907	3024
1908	3029
1909	3032
1910	3039
1911	3043
1912	3046
1913	3049
1914	3054
1915	3060
1916	3061
1917	3066
1918	3072
1919	3076
1920	3079
1921	3082
1922	3084
1923	3087
1924	3095
1925	3099
1926	3102
1927	3109
1928	3116
1929	3118
1930	3127
1931	3132
1932	3134
1933	3139
1934	3144
1935	3147
1936	3151
1937	3157
1938	3161
1939	3168
1940	3175
1941	3176
1942	3179
1943	3185
1944	3192
1945	3196
1946	3200
1947	3209
1948	3213
1949	3216
1950	3222
1951	3224
1952	3231
1953	3234
1954	3238
1955	3243
1956	3247
1957	3249
1958	3256
1959	3261
1960	3267
1961	3270
1962	3273
1963	3282
1964	3285
1965	3292
1966	3296
1967	3303
1968	3304
1969	3308
1970	3310
1971	3315
1972	3319
1973	3324
1974	3330
1975	3336
1976	3339
1977	3340
1978	3342
1979	3346
1980	3346
1981	3348
1982	3353
1983	3357
1984	3361
1985	3367
1986	3374
1987	3380
1988	3383
1989	3390
1990	3396
1991	3400
1992	3407
1993	3410
1994	3416
1995	3418
1996	3424
1997	3430
1998	3433
1999	3437
2000	3440
2001	3445
2002	3448
2003	3451
2004	3453
2005	3458
2006	3459
2007	3471
2008	3475
2009	3484
2010	3486
2011	3492
2012	3502
2013	3506
2014	3516
2015	3525
2016	3530
2017	3536
2018	3539
2019	3542
2020	3547
2021	3549
2022	3552
2023	3556
2024	3561
2025	3568
2026	3573
2027	3577
2028	3582
2029	3588
2030	3592
2031	3598
2032	3600
2033	3601
2034	3606
2035	3611
2036	3615
2037	3618
2038	3621
2039	3623
2040	3625
2041	3629
2042	3636
2043	3644
2044	3650
2045	3656
2046	3661
2047	3667
2048	3673
2049	3681
2050	3684
2051	3689
2052	3693
2053	3699
2054	3703
2055	3708
2056	3718
2057	3720
2058	3728
2059	3734
2060	3743
2061	3747
2062	3752
2063	3760
2064	3762
2065	3767
2066	3772
2067	3776
2068	3777
