1	11
2	15
3	26
4	31
5	37
6	41
7	42
8	44
9	47
10	50
11	52
12	52
13	53
14	54
15	56
16	57
17	58
18	58
19	59
20	61
21	63
22	63
23	64
24	64
25	66
26	67
27	68
28	68
29	69
30	70
31	71
32	71
33	71
34	71
35	71
36	71
37	71
38	71
39	71
40	71
41	71
42	71
43	71
44	71
45	71
46	71
47	71
48	71
49	72
50	73
51	73
52	73
53	73
54	75
55	76
56	79
57	79
58	79
59	79
60	80
61	81
62	81
63	82
64	82
65	82
66	82
67	82
68	82
69	82
70	82
71	83
72	84
73	84
74	84
75	84
76	84
77	85
78	86
79	86
80	88
81	88
82	88
83	88
84	89
85	90
86	91
87	91
88	91
89	91
90	91
91	91
92	91
93	91
94	92
95	94
96	94
97	94
98	95
99	95
100	95
101	95
102	95
103	95
104	96
105	96
106	96
107	96
108	96
109	96
110	96
111	96
112	96
113	96
114	97
115	99
116	99
117	99
118	100
119	100
120	101
121	101
122	101
123	102
124	102
125	102
126	102
127	102
128	103
129	103
130	103
131	103
132	104
133	104
134	104
135	104
136	104
137	104
138	104
139	104
140	104
141	104
142	104
143	104
144	104
145	104
146	104
147	104
148	105
149	105
150	105
151	105
152	106
153	106
154	106
155	107
156	107
157	107
158	107
159	108
160	108
161	109
162	109
163	109
164	109
165	110
166	111
167	111
168	111
169	111
170	113
171	114
172	114
173	115
174	115
175	115
176	116
177	116
178	117
179	117
180	118
181	118
182	120
183	122
184	122
185	122
186	123
187	123
188	123
189	124
190	124
191	125
192	126
193	127
194	130
195	131
196	131
197	131
198	131
199	131
200	131
201	132
202	132
203	133
204	133
205	133
206	134
207	135
208	135
209	135
210	135
211	135
212	135
213	136
214	136
215	136
216	137
217	138
218	138
219	139
220	139
221	139
222	140
223	140
224	140
225	140
226	141
227	141
228	142
229	146
230	147
231	147
232	147
233	147
234	148
235	149
236	149
237	149
238	149
239	149
240	149
241	149
242	149
243	149
244	149
245	149
246	149
247	149
248	150
249	150
250	151
251	151
252	151
253	151
254	151
255	151
256	151
257	152
258	152
259	153
260	154
261	154
262	155
263	155
264	156
265	158
266	160
267	160
268	161
269	161
270	161
271	161
272	161
273	161
274	161
275	162
276	162
277	162
278	162
279	162
280	162
281	163
282	163
283	163
284	163
285	163
286	163
287	164
288	167
289	167
290	167
291	167
292	167
293	168
294	168
295	168
296	168
297	169
298	169
299	169
300	169
301	169
302	169
303	169
304	169
305	169
306	169
307	169
308	170
309	171
310	171
311	172
312	172
313	172
314	173
315	174
316	174
317	174
318	174
319	174
320	174
321	176
322	176
323	176
324	176
325	177
326	177
327	177
328	177
329	179
330	179
331	179
332	179
333	179
334	180
335	180
336	182
337	183
338	185
339	185
340	185
341	186
342	187
343	187
344	187
345	187
346	187
347	187
348	187
349	187
350	187
351	187
352	188
353	188
354	188
355	188
356	188
357	188
358	188
359	188
360	189
361	189
362	189
363	189
364	190
365	190
366	190
367	190
368	190
369	190
370	190
371	190
372	190
373	192
374	194
375	194
376	194
377	194
378	195
379	195
380	198
381	200
382	201
383	201
384	203
385	204
386	204
387	205
388	205
389	205
390	206
391	206
392	207
393	208
394	209
395	209
396	209
397	210
398	212
399	212
400	214
401	215
402	215
403	215
404	216
405	216
406	218
407	218
408	219
409	220
410	221
411	221
412	221
413	222
414	222
415	222
416	222
417	222
418	222
419	223
420	223
421	223
422	223
423	223
424	225
425	228
426	228
427	228
428	228
429	228
430	228
431	228
432	231
433	231
434	233
435	234
436	234
437	234
438	234
439	234
440	234
441	235
442	235
443	235
444	235
445	236
446	236
447	237
448	237
449	237
450	238
451	238
452	239
453	240
454	240
455	242
456	245
457	245
458	246
459	247
460	247
461	247
462	247
463	249
464	250
465	251
466	251
467	251
468	252
469	252
470	252
471	252
472	253
473	253
474	253
475	253
476	253
477	253
478	253
479	254
480	254
481	254
482	254
483	254
484	254
485	254
486	254
487	254
488	254
489	254
490	254
491	254
492	254
493	254
494	254
495	255
496	255
497	256
498	256
499	256
500	256
501	256
502	256
503	256
504	256
505	256
506	257
507	257
508	257
509	257
510	257
511	257
512	258
513	258
514	258
515	259
516	259
517	259
518	259
519	259
520	260
521	260
522	261
523	261
524	261
525	261
526	261
527	261
528	262
529	262
530	262
531	262
532	263
533	264
534	264
535	264
536	264
537	266
538	266
539	267
540	269
541	269
542	270
543	270
544	271
545	271
546	271
547	271
548	272
549	273
550	276
551	277
552	279
553	279
554	281
555	282
556	283
557	284
558	285
559	285
560	285
561	289
562	291
563	291
564	294
565	296
566	298
567	300
568	301
569	302
570	302
571	304
572	305
573	306
574	306
575	306
576	307
577	307
578	310
579	311
580	313
581	314
582	315
583	316
584	318
585	319
586	319
587	319
588	320
589	324
590	326
591	326
592	329
593	332
594	332
595	332
596	332
597	334
598	335
599	336
600	337
601	338
602	341
603	342
604	346
605	346
606	346
607	347
608	349
609	350
610	351
611	352
612	352
613	353
614	354
615	354
616	354
617	355
618	356
619	356
620	356
621	358
622	358
623	359
624	359
625	359
626	360
627	360
628	360
629	361
630	362
631	363
632	366
633	367
634	367
635	367
636	368
637	369
638	370
639	370
640	374
641	376
642	379
643	383
644	385
645	385
646	385
647	385
648	386
649	386
650	388
651	390
652	391
653	392
654	392
655	392
656	395
657	396
658	397
659	400
660	400
661	400
662	401
663	401
664	402
665	403
666	404
667	405
668	406
669	407
670	408
671	408
672	408
673	409
674	411
675	412
676	414
677	414
678	414
679	417
680	417
681	418
682	420
683	420
684	422
685	422
686	423
687	424
688	426
689	426
690	427
691	427
692	427
693	427
694	427
695	427
696	430
697	430
698	433
699	433
700	435
701	436
702	437
703	438
704	441
705	444
706	446
707	447
708	448
709	448
710	452
711	456
712	458
713	458
714	458
715	460
716	461
717	462
718	465
719	465
720	465
721	467
722	475
723	478
724	478
725	481
726	481
727	486
728	487
729	490
730	491
731	493
732	494
733	494
734	494
735	494
736	496
737	497
738	498
739	498
740	499
741	499
742	505
743	508
744	512
745	515
746	516
747	519
748	525
749	531
750	532
751	535
752	541
753	542
754	545
755	548
756	552
757	556
758	556
759	558
760	559
761	561
762	563
763	563
764	564
765	566
766	568
767	568
768	568
769	568
770	569
771	573
772	576
773	576
774	576
775	576
776	576
777	580
778	580
779	580
780	581
781	584
782	585
783	586
784	587
785	587
786	587
787	589
788	590
789	590
790	592
791	594
792	597
793	598
794	601
795	601
796	603
797	605
798	606
799	607
800	609
801	611
802	613
803	613
804	614
805	614
806	616
807	616
808	617
809	617
810	618
811	619
812	621
813	622
814	624
815	624
816	624
817	624
818	625
819	626
820	626
821	627
822	629
823	632
824	634
825	634
826	635
827	636
828	639
829	641
830	641
831	642
832	644
833	647
834	648
835	650
836	650
837	651
838	652
839	653
840	653
841	653
842	653
843	657
844	660
845	660
846	661
847	663
848	663
849	665
850	668
851	670
852	671
853	671
854	674
855	677
856	678
857	678
858	679
859	680
860	682
861	682
862	684
863	684
864	684
865	685
866	687
867	688
868	689
869	690
870	692
871	695
872	701
873	703
874	703
875	707
876	709
877	715
878	718
879	721
880	724
881	725
882	727
883	728
884	733
885	736
886	741
887	742
888	744
889	748
890	749
891	749
892	749
893	753
894	753
895	755
896	756
897	758
898	759
899	760
900	761
901	763
902	769
903	770
904	774
905	777
906	777
907	777
908	779
909	783
910	786
911	793
912	795
913	796
914	797
915	799
916	802
917	805
918	805
919	806
920	809
921	809
922	810
923	814
924	816
925	820
926	823
927	825
928	825
929	828
930	829
931	829
932	831
933	835
934	837
935	840
936	843
937	844
938	847
939	848
940	849
941	850
942	852
943	855
944	859
945	863
946	865
947	867
948	868
949	871
950	874
951	882
952	883
953	890
954	893
955	894
956	894
957	894
958	898
959	900
960	902
961	903
962	904
963	905
964	908
965	911
966	916
967	919
968	923
969	927
970	929
971	932
972	934
973	938
974	939
975	942
976	948
977	950
978	951
979	951
980	954
981	954
982	956
983	957
984	959
985	960
986	964
987	969
988	972
989	973
990	978
991	979
992	979
993	980
994	983
995	986
996	987
997	991
998	996
999	997
1000	997
1001	999
1002	1000
1003	1003
1004	1004
1005	1005
1006	1007
1007	1011
1008	1013
1009	1013
1010	1014
1011	1018
1012	1020
1013	1020
1014	1022
1015	1023
1016	1025
1017	1038
1018	1040
1019	1041
1020	1045
1021	1046
1022	1048
1023	1049
1024	1051
1025	1053
1026	1060
1027	1063
1028	1065
1029	1069
1030	1072
1031	1075
1032	1081
1033	1082
1034	1082
1035	1087
1036	1090
1037	1093
1038	1101
1039	1108
1040	1112
1041	1114
1042	1118
1043	1126
1044	1129
1045	1136
1046	1141
1047	1146
1048	1146
1049	1151
1050	1157
1051	1161
1052	1167
1053	1174
1054	1177
1055	1179
1056	1185
1057	1186
1058	1188
1059	1189
1060	1195
1061	1197
1062	1199
1063	1201
1064	1203
1065	1208
1066	1216
1067	1222
1068	1222
1069	1227
1070	1231
1071	1234
1072	1237
1073	1240
1074	1244
1075	1246
1076	1247
1077	1253
1078	1255
1079	1258
1080	1261
1081	1263
1082	1266
1083	1270
1084	1275
1085	1278
1086	1281
1087	1284
1088	1287
1089	1289
1090	1291
1091	1292
1092	1297
1093	1303
1094	1307
1095	1311
1096	1313
1097	1318
1098	1321
1099	1323
1100	1325
1101	1326
1102	1334
1103	1337
1104	1337
1105	1340
1106	1344
1107	1347
1108	1360
1109	1366
1110	1367
1111	1370
1112	1372
1113	1376
1114	1380
1115	1383
1116	1384
1117	1387
1118	1392
1119	1393
1120	1396
1121	1399
1122	1407
1123	1411
1124	1415
1125	1418
1126	1424
1127	1433
1128	1436
1129	1439
1130	1445
1131	1451
1132	1456
1133	1460
1134	1463
1135	1465
1136	1469
1137	1470
1138	1474
1139	1474
1140	1479
1141	1479
1142	1480
1143	1484
1144	1486
1145	1491
1146	1494
1147	1497
1148	1500
1149	1503
1150	1505
1151	1508
1152	1512
1153	1516
1154	1521
1155	1522
1156	1527
1157	1532
1158	1533
1159	1536
1160	1537
1161	1545
1162	1546
1163	1548
1164	1551
1165	1555
1166	1559
1167	1561
1168	1567
1169	1570
1170	1573
1171	1576
1172	1579
1173	1581
1174	1582
1175	1585
1176	1589
1177	1590
1178	1596
1179	1601
1180	1606
1181	1611
1182	1617
1183	1621
1184	1629
1185	1632
1186	1636
1187	1639
1188	1642
1189	1645
1190	1653
1191	1654
1192	1657
1193	1658
1194	1661
1195	1670
1196	1678
1197	1681
1198	1682
1199	1684
1200	1687
1201	1689
1202	1692
1203	1694
1204	1700
1205	1707
1206	1711
1207	1714
1208	1716
1209	1719
1210	1725
1211	1728
1212	1733
1213	1735
1214	1738
1215	1742
1216	1748
1217	1752
1218	1756
1219	1764
1220	1771
1221	1778
1222	1782
1223	1785
1224	1790
1225	1795
1226	1799
1227	1801
1228	1803
1229	1805
1230	1806
1231	1812
1232	1815
1233	1821
1234	1826
1235	1832
1236	1837
1237	1838
1238	1838
1239	1842
1240	1845
1241	1852
1242	1855
1243	1858
1244	1861
1245	1868
1246	1871
1247	1876
1248	1879
1249	1881
1250	1886
1251	1890
1252	1898
1253	1903
1254	1912
1255	1915
1256	1923
1257	1926
1258	1928
1259	1936
1260	1942
1261	1946
1262	1947
1263	1951
1264	1954
1265	1959
1266	1964
1267	1965
1268	1970
1269	1972
1270	1977
1271	1980
1272	1982
1273	1984
1274	1987
1275	1991
1276	1999
1277	2002
1278	2005
1279	2009
1280	2016
1281	2023
1282	2027
1283	2034
1284	2036
1285	2039
1286	2044
1287	2047
1288	2055
1289	2065
1290	2069
1291	2073
1292	2077
1293	2083
1294	2084
1295	2092
1296	2095
1297	2100
1298	2108
1299	2110
1300	2115
1301	2126
1302	2133
1303	2149
1304	2153
1305	2160
1306	2164
1307	2167
1308	2171
1309	2175
1310	2179
1311	2184
1312	2193
1313	2195
1314	2201
1315	2210
1316	2218
1317	2222
1318	2229
1319	2235
1320	2236
1321	2241
1322	2247
1323	2254
1324	2259
1325	2266
1326	2269
1327	2273
1328	2276
1329	2279
1330	2281
1331	2291
1332	2296
1333	2300
1334	2304
1335	2308
1336	2310
1337	2322
1338	2332
1339	2342
1340	2349
1341	2356
1342	2359
1343	2363
1344	2372
1345	2378
1346	2382
1347	2385
1348	2389
1349	2393
1350	2407
1351	2412
1352	2419
1353	2428
1354	2437
1355	2439
1356	2444
1357	2454
1358	2467
1359	2473
1360	2483
1361	2491
1362	2494
1363	2506
1364	2515
1365	2521
1366	2526
1367	2534
1368	2538
1369	2542
1370	2550
1371	2552
1372	2558
1373	2567
1374	2573
1375	2583
1376	2589
1377	2591
1378	2595
1379	2604
1380	2609
1381	2614
1382	2623
1383	2629
1384	2635
1385	2642
1386	2645
1387	2656
1388	2664
1389	2673
1390	2680
1391	2688
1392	2698
1393	2710
1394	2719
1395	2732
1396	2741
1397	2749
1398	2753
1399	2764
1400	2769
1401	2775
1402	2785
1403	2789
1404	2791
1405	2794
1406	2802
1407	2809
1408	2815
1409	2821
1410	2825
1411	2832
1412	2838
1413	2846
1414	2861
1415	2864
1416	2876
1417	2885
1418	2890
1419	2899
1420	2909
1421	2921
1422	2926
1423	2931
1424	2937
1425	2943
1426	2948
1427	2954
1428	2965
1429	2974
1430	2980
1431	2986
1432	2991
1433	2993
1434	2998
1435	3004
1436	3017
1437	3026
1438	3031
1439	3033
1440	3034
1441	3035
1442	3037
1443	3046
1444	3052
1445	3060
1446	3065
1447	3071
1448	3079
1449	3089
1450	3095
1451	3099
1452	3101
1453	3105
1454	3110
1455	3124
1456	3129
1457	3134
1458	3141
1459	3146
1460	3150
1461	3156
1462	3166
1463	3172
1464	3178
1465	3184
1466	3194
1467	3199
1468	3205
1469	3212
1470	3214
1471	3222
1472	3229
1473	3239
1474	3245
1475	3252
1476	3261
1477	3267
1478	3277
1479	3282
1480	3286
1481	3289
1482	3296
1483	3305
1484	3312
1485	3325
1486	3331
1487	3342
1488	3345
1489	3354
1490	3361
1491	3368
1492	3380
1493	3391
1494	3397
1495	3402
1496	3408
1497	3414
1498	3416
1499	3428
1500	3433
1501	3439
1502	3447
1503	3454
1504	3460
1505	3466
1506	3469
1507	3475
1508	3487
1509	3493
1510	3498
1511	3508
1512	3521
1513	3526
1514	3533
1515	3545
1516	3559
1517	3569
1518	3579
1519	3588
1520	3601
1521	3614
1522	3623
1523	3629
1524	3634
1525	3642
1526	3650
1527	3662
1528	3673
1529	3686
1530	3693
1531	3702
1532	3706
1533	3715
1534	3727
1535	3734
1536	3746
1537	3749
1538	3760
1539	3771
1540	3786
1541	3796
1542	3810
1543	3818
1544	3825
1545	3829
1546	3834
1547	3840
1548	3842
1549	3854
1550	3863
1551	3867
1552	3875
1553	3876
1554	3886
1555	3896
1556	3907
1557	3913
1558	3916
1559	3922
1560	3937
1561	3949
1562	3954
1563	3957
1564	3964
1565	3971
1566	3977
1567	3987
1568	3992
1569	4000
1570	4010
1571	4023
1572	4031
1573	4038
1574	4054
1575	4062
1576	4068
1577	4072
1578	4081
1579	4086
1580	4093
1581	4103
1582	4114
1583	4121
1584	4128
1585	4136
1586	4139
1587	4146
1588	4154
1589	4161
1590	4171
1591	4183
1592	4193
1593	4199
1594	4209
1595	4215
1596	4227
1597	4233
1598	4247
1599	4256
1600	4259
1601	4266
1602	4275
1603	4282
1604	4298
1605	4306
1606	4313
1607	4327
1608	4337
1609	4343
1610	4359
1611	4369
1612	4381
1613	4398
1614	4405
1615	4411
1616	4432
1617	4440
1618	4443
1619	4457
1620	4467
1621	4479
1622	4488
1623	4503
1624	4514
1625	4528
1626	4543
1627	4559
1628	4572
1629	4577
1630	4589
1631	4602
1632	4611
1633	4622
1634	4627
1635	4632
1636	4640
1637	4648
1638	4656
1639	4664
1640	4683
1641	4698
1642	4716
1643	4722
1644	4728
1645	4742
1646	4752
1647	4759
1648	4772
1649	4781
1650	4790
1651	4798
1652	4808
1653	4821
1654	4831
1655	4836
1656	4842
1657	4844
1658	4854
1659	4864
1660	4872
1661	4879
1662	4885
1663	4889
1664	4894
1665	4899
1666	4909
1667	4921
1668	4931
1669	4943
1670	4952
1671	4962
1672	4979
1673	4984
1674	4993
1675	5001
1676	5007
1677	5015
1678	5025
1679	5030
1680	5037
1681	5044
1682	5056
1683	5068
1684	5076
1685	5083
1686	5095
1687	5114
1688	5124
1689	5140
1690	5147
1691	5152
1692	5158
1693	5173
1694	5180
1695	5197
1696	5212
1697	5218
1698	5232
1699	5245
1700	5260
1701	5279
1702	5293
1703	5311
1704	5331
1705	5341
1706	5347
1707	5363
1708	5381
1709	5404
1710	5414
1711	5429
1712	5444
1713	5455
1714	5473
1715	5497
1716	5509
1717	5522
1718	5536
1719	5550
1720	5562
1721	5578
1722	5594
1723	5605
1724	5626
1725	5646
1726	5663
1727	5674
1728	5682
1729	5698
1730	5715
1731	5734
1732	5745
1733	5757
1734	5765
1735	5774
1736	5793
1737	5811
1738	5826
1739	5839
1740	5849
1741	5861
1742	5874
1743	5886
1744	5897
1745	5906
1746	5918
1747	5928
1748	5936
1749	5952
1750	5971
1751	5988
1752	6003
1753	6016
1754	6027
1755	6031
1756	6043
1757	6060
1758	6071
1759	6083
1760	6094
1761	6099
1762	6106
1763	6118
1764	6139
1765	6157
1766	6168
1767	6177
1768	6186
1769	6194
1770	6207
1771	6222
1772	6231
1773	6248
1774	6264
1775	6273
1776	6283
1777	6296
1778	6307
1779	6329
1780	6349
1781	6366
1782	6381
1783	6387
1784	6398
1785	6417
1786	6433
1787	6449
1788	6461
1789	6477
1790	6484
1791	6499
1792	6509
1793	6516
1794	6526
1795	6538
1796	6547
1797	6558
1798	6578
1799	6592
1800	6605
1801	6616
1802	6630
1803	6636
1804	6647
1805	6659
1806	6672
1807	6678
1808	6700
1809	6717
1810	6729
1811	6736
1812	6748
1813	6754
1814	6772
1815	6784
1816	6789
1817	6797
1818	6801
1819	6811
1820	6825
1821	6835
1822	6841
1823	6854
1824	6860
1825	6871
1826	6887
1827	6898
1828	6913
1829	6924
1830	6934
1831	6947
1832	6959
1833	6972
1834	6985
1835	6996
1836	7006
1837	7015
1838	7023
1839	7033
1840	7049
1841	7058
1842	7071
1843	7083
1844	7102
1845	7115
1846	7126
1847	7135
1848	7153
1849	7168
1850	7186
1851	7197
1852	7200
1853	7206
1854	7221
1855	7232
1856	7246
1857	7256
1858	7273
1859	7278
1860	7287
1861	7303
1862	7321
1863	7339
1864	7353
1865	7359
1866	7370
1867	7376
1868	7391
1869	7408
1870	7416
1871	7424
1872	7432
1873	7439
1874	7448
1875	7464
1876	7473
1877	7478
1878	7485
1879	7495
1880	7505
1881	7514
1882	7536
1883	7552
1884	7568
1885	7580
1886	7590
1887	7602
1888	7614
1889	7627
1890	7645
1891	7663
1892	7684
1893	7710
1894	7720
1895	7739
1896	7767
1897	7786
1898	7801
1899	7822
1900	7838
1901	7852
1902	7862
1903	7874
1904	7885
1905	7900
1906	7914
1907	7933
1908	7951
1909	7965
1910	7975
1911	7986
1912	7996
1913	8011
1914	8023
1915	8033
1916	8041
1917	8064
1918	8077
1919	8093
1920	8108
1921	8124
1922	8133
1923	8142
1924	8153
1925	8173
1926	8191
1927	8202
1928	8219
1929	8228
1930	8235
1931	8254
1932	8273
1933	8290
1934	8302
1935	8320
1936	8338
1937	8353
1938	8369
1939	8387
1940	8404
1941	8425
1942	8440
1943	8444
1944	8459
1945	8475
1946	8492
1947	8508
1948	8530
1949	8547
1950	8556
1951	8569
1952	8584
1953	8601
1954	8613
1955	8627
1956	8642
1957	8657
1958	8672
1959	8688
1960	8704
1961	8719
1962	8736
1963	8745
1964	8757
1965	8768
1966	8787
1967	8807
1968	8818
1969	8834
1970	8844
1971	8854
1972	8859
1973	8877
1974	8893
1975	8915
1976	8932
1977	8945
1978	8962
1979	8972
1980	8989
1981	9005
1982	9023
1983	9041
1984	9051
1985	9061
1986	9065
1987	9078
1988	9090
1989	9102
1990	9110
1991	9126
1992	9136
1993	9142
1994	9157
1995	9170
1996	9182
1997	9201
1998	9213
1999	9220
2000	9229
2001	9244
2002	9261
2003	9268
2004	9296
2005	9306
2006	9318
2007	9328
2008	9342
2009	9360
2010	9377
2011	9397
2012	9411
2013	9416
2014	9422
2015	9441
2016	9456
2017	9470
2018	9491
2019	9501
2020	9511
2021	9520
2022	9531
2023	9541
2024	9566
2025	9579
2026	9593
2027	9600
2028	9611
2029	9629
2030	9645
2031	9656
2032	9674
2033	9691
2034	9701
2035	9714
2036	9730
2037	9742
2038	9755
2039	9771
2040	9780
2041	9786
2042	9797
2043	9815
2044	9827
2045	9848
2046	9868
2047	9891
2048	9901
2049	9908
2050	9914
2051	9930
2052	9945
2053	9964
2054	9984
2055	9999
2056	10012
2057	10032
2058	10048
2059	10064
2060	10086
2061	10098
2062	10103
2063	10110
2064	10124
2065	10148
2066	10168
2067	10193
2068	10211
2069	10223
2070	10229
2071	10245
2072	10262
2073	10273
2074	10285
2075	10306
2076	10314
2077	10327
2078	10343
2079	10357
2080	10377
2081	10396
2082	10408
2083	10417
2084	10424
2085	10443
2086	10460
2087	10487
2088	10507
2089	10528
2090	10539
2091	10550
2092	10571
2093	10579
2094	10602
2095	10620
2096	10638
2097	10651
2098	10661
2099	10683
2100	10702
2101	10724
2102	10741
2103	10761
2104	10775
2105	10786
2106	10799
2107	10815
2108	10827
2109	10843
2110	10857
2111	10867
2112	10881
2113	10895
2114	10909
2115	10932
2116	10950
2117	10961
2118	10971
2119	10979
2120	10992
2121	11007
2122	11022
2123	11044
2124	11062
2125	11077
2126	11090
2127	11104
2128	11124
2129	11144
2130	11152
2131	11166
2132	11175
2133	11187
2134	11202
2135	11211
2136	11222
2137	11240
2138	11261
2139	11270
2140	11283
2141	11301
2142	11316
2143	11335
2144	11351
2145	11366
2146	11384
2147	11391
2148	11405
2149	11414
2150	11427
2151	11442
2152	11452
2153	11462
2154	11472
2155	11479
2156	11493
2157	11506
2158	11523
2159	11542
2160	11552
2161	11564
2162	11579
2163	11597
2164	11611
2165	11626
2166	11645
2167	11658
2168	11669
2169	11685
2170	11710
2171	11723
2172	11735
2173	11757
2174	11765
2175	11778
2176	11800
2177	11810
2178	11828
2179	11847
2180	11865
2181	11872
2182	11881
2183	11894
2184	11900
2185	11917
2186	11937
2187	11947
2188	11956
2189	11968
2190	11985
2191	11999
2192	12022
2193	12041
2194	12053
2195	12064
2196	12079
2197	12090
2198	12115
2199	12141
2200	12153
2201	12174
2202	12190
2203	12204
2204	12215
2205	12233
2206	12252
2207	12275
2208	12288
2209	12299
2210	12311
2211	12327
2212	12342
2213	12360
2214	12379
2215	12397
2216	12414
2217	12422
2218	12433
2219	12444
2220	12459
2221	12473
2222	12495
2223	12505
2224	12516
2225	12534
2226	12554
2227	12571
2228	12587
2229	12599
2230	12610
2231	12624
2232	12637
2233	12657
2234	12674
2235	12688
2236	12698
2237	12705
2238	12710
2239	12727
2240	12743
2241	12756
2242	12764
2243	12772
2244	12784
2245	12798
2246	12814
2247	12826
2248	12853
2249	12863
2250	12878
2251	12896
2252	12907
2253	12932
2254	12942
2255	12962
2256	12974
2257	13000
2258	13010
2259	13024
2260	13042
2261	13056
2262	13088
2263	13106
2264	13126
2265	13140
2266	13152
2267	13175
2268	13195
2269	13215
2270	13231
2271	13249
2272	13262
2273	13279
2274	13298
2275	13317
2276	13335
2277	13353
2278	13378
2279	13392
2280	13408
2281	13426
2282	13445
2283	13462
2284	13484
2285	13507
2286	13519
2287	13532
2288	13555
2289	13579
2290	13599
2291	13621
2292	13643
2293	13656
2294	13670
2295	13697
2296	13719
2297	13746
2298	13766
2299	13790
2300	13810
2301	13831
2302	13858
2303	13874
2304	13894
2305	13921
2306	13941
2307	13960
2308	13962
