1	3
2	11
3	14
4	18
5	28
6	50
7	62
8	82
9	93
10	99
11	105
12	112
13	133
14	148
15	169
16	179
17	184
18	193
19	210
20	236
21	261
22	296
23	319
24	329
25	340
26	363
27	389
28	421
29	465
30	486
31	495
32	500
33	513
34	550
35	580
36	617
37	648
38	660
39	672
40	700
41	729
42	771
43	816
44	847
45	858
46	864
47	936
48	1044
49	1177
50	1301
51	1402
52	1431
53	1460
54	1518
55	1590
56	1683
57	1760
58	1840
59	1867
60	1892
61	1959
62	2043
63	2120
64	2203
65	2261
66	2288
67	2312
68	2359
69	2446
70	2529
71	2625
72	2695
73	2717
74	2739
75	2803
76	2883
77	2945
78	3024
79	3086
80	3114
81	3137
82	3208
83	3291
84	3351
85	3417
86	3477
87	3495
88	3519
89	3569
90	3657
91	3728
92	3809
93	3884
94	3900
95	3916
96	3985
97	4044
98	4101
99	4176
100	4238
101	4268
102	4287
103	4361
104	4426
105	4501
106	4565
107	4630
108	4662
109	4691
110	4755
111	4830
112	4906
113	4975
114	5038
115	5069
116	5089
117	5152
118	5218
119	5288
120	5334
121	5382
122	5407
123	5432
124	5490
125	5551
126	5617
127	5695
128	5748
129	5771
130	5793
131	5849
132	5921
133	5997
134	6074
135	6118
136	6138
137	6158
138	6212
139	6292
140	6358
141	6418
142	6469
143	6484
144	6518
145	6559
146	6619
147	6660
148	6679
149	6700
150	6726
151	6746
152	6797
153	6854
154	6881
155	6903
156	6941
157	6980
158	7021
159	7091
160	7164
161	7253
162	7337
163	7411
164	7460
165	7504
166	7588
167	7675
168	7772
169	7854
170	7931
171	7967
172	8004
173	8098
174	8187
175	8276
176	8362
177	8453
178	8498
179	8520
180	8619
181	8694
182	8776
183	8866
184	8953
185	8994
186	9030
187	9106
188	9207
189	9311
190	9414
191	9528
192	9570
193	9600
194	9704
195	9818
196	9925
197	10047
198	10141
199	10181
200	10215
201	10301
202	10397
203	10500
204	10604
205	10701
206	10740
207	10784
208	10890
209	10993
210	11095
211	11206
212	11310
213	11339
214	11370
215	11470
216	11592
217	11687
218	11803
219	11896
220	11940
221	11987
222	12097
223	12208
224	12294
225	12410
226	12538
227	12578
228	12629
229	12742
230	12864
231	12967
232	13068
233	13197
234	13241
235	13273
236	13393
237	13514
238	13628
239	13739
240	13854
241	13914
242	13948
243	14050
244	14148
245	14253
246	14385
247	14507
248	14556
249	14607
250	14709
251	14833
252	14970
253	15081
254	15159
255	15202
256	15241
257	15332
258	15455
259	15577
260	15690
261	15786
262	15828
263	15879
264	15999
265	16136
266	16261
267	16366
268	16477
269	16527
270	16575
271	16702
272	16840
273	16958
274	17091
275	17179
276	17226
277	17277
278	17393
279	17537
280	17667
281	17816
282	17928
283	17970
284	18015
285	18143
286	18299
287	18456
288	18598
289	18716
290	18765
291	18803
292	18915
293	19048
294	19191
295	19303
296	19427
297	19467
298	19522
299	19613
300	19739
301	19891
302	20031
303	20149
304	20197
305	20254
306	20386
307	20541
308	20684
309	20828
310	20942
311	20986
312	21029
313	21153
314	21299
315	21462
316	21625
317	21747
318	21785
319	21819
320	21952
321	22074
322	22227
323	22391
324	22498
325	22540
326	22608
327	22741
328	22882
329	23029
330	23184
331	23319
332	23364
333	23420
334	23552
335	23709
336	23856
337	23999
338	24096
339	24137
340	24173
341	24308
342	24442
343	24610
344	24743
345	24886
346	24937
347	24982
348	25125
349	25266
350	25436
351	25598
352	25751
353	25816
354	25868
355	26012
356	26180
357	26370
358	26560
359	26718
360	26784
361	26835
362	26980
363	27171
364	27335
365	27528
366	27684
367	27743
368	27800
369	27945
370	28102
371	28249
372	28401
373	28535
374	28593
375	28643
376	28772
377	28947
378	29104
379	29262
380	29410
381	29475
382	29534
383	29700
384	29863
385	30058
386	30261
387	30402
388	30469
389	30529
390	30685
391	30866
392	31059
393	31243
394	31420
395	31477
396	31529
397	31668
398	31830
399	32011
400	32155
401	32292
402	32355
403	32395
404	32495
405	32651
406	32800
407	32991
408	33161
409	33212
410	33271
411	33421
412	33591
413	33769
414	33958
415	34122
416	34179
417	34245
418	34378
419	34553
420	34727
421	34900
422	35033
423	35085
424	35151
425	35282
426	35442
427	35626
428	35783
429	35948
430	36014
431	36058
432	36216
433	36403
434	36585
435	36792
436	36943
437	37017
438	37082
439	37242
440	37409
441	37569
442	37748
443	37901
444	37977
445	38057
446	38204
447	38415
448	38637
449	38862
450	39049
451	39133
452	39207
453	39375
454	39563
455	39740
456	39938
457	40101
458	40170
459	40235
460	40409
461	40603
462	40815
463	41039
464	41219
465	41286
466	41373
467	41566
468	41775
469	41956
470	42159
471	42322
472	42409
473	42487
474	42652
475	42850
476	43051
477	43265
478	43463
479	43552
480	43616
481	43807
482	43985
483	44210
484	44380
485	44487
486	44559
487	44634
488	44812
489	45035
490	45243
491	45427
492	45627
493	45705
494	45787
495	45949
496	46144
497	46314
498	46525
499	46720
500	46796
501	46878
502	47060
503	47259
504	47464
505	47666
506	47859
507	47940
508	48011
509	48198
510	48379
511	48546
512	48630
513	48673
514	48719
515	48771
516	48906
517	49040
518	49183
519	49286
520	49346
521	49421
522	49498
523	49672
524	49845
525	50053
526	50289
527	50502
528	50604
529	50693
530	50899
531	51128
532	51361
533	51579
534	51804
535	51908
536	51985
537	52171
538	52380
539	52573
540	52810
541	52987
542	53090
543	53181
544	53352
545	53545
546	53764
547	53996
548	54222
549	54324
550	54395
551	54604
552	54836
553	55020
554	55251
555	55435
556	55523
557	55597
558	55768
559	55980
560	56211
561	56470
562	56664
563	56754
564	56862
565	57058
566	57280
567	57495
568	57723
569	57924
570	58020
571	58115
572	58332
573	58577
574	58851
575	59089
576	59314
577	59396
578	59489
579	59708
580	59945
581	60202
582	60445
583	60656
584	60765
585	60857
586	61073
587	61326
588	61571
589	61810
590	62030
591	62134
592	62218
593	62438
594	62677
595	62922
596	63127
597	63329
598	63419
599	63506
600	63720
601	63940
602	64166
603	64405
604	64640
605	64732
606	64843
607	65058
608	65298
609	65549
610	65731
611	65879
612	65952
613	66045
614	66228
615	66436
616	66694
617	66932
618	67158
619	67240
620	67330
621	67560
622	67835
623	68075
624	68360
625	68603
626	68702
627	68792
628	69015
629	69269
630	69512
631	69790
632	70026
633	70134
634	70213
635	70424
636	70696
637	70951
638	71195
639	71424
640	71511
641	71597
642	71786
643	72014
644	72242
645	72471
646	72659
647	72770
648	72864
649	73082
650	73308
651	73572
652	73812
653	74023
654	74122
655	74233
656	74482
657	74740
658	75002
659	75283
660	75557
661	75666
662	75761
663	75999
664	76263
665	76544
666	76810
667	77033
668	77153
669	77259
670	77447
671	77709
672	77948
673	78204
674	78450
675	78543
676	78635
677	78858
678	79134
679	79388
680	79639
681	79861
682	79939
683	80039
684	80288
685	80544
686	80772
687	81046
688	81291
689	81385
690	81477
691	81728
692	81983
693	82268
694	82506
695	82733
696	82840
697	82925
698	83170
699	83463
700	83766
701	84035
702	84253
703	84337
704	84417
705	84607
706	84892
707	85163
708	85446
709	85696
710	85798
711	85893
712	86154
713	86441
714	86711
715	87002
716	87267
717	87355
718	87458
719	87725
720	88041
721	88355
722	88670
723	88920
724	89014
725	89136
726	89384
727	89660
728	89965
729	90229
730	90497
731	90592
732	90674
733	90941
734	91187
735	91462
736	91741
737	92004
738	92115
739	92232
740	92513
741	92831
742	93137
743	93454
744	93713
745	93834
746	93953
747	94197
748	94489
749	94785
750	95114
751	95389
752	95481
753	95606
754	95880
755	96178
756	96468
757	96766
758	97010
759	97101
760	97216
761	97464
762	97741
763	97987
764	98277
765	98528
766	98625
767	98730
768	98916
769	99155
770	99447
771	99708
772	99944
773	100026
774	100124
775	100371
776	100651
777	100914
778	101179
779	101428
780	101533
781	101624
782	101888
783	102164
784	102446
785	102706
786	102950
787	103060
788	103146
789	103442
790	103726
791	104017
792	104296
793	104548
794	104659
795	104769
796	105016
797	105277
798	105558
799	105835
800	106071
801	106159
802	106272
803	106506
804	106811
805	107115
806	107408
807	107654
808	107727
809	107845
810	108105
811	108423
812	108721
813	109058
814	109319
815	109443
816	109566
817	109842
818	110111
819	110399
820	110690
821	110935
822	111074
823	111186
824	111432
825	111705
826	112022
827	112338
828	112595
829	112715
830	112848
831	113123
832	113424
833	113720
834	114032
835	114286
836	114415
837	114528
838	114813
839	115108
840	115416
841	115741
842	116011
843	116144
844	116275
845	116600
846	116952
847	117304
848	117581
849	117824
850	117955
851	118103
852	118360
853	118652
854	118961
855	119301
856	119603
857	119755
858	119889
859	120185
860	120512
861	120833
862	121145
863	121418
864	121559
865	121695
866	121994
867	122303
868	122619
869	122953
870	123221
871	123363
872	123478
873	123746
874	124067
875	124329
876	124590
877	124733
878	124806
879	124886
880	125063
881	125273
882	125499
883	125738
884	125884
885	125981
886	126109
887	126352
888	126637
889	126959
890	127299
891	127611
892	127743
893	127876
894	128179
895	128486
896	128816
897	129170
898	129478
899	129613
900	129760
901	130084
902	130418
903	130791
904	131145
905	131480
906	131635
907	131782
908	132110
909	132448
910	132775
911	133134
912	133452
913	133598
914	133741
915	134027
916	134381
917	134731
918	135065
919	135365
920	135518
921	135709
922	136036
923	136378
924	136718
925	137088
926	137424
927	137562
928	137712
929	138038
930	138396
931	138782
932	139161
933	139515
934	139683
935	139840
936	140199
937	140616
938	141021
939	141400
940	141774
941	141945
942	142107
943	142440
944	142850
945	143265
946	143632
947	143968
948	144136
949	144303
950	144669
951	145060
952	145465
953	145858
954	146214
955	146381
956	146539
957	146889
958	147311
959	147712
960	148133
961	148490
962	148664
963	148835
964	149232
965	149650
966	150089
967	150494
968	150829
969	150999
970	151141
971	151498
972	151882
973	152257
974	152652
975	153001
976	153165
977	153335
978	153703
979	154133
980	154602
981	155019
982	155425
983	155600
984	155784
985	156167
986	156555
987	156980
988	157380
989	157752
990	157932
991	158115
992	158504
993	158921
994	159329
995	159711
996	159960
997	160151
998	160271
999	160566
1000	160912
1001	161300
1002	161718
1003	162039
1004	162204
1005	162388
1006	162762
1007	163153
1008	163566
1009	164004
1010	164370
1011	164517
1012	164672
1013	165043
1014	165505
1015	165924
1016	166353
1017	166755
1018	166948
1019	167130
1020	167525
1021	167930
1022	168354
1023	168746
1024	169124
1025	169297
1026	169459
1027	169882
1028	170308
1029	170748
1030	171175
1031	171505
1032	171668
1033	171833
1034	172119
1035	172524
1036	172955
1037	173310
1038	173637
1039	173804
1040	173995
1041	174374
1042	174793
1043	175197
1044	175599
1045	175991
1046	176147
1047	176323
1048	176693
1049	177106
1050	177513
1051	177950
1052	178316
1053	178481
1054	178641
1055	179081
1056	179545
1057	179969
1058	180386
1059	180735
1060	180897
1061	181061
1062	181452
1063	181843
1064	182262
1065	182643
1066	182978
1067	183144
1068	183296
1069	183624
1070	183999
1071	184398
1072	184787
1073	185150
1074	185301
1075	185467
1076	185844
1077	186244
1078	186671
1079	187103
1080	187469
1081	187659
1082	187838
1083	188221
1084	188666
1085	189100
1086	189544
1087	189886
1088	190047
1089	190214
1090	190591
1091	191051
1092	191464
1093	191871
1094	192212
1095	192377
1096	192546
1097	192897
1098	193285
1099	193724
1100	194146
1101	194517
1102	194649
1103	194809
1104	195182
1105	195609
1106	196025
1107	196437
1108	196798
1109	196961
1110	197126
1111	197464
1112	197885
1113	198308
1114	198729
1115	199116
1116	199282
1117	199433
1118	199824
1119	200240
1120	200690
1121	201108
1122	201465
1123	201626
1124	201784
1125	202127
1126	202515
1127	202931
1128	203303
1129	203629
1130	203781
1131	203951
1132	204246
1133	204641
1134	205040
1135	205469
1136	205834
1137	206015
1138	206168
1139	206559
1140	206961
1141	207357
1142	207735
1143	208078
1144	208237
1145	208409
1146	208829
1147	209246
1148	209668
1149	210063
1150	210418
1151	210575
1152	210730
1153	211115
1154	211519
1155	211917
1156	212276
1157	212586
1158	212726
1159	212884
1160	213224
1161	213616
1162	213966
1163	214331
1164	214661
1165	214794
1166	214957
1167	215311
1168	215722
1169	216113
1170	216529
1171	216883
1172	217049
1173	217203
1174	217534
1175	217944
1176	218391
1177	218820
1178	219175
1179	219345
1180	219504
1181	219893
1182	220298
1183	220671
1184	221108
1185	221419
1186	221569
1187	221737
1188	222104
1189	222472
1190	222880
1191	223305
1192	223692
1193	223848
1194	224029
1195	224374
1196	224797
1197	225227
1198	225643
1199	226042
1200	226204
1201	226371
1202	226763
1203	227179
1204	227604
1205	228024
1206	228408
1207	228603
1208	228797
1209	229234
1210	229635
1211	230047
1212	230406
1213	230716
1214	230879
1215	231052
1216	231423
1217	231873
1218	232298
1219	232723
1220	233118
1221	233282
1222	233467
1223	233845
1224	234270
1225	234700
1226	235107
1227	235474
1228	235661
1229	235876
1230	236240
1231	236689
1232	237104
1233	237530
1234	237880
1235	238027
1236	238181
1237	238602
1238	239013
1239	239454
1240	239810
1241	240112
1242	240253
1243	240367
1244	240564
1245	240864
1246	241200
1247	241538
1248	241806
1249	241942
1250	242100
1251	242337
1252	242701
1253	243133
1254	243577
1255	243979
1256	244193
1257	244385
1258	244805
1259	245227
1260	245640
1261	246069
1262	246496
1263	246676
1264	246897
1265	247305
1266	247714
1267	248172
1268	248626
1269	249019
1270	249219
1271	249401
1272	249790
1273	250230
1274	250692
1275	251156
1276	251540
1277	251710
1278	251866
1279	252281
1280	252746
1281	253198
1282	253645
1283	254017
1284	254214
1285	254395
1286	254785
1287	255252
1288	255749
1289	256232
1290	256657
1291	256847
1292	257063
1293	257484
1294	257970
1295	258475
1296	258938
1297	259400
1298	259595
1299	259795
1300	260215
1301	260673
1302	261165
1303	261643
1304	262090
1305	262280
1306	262492
1307	262930
1308	263422
1309	263910
1310	264349
1311	264763
1312	264962
1313	265171
1314	265631
1315	266145
1316	266660
1317	267093
1318	267506
1319	267707
1320	267950
1321	268393
1322	268840
1323	269338
1324	269828
1325	270277
1326	270502
1327	270702
1328	271143
1329	271611
1330	272119
1331	272637
1332	273045
1333	273245
1334	273447
1335	273873
1336	274380
1337	274902
1338	275374
1339	275843
1340	276043
1341	276252
1342	276710
1343	277201
1344	277700
1345	278153
1346	278479
1347	278682
1348	278857
1349	279204
1350	279665
1351	280164
1352	280641
1353	281090
1354	281277
1355	281503
1356	281963
1357	282491
1358	283001
1359	283516
1360	283964
1361	284197
1362	284437
1363	284899
1364	285359
1365	285881
1366	286334
1367	286783
1368	287022
1369	287205
1370	287614
1371	287946
1372	288394
1373	288889
1374	289335
1375	289548
1376	289746
1377	290144
1378	290598
1379	291062
1380	291580
1381	292009
1382	292207
1383	292383
1384	292834
1385	293314
1386	293825
1387	294287
1388	294725
1389	294912
1390	295095
1391	295488
1392	296003
1393	296555
1394	297015
1395	297480
1396	297681
1397	297847
1398	298222
1399	298701
1400	299208
1401	299673
1402	300097
1403	300283
1404	300459
1405	300878
1406	301326
1407	301772
1408	302247
1409	302695
1410	302878
1411	303060
1412	303500
1413	303959
1414	304491
1415	304994
1416	305455
1417	305657
1418	305869
1419	306349
1420	306915
1421	307415
1422	307924
1423	308365
1424	308567
1425	308759
1426	309204
1427	309713
1428	310264
1429	310809
1430	311246
1431	311453
1432	311623
1433	312054
1434	312555
1435	312966
1436	313459
1437	313916
1438	314090
1439	314289
1440	314751
1441	315244
1442	315837
1443	316376
1444	316824
1445	317026
1446	317224
1447	317727
1448	318217
1449	318770
1450	319305
1451	319747
1452	319969
1453	320165
1454	320651
1455	321173
1456	321783
1457	322333
1458	322836
1459	323033
1460	323231
1461	323754
1462	324313
1463	324831
1464	325338
1465	325795
1466	325988
1467	326195
1468	326631
1469	327108
1470	327612
1471	328136
1472	328560
1473	328731
1474	328899
1475	329373
1476	329911
1477	330327
1478	330816
1479	331253
1480	331437
1481	331629
1482	332043
1483	332536
1484	333005
1485	333531
1486	333941
1487	334137
1488	334340
1489	334761
1490	335253
1491	335750
1492	336277
1493	336707
1494	336891
1495	337087
1496	337484
1497	337981
1498	338464
1499	338969
1500	339424
1501	339622
1502	339821
1503	340314
1504	340816
1505	341312
1506	341872
1507	342322
1508	342522
1509	342708
1510	343209
1511	343730
1512	344196
1513	344686
1514	345109
1515	345305
1516	345518
1517	346019
1518	346492
1519	347024
1520	347514
1521	347974
1522	348161
1523	348349
1524	348795
1525	349248
1526	349704
1527	350242
1528	350726
1529	350932
1530	351140
1531	351587
1532	352084
1533	352626
1534	353147
1535	353668
1536	353868
1537	354097
1538	354613
1539	355103
1540	355650
1541	356162
1542	356660
1543	356884
1544	357123
1545	357618
1546	358153
1547	358645
1548	359159
1549	359592
1550	359814
1551	360019
1552	360495
1553	360966
1554	361531
1555	362021
1556	362471
1557	362691
1558	362900
1559	363423
1560	363973
1561	364510
1562	365004
1563	365444
1564	365666
1565	365890
1566	366336
1567	366819
1568	367302
1569	367832
1570	368309
1571	368539
1572	368763
1573	369254
1574	369767
1575	370274
1576	370726
1577	371125
1578	371357
1579	371598
1580	372096
1581	372603
1582	373142
1583	373713
1584	374163
1585	374381
1586	374637
1587	375156
1588	375651
1589	376239
1590	376766
1591	377264
1592	377491
1593	377723
1594	378228
1595	378735
1596	379237
1597	379782
1598	380225
1599	380422
1600	380654
1601	381095
1602	381625
1603	382137
1604	382622
1605	383028
1606	383204
1607	383398
1608	383674
1609	383884
1610	384198
1611	384559
1612	384901
1613	385094
1614	385302
1615	385555
1616	385756
1617	386152
1618	386610
1619	387021
1620	387222
1621	387439
1622	387886
1623	388384
1624	388919
1625	389415
1626	389929
1627	390175
1628	390420
1629	390881
1630	391397
1631	391990
1632	392542
1633	392984
1634	393212
1635	393421
1636	393917
1637	394448
1638	395073
1639	395656
1640	396150
1641	396374
1642	396616
1643	397137
1644	397686
1645	398220
1646	398798
1647	399300
1648	399512
1649	399777
1650	400280
1651	400874
1652	401409
1653	402005
1654	402504
1655	402694
1656	402951
1657	403444
1658	403968
1659	404539
1660	405066
1661	405551
1662	405781
1663	406029
1664	406592
1665	407206
1666	407826
1667	408393
1668	408931
1669	409199
1670	409441
1671	409988
1672	410574
1673	411181
1674	411756
1675	412297
1676	412572
1677	412860
1678	413414
1679	414007
1680	414593
1681	415233
1682	415763
1683	416031
1684	416301
1685	416839
1686	417450
1687	418108
1688	418744
1689	419280
1690	419583
1691	419847
1692	420447
1693	421053
1694	421655
1695	422261
1696	422817
1697	423099
1698	423368
1699	423906
1700	424471
1701	425026
1702	425630
1703	426050
1704	426274
1705	426497
1706	426914
1707	427502
1708	428117
1709	428699
1710	429242
1711	429485
1712	429733
1713	430307
1714	430973
1715	431635
1716	432257
1717	432829
1718	433057
1719	433321
1720	433869
1721	434420
1722	435065
1723	435656
1724	436138
1725	436376
1726	436625
1727	437134
1728	437698
1729	438324
1730	438913
1731	439417
1732	439639
1733	439873
1734	440364
1735	440906
1736	441330
1737	441867
1738	442368
1739	442606
1740	442846
1741	443306
1742	443829
1743	444359
1744	444913
1745	445418
1746	445680
1747	445904
1748	446466
1749	447010
1750	447562
1751	448117
1752	448645
1753	448889
1754	449103
1755	449608
1756	450130
1757	450655
1758	451216
1759	451748
1760	451961
1761	452178
1762	452617
1763	453177
1764	453748
1765	454323
1766	454824
1767	455061
1768	455263
1769	455787
1770	456368
1771	456976
1772	457575
1773	458103
1774	458329
1775	458551
1776	459052
1777	459625
1778	460110
1779	460671
1780	461201
1781	461398
1782	461584
1783	462134
1784	462690
1785	463252
1786	463858
1787	464380
1788	464609
1789	464820
1790	465349
1791	465951
1792	466506
1793	467067
1794	467556
1795	467766
1796	467988
1797	468497
1798	469042
1799	469606
1800	470120
1801	470614
1802	470860
1803	471042
1804	471536
1805	472137
1806	472736
1807	473299
1808	473785
1809	473966
1810	474178
1811	474704
1812	475302
1813	475944
1814	476552
1815	477078
1816	477299
1817	477520
1818	478048
1819	478649
1820	479265
1821	479910
1822	480433
1823	480664
1824	480905
1825	481449
1826	482061
1827	482628
1828	483227
1829	483773
1830	484005
1831	484217
1832	484777
1833	485323
1834	485923
1835	486490
1836	486952
1837	487168
1838	487375
1839	487886
1840	488441
1841	489051
1842	489563
1843	490080
1844	490311
1845	490520
1846	491050
1847	491624
1848	492215
1849	492818
1850	493360
1851	493626
1852	493861
1853	494363
1854	494945
1855	495585
1856	496146
1857	496628
1858	496848
1859	497054
1860	497510
1861	498086
1862	498663
1863	499266
1864	499816
1865	500049
1866	500292
1867	500797
1868	501387
1869	501994
1870	502615
1871	503180
1872	503401
1873	503691
1874	504237
1875	504838
1876	505445
1877	506038
1878	506594
1879	506830
1880	507062
1881	507608
1882	508205
1883	508806
1884	509382
1885	509933
1886	510135
1887	510371
1888	510943
1889	511497
1890	512024
1891	512617
1892	513198
1893	513460
1894	513713
1895	514269
1896	514862
1897	515517
1898	516133
1899	516689
1900	516910
1901	517167
1902	517663
1903	518198
1904	518795
1905	519380
1906	519920
1907	520192
1908	520483
1909	521058
1910	521685
1911	522324
1912	523028
1913	523597
1914	523858
1915	524113
1916	524669
1917	525284
1918	525911
1919	526512
1920	527032
1921	527252
1922	527492
1923	528050
1924	528623
1925	529212
1926	529831
1927	530404
1928	530685
1929	530974
1930	531549
1931	532148
1932	532766
1933	533404
1934	534019
1935	534285
1936	534561
1937	535159
1938	535800
1939	536465
1940	537079
1941	537651
1942	537930
1943	538182
1944	538811
1945	539501
1946	540165
1947	540675
1948	541148
1949	541400
1950	541659
1951	542215
1952	542870
1953	543515
1954	544153
1955	544743
1956	545018
1957	545330
1958	545899
1959	546550
1960	547175
1961	547809
1962	548330
1963	548616
1964	548902
1965	549437
1966	550072
1967	550698
1968	551277
1969	551803
1970	552033
1971	552298
1972	552753
1973	553100
1974	553319
1975	553656
1976	554052
1977	554284
1978	554540
1979	555000
1980	555345
1981	555584
1982	556076
1983	556558
1984	556866
1985	557152
1986	557688
1987	558279
1988	558942
1989	559555
1990	560114
1991	560380
1992	560638
1993	561223
1994	561802
1995	562429
1996	563061
1997	563626
1998	563883
1999	564117
2000	564719
2001	565354
2002	566062
2003	566732
2004	567315
2005	567614
2006	567886
2007	568491
2008	569159
2009	569849
2010	570483
2011	571056
2012	571358
2013	571615
2014	572221
2015	572865
2016	573604
2017	574273
2018	574866
2019	575166
2020	575479
2021	576107
2022	576736
2023	577399
2024	578031
2025	578628
2026	578913
2027	579174
2028	579769
2029	580438
2030	581155
2031	581867
2032	582496
2033	582785
2034	583084
2035	583739
2036	584431
2037	585137
2038	585867
2039	586504
2040	586798
2041	587081
2042	587652
2043	588312
2044	589041
2045	589723
2046	590307
2047	590608
2048	590883
2049	591501
2050	592123
2051	592812
2052	593528
2053	594160
2054	594447
2055	594723
2056	595350
2057	596037
2058	596745
2059	597468
2060	598082
2061	598377
2062	598646
2063	599268
2064	599956
2065	600702
2066	601352
2067	601908
2068	602215
2069	602508
2070	603080
2071	603699
2072	604429
2073	605147
2074	605766
2075	606069
2076	606363
2077	606984
2078	607669
2079	608374
2080	609003
2081	609605
2082	609902
2083	610188
2084	610759
2085	611431
2086	612115
2087	612689
2088	613130
2089	613405
2090	613643
2091	614118
2092	614739
2093	615339
2094	615927
2095	616484
2096	616775
2097	617039
2098	617601
2099	618215
2100	618749
2101	619236
2102	619746
2103	619994
2104	620252
2105	620801
2106	621338
2107	621906
2108	622495
2109	623025
2110	623258
2111	623524
2112	624063
2113	624643
2114	625268
2115	625886
2116	626257
2117	626485
2118	626712
2119	627235
2120	627825
2121	628465
2122	629078
2123	629610
2124	629848
2125	630059
2126	630498
2127	631097
2128	631724
2129	632220
2130	632741
2131	632942
2132	633145
2133	633616
2134	634140
2135	634702
2136	635273
2137	635767
2138	635955
2139	636195
2140	636647
2141	637223
2142	637770
2143	638330
2144	638780
2145	638992
2146	639200
2147	639697
2148	640221
2149	640779
2150	641305
2151	641811
2152	642015
2153	642241
2154	642718
2155	643272
2156	643843
2157	644416
2158	644926
2159	645105
2160	645295
2161	645766
2162	646304
2163	646855
2164	647439
2165	647823
2166	648011
2167	648199
2168	648726
2169	649259
2170	649803
2171	650349
2172	650826
2173	651011
2174	651232
2175	651756
2176	652300
2177	652914
2178	653499
2179	654005
2180	654204
2181	654413
2182	654940
2183	655560
2184	656141
2185	656704
2186	657205
2187	657412
2188	657629
2189	658090
2190	658653
2191	659184
2192	659787
2193	660234
2194	660444
2195	660652
2196	661136
2197	661687
2198	662275
2199	662844
2200	663345
2201	663569
2202	663804
2203	664333
2204	664863
2205	665414
2206	665950
2207	666339
2208	666559
2209	666740
2210	667214
2211	667748
2212	668270
2213	668835
2214	669323
2215	669510
2216	669719
2217	670150
2218	670667
2219	671190
2220	671741
2221	672164
2222	672359
2223	672549
2224	672942
2225	673443
2226	673959
2227	674498
2228	674942
2229	675132
2230	675368
2231	675833
2232	676333
2233	676904
2234	677454
2235	677905
2236	678124
2237	678364
2238	678862
2239	679397
2240	679916
2241	680444
2242	680878
2243	681061
2244	681253
2245	681711
2246	682190
2247	682715
2248	683236
2249	683728
2250	683940
2251	684161
2252	684639
2253	685142
2254	685671
2255	686128
2256	686498
2257	686724
2258	686914
2259	687359
2260	687855
2261	688371
2262	688888
2263	689352
2264	689569
2265	689763
2266	690219
2267	690733
2268	691270
2269	691800
2270	692273
2271	692472
2272	692675
2273	693152
2274	693642
2275	694135
2276	694612
2277	695047
2278	695227
2279	695422
2280	695894
2281	696405
2282	696940
2283	697489
2284	697973
2285	698178
2286	698411
2287	698859
2288	699372
2289	699871
2290	700423
2291	700919
2292	701146
2293	701351
2294	701832
2295	702358
2296	702883
2297	703376
2298	703842
2299	704050
2300	704256
2301	704702
2302	705231
2303	705802
2304	706312
2305	706784
2306	707003
2307	707204
2308	707716
2309	708216
2310	708766
2311	709219
2312	709624
2313	709862
2314	710077
2315	710562
2316	711059
2317	711568
2318	712060
2319	712507
2320	712734
2321	712954
2322	713413
2323	713935
2324	714440
2325	714973
2326	715431
2327	715609
2328	715813
2329	716230
2330	716690
2331	717176
2332	717674
2333	718102
2334	718316
2335	718491
2336	718919
2337	719357
2338	719649
2339	719814
2340	720040
2341	720219
2342	720419
2343	720785
2344	721130
2345	721411
2346	721600
2347	721936
2348	722123
2349	722347
2350	722780
2351	723218
2352	723701
2353	724201
2354	724656
2355	724860
2356	725076
2357	725547
2358	726036
2359	726567
2360	727044
2361	727518
2362	727750
2363	727947
2364	728410
2365	728958
2366	729467
2367	729944
2368	730403
2369	730599
2370	730813
2371	731200
2372	731719
2373	732228
2374	732772
2375	733195
2376	733421
2377	733623
2378	734098
2379	734604
2380	735154
2381	735704
2382	736179
2383	736422
2384	736669
2385	737152
2386	737685
2387	738231
2388	738825
2389	739302
2390	739551
2391	739761
2392	740202
2393	740706
2394	741256
2395	741775
2396	742231
2397	742489
2398	742720
2399	743198
2400	743733
2401	744274
2402	744822
2403	745257
2404	745459
2405	745699
2406	746164
2407	746697
2408	747257
2409	747815
2410	748330
2411	748596
2412	748849
2413	749384
2414	749969
2415	750596
2416	751169
2417	751717
2418	751958
2419	752228
2420	752767
2421	753385
2422	754003
2423	754598
2424	755099
2425	755336
2426	755598
2427	756173
2428	756782
2429	757418
2430	757982
2431	758524
2432	758782
2433	759044
2434	759605
2435	760182
2436	760760
2437	761276
2438	761719
2439	761972
2440	762203
2441	762580
2442	763129
2443	763738
2444	764366
2445	764881
2446	765142
2447	765383
2448	765947
2449	766544
2450	767124
2451	767728
2452	768284
2453	768547
2454	768825
2455	769397
2456	770023
2457	770683
2458	771352
2459	771895
2460	772157
2461	772455
2462	773013
2463	773640
2464	774193
2465	774737
2466	775110
2467	775388
2468	775667
2469	776194
2470	776797
2471	777470
2472	778121
2473	778691
2474	778956
2475	779194
2476	779731
2477	780292
2478	780905
2479	781480
2480	782019
2481	782267
2482	782528
2483	783115
2484	783778
2485	784395
2486	785047
2487	785594
2488	785835
2489	786072
2490	786512
2491	787175
2492	787783
2493	788427
2494	789002
2495	789257
2496	789482
2497	790040
2498	790650
2499	791273
2500	791853
2501	792405
2502	792633
2503	792871
2504	793435
2505	794061
2506	794668
2507	795335
2508	795831
2509	796110
2510	796365
2511	796911
2512	797507
2513	798197
2514	798878
2515	799421
2516	799643
2517	799849
2518	800428
2519	801015
2520	801666
2521	802265
2522	802847
2523	803088
2524	803347
2525	803912
2526	804549
2527	805192
2528	805803
2529	806271
2530	806513
2531	806696
2532	807279
2533	807870
2534	808546
2535	809208
2536	809786
2537	810028
2538	810246
2539	810823
2540	811444
2541	812054
2542	812686
2543	813177
2544	813396
2545	813640
2546	814227
2547	814853
2548	815494
2549	816180
2550	816723
2551	816961
2552	817204
2553	817792
2554	818467
2555	819141
2556	819782
2557	820301
2558	820523
2559	820757
2560	821291
2561	821889
2562	822500
2563	823145
2564	823698
2565	823935
2566	824188
2567	824733
2568	825361
2569	825950
2570	826643
2571	827153
2572	827379
2573	827601
2574	828149
2575	828785
2576	829461
2577	830089
2578	830621
2579	830862
2580	831121
2581	831667
2582	832261
2583	832850
2584	833498
2585	833993
2586	834251
2587	834504
2588	834999
2589	835570
2590	836137
2591	836732
2592	837262
2593	837532
2594	837780
2595	838218
2596	838815
2597	839396
2598	839964
2599	840479
2600	840730
2601	840970
2602	841481
2603	842107
2604	842711
2605	843304
2606	843858
2607	844128
2608	844375
2609	844927
2610	845526
2611	846138
2612	846724
2613	847231
2614	847474
2615	847718
2616	848250
2617	848835
2618	849381
2619	849966
2620	850475
2621	850723
2622	850923
2623	851431
2624	852015
2625	852631
2626	853254
2627	853769
2628	854012
2629	854259
2630	854806
2631	855399
2632	855999
2633	856606
2634	857136
2635	857372
2636	857577
2637	858111
2638	858727
2639	859293
2640	859828
2641	860346
2642	860576
2643	860812
2644	861358
2645	861971
2646	862565
2647	863080
2648	863570
2649	863798
2650	864032
2651	864561
2652	865172
2653	865787
2654	866376
2655	866933
2656	867185
2657	867437
2658	867941
2659	868515
2660	869045
2661	869657
2662	870222
2663	870467
2664	870700
2665	871223
2666	871861
2667	872508
2668	873143
2669	873724
2670	873958
2671	874196
2672	874712
2673	875327
2674	875904
2675	876360
2676	876766
2677	877031
2678	877263
2679	877771
2680	878315
2681	878915
2682	879491
2683	880012
2684	880261
2685	880546
2686	881111
2687	881682
2688	882252
2689	882812
2690	883351
2691	883603
2692	883860
2693	884412
2694	885052
2695	885650
2696	886226
2697	886705
2698	886938
2699	887180
2700	887720
2701	888255
2702	888716
2703	889023
2704	889214
2705	889445
2706	889693
2707	890098
2708	890536
2709	891016
2710	891299
2711	891505
2712	891725
2713	891960
2714	892405
2715	892905
2716	893495
2717	894046
2718	894576
2719	894837
2720	895122
2721	895640
2722	896212
2723	896791
2724	897384
2725	897878
2726	898118
2727	898395
2728	898927
2729	899468
2730	900090
2731	900662
2732	901197
2733	901458
2734	901728
2735	902274
2736	902839
2737	903442
2738	904018
2739	904591
2740	904844
2741	905112
2742	905645
2743	906231
2744	906850
2745	907502
2746	908061
2747	908343
2748	908632
2749	909154
2750	909732
2751	910329
2752	910986
2753	911503
2754	911772
2755	912042
2756	912668
2757	913327
2758	913973
2759	914671
2760	915264
2761	915558
2762	915843
2763	916448
2764	917118
2765	917760
2766	918431
2767	919090
2768	919413
2769	919750
2770	920445
2771	921133
2772	921827
2773	922581
2774	923255
2775	923601
2776	923644
