1	2
2	4
3	4
4	4
5	6
6	6
7	6
8	7
9	7
10	7
11	7
12	7
13	7
14	7
15	7
16	8
17	10
18	10
19	11
20	11
21	12
22	13
23	16
24	18
25	18
26	19
27	21
28	22
29	22
30	23
31	24
32	27
33	27
34	28
35	29
36	32
37	32
38	33
39	33
40	34
41	35
42	35
43	37
44	44
45	51
46	63
47	66
48	67
49	70
50	73
51	76
52	80
53	81
54	86
55	87
56	88
57	89
58	90
59	91
60	92
61	96
62	97
63	99
64	100
65	104
66	106
67	109
68	112
69	112
70	112
71	113
72	117
73	120
74	124
75	127
76	127
77	128
78	129
79	136
80	140
81	141
82	143
83	143
84	144
85	145
86	146
87	149
88	150
89	150
90	151
91	151
92	154
93	157
94	157
95	159
96	163
97	164
98	165
99	166
100	168
101	169
102	171
103	172
104	172
105	172
106	177
107	178
108	178
109	180
110	181
111	182
112	183
113	187
114	188
115	189
116	191
117	194
118	196
119	197
120	197
121	197
122	198
123	202
124	205
125	208
126	209
127	210
128	215
129	216
130	218
131	220
132	221
133	223
134	224
135	225
136	228
137	231
138	231
139	232
140	232
141	237
142	238
143	239
144	239
145	239
146	239
147	239
148	239
149	242
150	244
151	244
152	244
153	245
154	246
155	249
156	252
157	253
158	253
159	254
160	255
161	255
162	256
163	258
164	261
165	261
166	265
167	268
168	269
169	270
170	272
171	275
172	277
173	279
174	279
175	281
176	284
177	285
178	287
179	288
180	291
181	291
182	292
183	294
184	296
185	299
186	304
187	309
188	311
189	312
190	316
191	318
192	321
193	327
194	329
195	332
196	332
197	333
198	336
199	339
200	342
201	343
202	345
203	346
204	349
205	354
206	356
207	358
208	360
209	361
210	364
211	366
212	368
213	370
214	373
215	378
216	381
217	383
218	386
219	390
220	391
221	396
222	404
223	408
224	408
225	411
226	413
227	414
228	414
229	417
230	418
231	419
232	424
233	424
234	426
235	429
236	434
237	434
238	434
239	436
240	438
241	442
242	443
243	447
244	447
245	447
246	451
247	452
248	454
249	456
250	456
251	457
252	460
253	462
254	464
255	464
256	464
257	466
258	468
259	471
260	474
261	477
262	480
263	482
264	483
265	483
266	485
267	489
268	493
269	495
270	500
271	503
272	503
273	507
274	508
275	509
276	509
277	511
278	515
279	516
280	517
281	519
282	520
283	524
284	530
285	531
286	532
287	533
288	535
289	540
290	546
291	551
292	551
293	554
294	554
295	557
296	559
297	560
298	565
299	570
300	573
301	573
302	576
303	580
304	584
305	587
306	588
307	590
308	591
309	595
310	598
311	601
312	605
313	608
314	608
315	609
316	611
317	614
318	617
319	620
320	623
321	623
322	624
323	625
324	627
325	629
326	633
327	633
328	634
329	635
330	636
331	641
332	642
333	644
334	645
335	646
336	647
337	651
338	656
339	658
340	660
341	666
342	667
343	667
344	676
345	680
346	688
347	692
348	696
349	698
350	699
351	702
352	704
353	706
354	712
355	717
356	718
357	718
358	720
359	727
360	734
361	737
362	739
363	740
364	741
365	745
366	747
367	748
368	753
369	758
370	759
371	760
372	764
373	766
374	768
375	769
376	773
377	776
378	778
379	780
380	785
381	793
382	795
383	796
384	797
385	799
386	802
387	809
388	813
389	814
390	817
391	817
392	819
393	822
394	824
395	826
396	830
397	834
398	835
399	837
400	840
401	845
402	852
403	855
404	861
405	862
406	863
407	869
408	877
409	880
410	885
411	891
412	896
413	896
414	902
415	910
416	912
417	916
418	918
419	919
420	921
421	925
422	929
423	935
424	938
425	943
426	944
427	948
428	949
429	953
430	956
431	961
432	968
433	971
434	973
435	976
436	981
437	989
438	996
439	999
440	1001
441	1001
442	1007
443	1016
444	1021
445	1028
446	1032
447	1034
448	1038
449	1039
450	1043
451	1047
452	1052
453	1057
454	1063
455	1065
456	1069
457	1072
458	1079
459	1083
460	1088
461	1093
462	1094
463	1098
464	1103
465	1107
466	1111
467	1117
468	1121
469	1123
470	1126
471	1130
472	1134
473	1139
474	1142
475	1145
476	1148
477	1156
478	1164
479	1170
480	1174
481	1178
482	1182
483	1188
484	1195
485	1197
486	1202
487	1204
488	1209
489	1211
490	1212
491	1217
492	1219
493	1225
494	1236
495	1242
496	1246
497	1248
498	1249
499	1251
500	1257
501	1263
502	1265
503	1265
504	1266
505	1268
506	1272
507	1275
508	1277
509	1277
510	1279
511	1281
512	1284
513	1290
514	1290
515	1294
516	1296
517	1296
518	1296
519	1301
520	1305
521	1310
522	1320
523	1325
524	1328
525	1330
526	1337
527	1340
528	1343
529	1346
530	1350
531	1351
532	1353
533	1359
534	1364
535	1374
536	1380
537	1384
538	1386
539	1389
540	1392
541	1398
542	1407
543	1410
544	1414
545	1415
546	1417
547	1420
548	1426
549	1430
550	1437
551	1441
552	1442
553	1443
554	1452
555	1456
556	1461
557	1468
558	1472
559	1477
560	1478
561	1482
562	1486
563	1489
564	1498
565	1504
566	1506
567	1506
568	1517
569	1522
570	1530
571	1539
572	1542
573	1545
574	1548
575	1553
576	1556
577	1567
578	1578
579	1581
580	1583
581	1589
582	1594
583	1601
584	1609
585	1618
586	1625
587	1629
588	1633
589	1639
590	1645
591	1651
592	1659
593	1663
594	1667
595	1670
596	1672
597	1677
598	1683
599	1686
600	1688
601	1690
602	1694
603	1701
604	1705
605	1716
606	1726
607	1729
608	1733
609	1734
610	1737
611	1742
612	1747
613	1754
614	1758
615	1764
616	1765
617	1772
618	1778
619	1784
620	1796
621	1803
622	1807
623	1809
624	1811
625	1819
626	1822
627	1825
628	1831
629	1835
630	1838
631	1840
632	1844
633	1850
634	1857
635	1861
636	1861
637	1864
638	1868
639	1875
640	1883
641	1891
642	1897
643	1902
644	1905
645	1912
646	1918
647	1925
648	1931
649	1937
650	1938
651	1940
652	1946
653	1951
654	1956
655	1964
656	1969
657	1969
658	1973
659	1981
660	1987
661	1991
662	1999
663	2002
664	2007
665	2009
666	2011
667	2019
668	2035
669	2042
670	2051
671	2052
672	2056
673	2060
674	2071
675	2085
676	2097
677	2100
678	2103
679	2104
680	2109
681	2113
682	2122
683	2125
684	2135
685	2139
686	2140
687	2147
688	2158
689	2165
690	2175
691	2183
692	2191
693	2194
694	2202
695	2212
696	2219
697	2223
698	2230
699	2231
700	2233
701	2234
702	2241
703	2253
704	2265
705	2273
706	2279
707	2285
708	2289
709	2293
710	2300
711	2306
712	2312
713	2318
714	2321
715	2328
716	2335
717	2347
718	2353
719	2362
720	2369
721	2371
722	2379
723	2385
724	2393
725	2406
726	2409
727	2410
728	2412
729	2415
730	2425
731	2437
732	2444
733	2453
734	2457
735	2460
736	2473
737	2480
738	2489
739	2500
740	2506
741	2511
742	2512
743	2522
744	2530
745	2539
746	2545
747	2551
748	2552
749	2558
750	2561
751	2571
752	2581
753	2590
754	2601
755	2603
756	2604
757	2610
758	2621
759	2629
760	2637
761	2646
762	2649
763	2657
764	2665
765	2669
766	2685
767	2695
768	2698
769	2704
770	2708
771	2718
772	2722
773	2732
774	2740
775	2748
776	2763
777	2767
778	2771
779	2777
780	2788
781	2801
782	2807
783	2811
784	2818
785	2825
786	2836
787	2846
788	2854
789	2855
790	2859
791	2860
792	2871
793	2878
794	2884
795	2901
796	2907
797	2908
798	2913
799	2916
800	2926
801	2940
802	2952
803	2959
804	2968
805	2972
806	2979
807	2989
808	2999
809	3008
810	3018
811	3021
812	3024
813	3031
814	3038
815	3048
816	3056
817	3058
818	3065
819	3066
820	3073
821	3085
822	3090
823	3093
824	3097
825	3099
826	3102
827	3110
828	3121
829	3129
830	3136
831	3141
832	3146
833	3152
834	3169
835	3176
836	3186
837	3190
838	3202
839	3207
840	3211
841	3219
842	3229
843	3240
844	3247
845	3250
846	3258
847	3260
848	3267
849	3274
850	3281
851	3289
852	3298
853	3303
854	3307
855	3315
856	3334
857	3337
858	3342
859	3355
860	3360
861	3363
862	3370
863	3382
864	3389
865	3393
866	3395
867	3401
868	3406
869	3412
870	3423
871	3432
872	3432
873	3437
874	3440
875	3442
876	3448
877	3457
878	3465
879	3475
880	3482
881	3483
882	3485
883	3494
884	3504
885	3515
886	3524
887	3534
888	3539
889	3542
890	3555
891	3568
892	3582
893	3592
894	3601
895	3605
896	3610
897	3616
898	3625
899	3632
900	3646
901	3661
902	3665
903	3669
904	3684
905	3690
906	3696
907	3706
908	3713
909	3727
910	3731
911	3739
912	3745
913	3752
914	3759
915	3769
916	3775
917	3779
918	3789
919	3800
920	3808
921	3821
922	3835
923	3841
924	3847
925	3858
926	3865
927	3874
928	3885
929	3904
930	3913
931	3916
932	3930
933	3941
934	3948
935	3960
936	3966
937	3973
938	3977
939	3992
940	4003
941	4016
942	4030
943	4046
944	4056
945	4058
946	4061
947	4069
948	4082
949	4100
950	4113
951	4122
952	4129
953	4139
954	4153
955	4161
956	4174
957	4184
958	4186
959	4190
960	4198
961	4212
962	4229
963	4243
964	4251
965	4257
966	4263
967	4272
968	4283
969	4295
970	4311
971	4321
972	4325
973	4327
974	4340
975	4359
976	4369
977	4384
978	4395
979	4398
980	4404
981	4415
982	4429
983	4447
984	4457
985	4472
986	4475
987	4488
988	4504
989	4522
990	4535
991	4548
992	4555
993	4561
994	4565
995	4571
996	4589
997	4605
998	4612
999	4623
1000	4626
1001	4631
1002	4640
1003	4654
1004	4662
1005	4674
1006	4686
1007	4689
1008	4695
1009	4705
1010	4716
1011	4732
1012	4744
1013	4756
1014	4761
1015	4766
1016	4776
1017	4786
1018	4792
1019	4799
1020	4820
1021	4824
1022	4828
1023	4836
1024	4855
1025	4861
1026	4871
1027	4877
1028	4883
1029	4885
1030	4893
1031	4902
1032	4911
1033	4923
1034	4934
1035	4947
1036	4956
1037	4965
1038	4974
1039	4986
1040	5001
1041	5010
1042	5014
1043	5016
1044	5025
1045	5037
1046	5052
1047	5063
1048	5075
1049	5080
1050	5085
1051	5094
1052	5102
1053	5117
1054	5123
1055	5133
1056	5140
1057	5146
1058	5153
1059	5157
1060	5167
1061	5180
1062	5189
1063	5192
1064	5194
1065	5203
1066	5209
1067	5229
1068	5240
1069	5257
1070	5258
1071	5259
1072	5266
1073	5281
1074	5291
1075	5298
1076	5312
1077	5315
1078	5316
1079	5325
1080	5337
1081	5349
1082	5366
1083	5381
1084	5385
1085	5387
1086	5399
1087	5412
1088	5424
1089	5437
1090	5452
1091	5456
1092	5460
1093	5467
1094	5482
1095	5497
1096	5512
1097	5522
1098	5527
1099	5533
1100	5543
1101	5555
1102	5566
1103	5577
1104	5589
1105	5593
1106	5598
1107	5606
1108	5622
1109	5634
1110	5646
1111	5660
1112	5663
1113	5668
1114	5679
1115	5696
1116	5704
1117	5725
1118	5736
1119	5741
1120	5745
1121	5752
1122	5768
1123	5778
1124	5797
1125	5809
1126	5814
1127	5815
1128	5821
1129	5831
1130	5839
1131	5852
1132	5861
1133	5871
1134	5874
1135	5883
1136	5895
1137	5913
1138	5928
1139	5938
1140	5942
1141	5945
1142	5953
1143	5964
1144	5977
1145	5990
1146	6002
1147	6009
1148	6013
1149	6031
1150	6045
1151	6056
1152	6073
1153	6081
1154	6088
1155	6094
1156	6099
1157	6115
1158	6129
1159	6139
1160	6160
1161	6169
1162	6175
1163	6185
1164	6201
1165	6220
1166	6230
1167	6242
1168	6245
1169	6253
1170	6265
1171	6274
1172	6285
1173	6306
1174	6321
1175	6324
1176	6328
1177	6338
1178	6355
1179	6372
1180	6390
1181	6402
1182	6408
1183	6419
1184	6431
1185	6443
1186	6460
1187	6469
1188	6480
1189	6488
1190	6496
1191	6512
1192	6527
1193	6538
1194	6555
1195	6567
1196	6580
1197	6590
1198	6606
1199	6619
1200	6637
1201	6653
1202	6660
1203	6663
1204	6667
1205	6677
1206	6689
1207	6706
1208	6712
1209	6725
1210	6735
1211	6743
1212	6750
1213	6767
1214	6783
1215	6794
1216	6807
1217	6815
1218	6826
1219	6839
1220	6853
1221	6864
1222	6879
1223	6894
1224	6898
1225	6906
1226	6920
1227	6931
1228	6946
1229	6964
1230	6976
1231	6986
1232	6989
1233	7002
1234	7017
1235	7040
1236	7061
1237	7071
1238	7078
1239	7088
1240	7098
1241	7113
1242	7131
1243	7144
1244	7156
1245	7166
1246	7169
1247	7187
1248	7199
1249	7219
1250	7233
1251	7242
1252	7252
1253	7261
1254	7279
1255	7293
1256	7304
1257	7320
1258	7332
1259	7335
1260	7336
1261	7351
1262	7367
1263	7392
1264	7413
1265	7432
1266	7437
1267	7440
1268	7451
1269	7468
1270	7492
1271	7510
1272	7524
1273	7533
1274	7543
1275	7556
1276	7573
1277	7588
1278	7606
1279	7628
1280	7630
1281	7646
1282	7663
1283	7674
1284	7688
1285	7710
1286	7723
1287	7730
1288	7737
1289	7757
1290	7771
1291	7792
1292	7815
1293	7831
1294	7836
1295	7846
1296	7864
1297	7883
1298	7902
1299	7919
1300	7938
1301	7946
1302	7959
1303	7978
1304	7992
1305	8019
1306	8039
1307	8062
1308	8068
1309	8076
1310	8093
1311	8112
1312	8135
1313	8150
1314	8167
1315	8175
1316	8186
1317	8203
1318	8231
1319	8246
1320	8260
1321	8277
1322	8282
1323	8290
1324	8300
1325	8313
1326	8326
1327	8345
1328	8360
1329	8368
1330	8376
1331	8395
1332	8412
1333	8437
1334	8458
1335	8472
1336	8485
1337	8493
1338	8514
1339	8535
1340	8558
1341	8576
1342	8586
1343	8596
1344	8607
1345	8621
1346	8636
1347	8653
1348	8672
1349	8691
1350	8695
1351	8698
1352	8715
1353	8729
1354	8752
1355	8772
1356	8786
1357	8794
1358	8803
1359	8818
1360	8828
1361	8839
1362	8855
1363	8867
1364	8875
1365	8887
1366	8901
1367	8918
1368	8939
1369	8959
1370	8969
1371	8976
1372	8988
1373	9007
1374	9017
1375	9038
1376	9060
1377	9073
1378	9078
1379	9088
1380	9113
1381	9138
1382	9160
1383	9174
1384	9197
1385	9208
1386	9218
1387	9234
1388	9256
1389	9268
1390	9285
1391	9304
1392	9308
1393	9312
1394	9327
1395	9344
1396	9366
1397	9383
1398	9406
1399	9412
1400	9417
1401	9427
1402	9448
1403	9469
1404	9485
1405	9501
1406	9512
1407	9518
1408	9541
1409	9558
1410	9569
1411	9589
1412	9611
1413	9623
1414	9630
1415	9650
1416	9675
1417	9688
1418	9709
1419	9726
1420	9736
1421	9744
1422	9763
1423	9784
1424	9803
1425	9831
1426	9842
1427	9849
1428	9856
1429	9874
1430	9900
1431	9925
1432	9947
1433	9966
1434	9977
1435	9980
1436	9999
1437	10018
1438	10037
1439	10066
1440	10093
1441	10106
1442	10115
1443	10135
1444	10166
1445	10185
1446	10214
1447	10244
1448	10254
1449	10262
1450	10292
1451	10317
1452	10335
1453	10358
1454	10382
1455	10392
1456	10400
1457	10426
1458	10439
1459	10457
1460	10480
1461	10504
1462	10510
1463	10515
1464	10530
1465	10550
1466	10568
1467	10592
1468	10607
1469	10620
1470	10624
1471	10654
1472	10676
1473	10699
1474	10721
1475	10737
1476	10747
1477	10756
1478	10773
1479	10791
1480	10816
1481	10835
1482	10856
1483	10861
1484	10869
1485	10893
1486	10915
1487	10936
1488	10953
1489	10970
1490	10982
1491	10993
1492	11005
1493	11024
1494	11040
1495	11058
1496	11075
1497	11084
1498	11093
1499	11109
1500	11127
1501	11143
1502	11164
1503	11183
1504	11193
1505	11205
1506	11219
1507	11240
1508	11259
1509	11282
1510	11303
1511	11309
1512	11318
1513	11332
1514	11349
1515	11376
1516	11399
1517	11424
1518	11433
1519	11443
1520	11460
1521	11479
1522	11499
1523	11521
1524	11540
1525	11553
1526	11568
1527	11594
1528	11618
1529	11642
1530	11675
1531	11701
1532	11715
1533	11723
1534	11741
1535	11757
1536	11786
1537	11811
1538	11833
1539	11842
1540	11855
1541	11884
1542	11900
1543	11922
1544	11946
1545	11973
1546	11986
1547	11994
1548	12006
1549	12027
1550	12054
1551	12078
1552	12097
1553	12108
1554	12116
1555	12132
1556	12151
1557	12179
1558	12206
1559	12227
1560	12245
1561	12260
1562	12291
1563	12303
1564	12325
1565	12351
1566	12372
1567	12387
1568	12392
1569	12415
1570	12439
1571	12468
1572	12492
1573	12506
1574	12513
1575	12520
1576	12547
1577	12570
1578	12601
1579	12628
1580	12651
1581	12664
1582	12686
1583	12705
1584	12733
1585	12762
1586	12789
1587	12818
1588	12833
1589	12840
1590	12863
1591	12881
1592	12903
1593	12930
1594	12957
1595	12963
1596	12976
1597	12996
1598	13018
1599	13040
1600	13071
1601	13087
1602	13093
1603	13104
1604	13117
1605	13124
1606	13146
1607	13165
1608	13173
1609	13184
1610	13200
1611	13213
1612	13223
1613	13241
1614	13258
1615	13285
1616	13296
1617	13307
1618	13335
1619	13358
1620	13378
1621	13414
1622	13432
1623	13440
1624	13452
1625	13481
1626	13514
1627	13534
1628	13561
1629	13586
1630	13599
1631	13609
1632	13635
1633	13666
1634	13694
1635	13716
1636	13735
1637	13750
1638	13760
1639	13783
1640	13809
1641	13835
1642	13858
1643	13886
1644	13894
1645	13910
1646	13945
1647	13973
1648	13998
1649	14027
1650	14045
1651	14056
1652	14071
1653	14091
1654	14116
1655	14142
1656	14172
1657	14200
1658	14210
1659	14227
1660	14260
1661	14291
1662	14317
1663	14349
1664	14378
1665	14395
1666	14405
1667	14427
1668	14465
1669	14491
1670	14520
1671	14539
1672	14547
1673	14560
1674	14580
1675	14608
1676	14633
1677	14666
1678	14698
1679	14710
1680	14718
1681	14743
1682	14775
1683	14802
1684	14835
1685	14864
1686	14877
1687	14887
1688	14914
1689	14942
1690	14969
1691	14995
1692	15021
1693	15033
1694	15046
1695	15074
1696	15095
1697	15115
1698	15148
1699	15168
1700	15179
1701	15188
1702	15217
1703	15245
1704	15280
1705	15313
1706	15343
1707	15356
1708	15365
1709	15389
1710	15407
1711	15444
1712	15474
1713	15496
1714	15511
1715	15520
1716	15543
1717	15568
1718	15598
1719	15626
1720	15654
1721	15668
1722	15684
1723	15704
1724	15731
1725	15749
1726	15779
1727	15806
1728	15819
1729	15837
1730	15865
1731	15892
1732	15908
1733	15925
1734	15950
1735	15957
1736	15972
1737	15994
1738	16014
1739	16043
1740	16075
1741	16101
1742	16111
1743	16118
1744	16154
1745	16182
1746	16216
1747	16240
1748	16267
1749	16282
1750	16289
1751	16314
1752	16342
1753	16362
1754	16396
1755	16423
1756	16434
1757	16446
1758	16465
1759	16494
1760	16525
1761	16558
1762	16583
1763	16600
1764	16612
1765	16632
1766	16670
1767	16701
1768	16736
1769	16775
1770	16795
1771	16804
1772	16822
1773	16853
1774	16876
1775	16910
1776	16931
1777	16942
1778	16947
1779	16965
1780	16991
1781	17021
1782	17056
1783	17085
1784	17091
1785	17100
1786	17127
1787	17153
1788	17181
1789	17214
1790	17243
1791	17254
1792	17262
1793	17284
1794	17309
1795	17336
1796	17359
1797	17381
1798	17392
1799	17401
1800	17429
1801	17463
1802	17494
1803	17528
1804	17554
1805	17563
1806	17571
1807	17596
1808	17619
1809	17648
1810	17672
1811	17701
1812	17709
1813	17717
1814	17742
1815	17766
1816	17802
1817	17830
1818	17857
1819	17869
1820	17879
1821	17914
1822	17941
1823	17964
1824	17984
1825	18010
1826	18019
1827	18029
1828	18049
1829	18082
1830	18116
1831	18154
1832	18169
1833	18185
1834	18192
1835	18224
1836	18252
1837	18281
1838	18309
1839	18339
1840	18345
1841	18357
1842	18395
1843	18418
1844	18455
1845	18483
1846	18519
1847	18526
1848	18537
1849	18566
1850	18594
1851	18630
1852	18661
1853	18688
1854	18700
1855	18710
1856	18735
1857	18760
1858	18793
1859	18823
1860	18849
1861	18865
1862	18877
1863	18893
1864	18921
1865	18938
1866	18978
1867	19008
1868	19027
1869	19047
1870	19073
1871	19108
1872	19135
1873	19166
1874	19201
1875	19213
1876	19231
1877	19265
1878	19291
1879	19329
1880	19368
1881	19399
1882	19410
1883	19425
1884	19472
1885	19502
1886	19531
1887	19558
1888	19587
1889	19598
1890	19609
1891	19640
1892	19672
1893	19711
1894	19742
1895	19774
1896	19795
1897	19810
1898	19841
1899	19871
1900	19898
1901	19930
1902	19966
1903	19986
1904	20002
1905	20035
1906	20068
1907	20109
1908	20149
1909	20182
1910	20195
1911	20208
1912	20239
1913	20267
1914	20306
1915	20335
1916	20358
1917	20379
1918	20396
1919	20415
1920	20447
1921	20483
1922	20523
1923	20555
1924	20571
1925	20588
1926	20621
1927	20673
1928	20712
1929	20746
1930	20773
1931	20782
1932	20793
1933	20832
1934	20871
1935	20911
1936	20944
1937	20984
1938	21005
1939	21021
1940	21063
1941	21101
1942	21151
1943	21184
1944	21207
1945	21224
1946	21235
1947	21273
1948	21308
1949	21347
1950	21387
1951	21419
1952	21448
1953	21466
1954	21492
1955	21530
1956	21568
1957	21597
1958	21634
1959	21648
1960	21668
1961	21708
1962	21752
1963	21791
1964	21821
1965	21838
1966	21852
1967	21862
1968	21888
1969	21907
1970	21932
1971	21958
1972	21985
1973	22005
1974	22019
1975	22036
1976	22055
1977	22067
1978	22103
1979	22138
1980	22153
1981	22161
1982	22196
1983	22236
1984	22282
1985	22315
1986	22362
1987	22383
1988	22397
1989	22431
1990	22477
1991	22506
1992	22540
1993	22575
1994	22595
1995	22608
1996	22632
1997	22674
1998	22712
1999	22759
2000	22788
2001	22804
2002	22828
2003	22860
2004	22896
2005	22942
2006	22973
2007	23003
2008	23026
2009	23046
2010	23088
2011	23114
2012	23156
2013	23190
2014	23227
2015	23254
2016	23273
2017	23300
2018	23331
2019	23369
2020	23407
2021	23448
2022	23466
2023	23481
2024	23507
2025	23545
2026	23587
2027	23639
2028	23679
2029	23709
2030	23723
2031	23752
2032	23792
2033	23853
2034	23898
2035	23939
2036	23949
2037	23969
2038	23996
2039	24047
2040	24087
2041	24124
2042	24165
2043	24173
2044	24193
2045	24231
2046	24270
2047	24312
2048	24354
2049	24392
2050	24408
2051	24426
2052	24450
2053	24482
2054	24527
2055	24564
2056	24594
2057	24609
2058	24633
2059	24664
2060	24714
2061	24763
2062	24811
2063	24857
2064	24874
2065	24891
2066	24918
2067	24947
2068	24986
2069	25039
2070	25085
2071	25095
2072	25113
2073	25144
2074	25177
2075	25214
2076	25250
2077	25296
2078	25314
2079	25329
2080	25356
2081	25384
2082	25423
2083	25453
2084	25485
2085	25503
2086	25530
2087	25548
2088	25574
2089	25619
2090	25665
2091	25697
2092	25720
2093	25741
2094	25766
2095	25799
2096	25836
2097	25874
2098	25910
2099	25922
2100	25939
2101	25965
2102	25991
2103	26024
2104	26060
2105	26084
2106	26100
2107	26118
2108	26141
2109	26165
2110	26197
2111	26213
2112	26235
2113	26247
2114	26256
2115	26286
2116	26326
2117	26352
2118	26385
2119	26408
2120	26431
2121	26446
2122	26465
2123	26496
2124	26521
2125	26548
2126	26581
2127	26599
2128	26611
2129	26644
2130	26679
2131	26711
2132	26744
2133	26762
2134	26773
2135	26790
2136	26813
2137	26842
2138	26872
2139	26903
2140	26939
2141	26950
2142	26961
2143	26993
2144	27031
2145	27065
2146	27097
2147	27134
2148	27145
2149	27154
2150	27180
2151	27206
2152	27244
2153	27271
2154	27304
2155	27314
2156	27324
2157	27342
2158	27374
2159	27412
2160	27441
2161	27465
2162	27476
2163	27492
2164	27522
2165	27565
2166	27601
2167	27629
2168	27661
2169	27675
2170	27683
2171	27714
2172	27751
2173	27785
2174	27820
2175	27852
2176	27865
2177	27872
2178	27900
2179	27943
2180	27975
2181	28011
2182	28031
2183	28048
2184	28061
2185	28082
2186	28111
2187	28138
2188	28169
2189	28192
2190	28202
2191	28226
2192	28251
2193	28285
2194	28317
2195	28356
2196	28386
2197	28401
2198	28411
2199	28439
2200	28470
2201	28505
2202	28527
2203	28549
2204	28562
2205	28572
2206	28600
2207	28622
2208	28646
2209	28674
2210	28702
2211	28726
2212	28738
2213	28763
2214	28799
2215	28835
2216	28863
2217	28900
2218	28909
2219	28927
2220	28951
2221	28976
2222	29011
2223	29044
2224	29070
2225	29089
2226	29101
2227	29134
2228	29170
2229	29211
2230	29241
2231	29281
2232	29293
2233	29308
2234	29346
2235	29378
2236	29420
2237	29453
2238	29478
2239	29494
2240	29508
2241	29538
2242	29567
2243	29600
2244	29628
2245	29655
2246	29675
2247	29696
2248	29728
2249	29771
2250	29798
2251	29821
2252	29845
2253	29856
2254	29871
2255	29897
2256	29928
2257	29968
2258	29991
2259	30021
2260	30038
2261	30055
2262	30094
2263	30121
2264	30144
2265	30180
2266	30208
2267	30218
2268	30233
2269	30261
2270	30289
2271	30316
2272	30348
2273	30372
2274	30382
2275	30394
2276	30420
2277	30448
2278	30481
2279	30499
2280	30520
2281	30531
2282	30542
2283	30570
2284	30609
2285	30649
2286	30685
2287	30717
2288	30726
2289	30739
2290	30765
2291	30790
2292	30822
2293	30858
2294	30876
2295	30896
2296	30901
2297	30936
2298	30973
2299	31010
2300	31049
2301	31081
2302	31093
2303	31105
2304	31146
2305	31185
2306	31206
2307	31230
2308	31252
2309	31267
2310	31282
2311	31323
2312	31354
2313	31389
2314	31416
2315	31449
2316	31465
2317	31484
2318	31522
2319	31553
2320	31587
2321	31615
2322	31647
2323	31657
2324	31673
2325	31698
2326	31722
2327	31747
2328	31775
2329	31793
2330	31802
2331	31811
2332	31835
2333	31858
2334	31874
2335	31884
2336	31907
2337	31919
2338	31928
2339	31946
2340	31969
2341	31986
2342	32002
2343	32019
2344	32027
2345	32045
2346	32070
2347	32100
2348	32128
2349	32157
2350	32187
2351	32202
2352	32219
2353	32252
2354	32280
2355	32321
2356	32348
2357	32368
2358	32379
2359	32393
2360	32413
2361	32446
2362	32477
2363	32511
2364	32545
2365	32564
2366	32578
2367	32604
2368	32643
2369	32675
2370	32711
2371	32742
2372	32755
2373	32780
2374	32810
2375	32852
2376	32891
2377	32932
2378	32958
2379	32983
2380	33005
2381	33037
2382	33072
2383	33097
2384	33126
2385	33164
2386	33176
2387	33188
2388	33230
2389	33253
2390	33288
2391	33323
2392	33351
2393	33371
2394	33385
2395	33424
2396	33459
2397	33499
2398	33535
2399	33566
2400	33587
2401	33605
2402	33633
2403	33671
2404	33719
2405	33745
2406	33783
2407	33796
2408	33820
2409	33860
2410	33900
2411	33928
2412	33967
2413	34010
2414	34024
2415	34043
2416	34088
2417	34127
2418	34152
2419	34186
2420	34220
2421	34233
2422	34253
2423	34284
2424	34328
2425	34369
2426	34415
2427	34449
2428	34464
2429	34487
2430	34517
2431	34548
2432	34602
2433	34634
2434	34660
2435	34671
2436	34679
2437	34703
2438	34738
2439	34774
2440	34810
2441	34844
2442	34857
2443	34875
2444	34906
2445	34946
2446	34987
2447	35022
2448	35060
2449	35083
2450	35102
2451	35149
2452	35199
2453	35245
2454	35303
2455	35337
2456	35352
2457	35368
2458	35402
2459	35438
2460	35473
2461	35510
2462	35531
2463	35544
2464	35564
2465	35597
2466	35633
2467	35668
2468	35700
2469	35720
2470	35737
2471	35750
2472	35781
2473	35824
2474	35849
2475	35882
2476	35907
2477	35926
2478	35934
2479	35969
2480	35998
2481	36043
2482	36077
2483	36114
2484	36129
2485	36147
2486	36186
2487	36229
2488	36264
2489	36298
2490	36313
2491	36333
2492	36349
2493	36384
2494	36422
2495	36469
2496	36511
2497	36552
2498	36565
2499	36575
2500	36608
2501	36643
2502	36683
2503	36729
2504	36759
2505	36779
2506	36798
2507	36829
2508	36876
2509	36923
2510	36959
2511	36988
2512	37002
2513	37012
2514	37051
2515	37086
2516	37119
2517	37154
2518	37194
2519	37212
2520	37223
2521	37263
2522	37299
2523	37339
2524	37375
2525	37400
2526	37407
2527	37422
2528	37453
2529	37484
2530	37530
2531	37566
2532	37598
2533	37615
2534	37625
2535	37663
2536	37692
2537	37727
2538	37766
2539	37800
2540	37810
2541	37819
2542	37846
2543	37877
2544	37916
2545	37948
2546	37984
2547	37995
2548	38009
2549	38037
2550	38078
2551	38118
2552	38161
2553	38190
2554	38199
2555	38213
2556	38241
2557	38277
2558	38305
2559	38333
2560	38370
2561	38386
2562	38399
2563	38420
2564	38453
2565	38486
2566	38525
2567	38545
2568	38556
2569	38564
2570	38587
2571	38625
2572	38658
2573	38701
2574	38733
2575	38740
2576	38754
2577	38789
2578	38835
2579	38869
2580	38895
2581	38916
2582	38925
2583	38940
2584	38971
2585	39001
2586	39049
2587	39081
2588	39107
2589	39112
2590	39122
2591	39137
2592	39167
2593	39195
2594	39233
2595	39257
2596	39269
2597	39290
2598	39315
2599	39338
2600	39364
2601	39388
2602	39417
2603	39429
2604	39437
2605	39461
2606	39493
2607	39521
2608	39568
2609	39602
2610	39615
2611	39632
2612	39658
2613	39688
2614	39720
2615	39746
2616	39777
2617	39791
2618	39806
2619	39836
2620	39872
2621	39918
2622	39956
2623	39996
2624	40020
2625	40040
2626	40070
2627	40101
2628	40139
2629	40175
2630	40206
2631	40228
2632	40238
2633	40274
2634	40302
2635	40338
2636	40384
2637	40416
2638	40428
2639	40457
2640	40487
2641	40516
2642	40551
2643	40583
2644	40621
2645	40640
2646	40656
2647	40686
2648	40721
2649	40748
2650	40798
2651	40822
2652	40838
2653	40859
2654	40890
2655	40926
2656	40952
2657	40983
2658	41015
2659	41027
2660	41043
2661	41075
2662	41112
2663	41144
2664	41188
2665	41216
2666	41230
2667	41251
2668	41288
2669	41325
2670	41353
2671	41383
2672	41408
2673	41430
2674	41445
2675	41474
2676	41506
2677	41539
2678	41579
2679	41612
2680	41632
2681	41657
2682	41689
2683	41726
2684	41762
2685	41799
2686	41828
2687	41845
2688	41863
2689	41898
2690	41937
2691	41978
2692	42011
2693	42045
2694	42066
2695	42081
2696	42110
2697	42147
2698	42178
2699	42196
2700	42209
2701	42222
2702	42234
2703	42254
2704	42273
2705	42311
2706	42328
2707	42342
2708	42359
2709	42370
2710	42394
2711	42423
2712	42453
2713	42480
2714	42506
2715	42522
2716	42543
2717	42578
2718	42618
2719	42653
2720	42686
2721	42712
2722	42727
2723	42745
2724	42779
2725	42807
2726	42847
2727	42879
2728	42910
2729	42927
2730	42950
2731	42979
2732	43007
2733	43043
2734	43097
2735	43137
2736	43144
2737	43155
2738	43181
2739	43219
2740	43253
2741	43297
2742	43336
2743	43358
2744	43366
2745	43389
2746	43422
2747	43465
2748	43509
2749	43549
2750	43574
2751	43591
2752	43636
2753	43681
2754	43717
2755	43743
2756	43784
2757	43810
2758	43829
2759	43877
2760	43923
2761	43967
2762	44012
2763	44050
2764	44064
2765	44083
2766	44127
2767	44172
2768	44222
2769	44268
2770	44312
2771	44338
2772	44341
