1	4
2	9
3	12
4	19
5	22
6	28
7	30
8	30
9	31
10	32
11	34
12	35
13	36
14	38
15	39
16	42
17	45
18	49
19	53
20	61
21	67
22	69
23	71
24	77
25	84
26	89
27	97
28	109
29	120
30	127
31	136
32	145
33	154
34	167
35	174
36	181
37	188
38	200
39	210
40	222
41	227
42	234
43	242
44	245
45	269
46	308
47	339
48	370
49	391
50	408
51	426
52	462
53	499
54	528
55	558
56	588
57	597
58	605
59	627
60	643
61	669
62	687
63	708
64	715
65	730
66	746
67	766
68	786
69	802
70	824
71	829
72	836
73	853
74	864
75	885
76	907
77	928
78	942
79	950
80	959
81	982
82	1006
83	1020
84	1031
85	1041
86	1051
87	1066
88	1089
89	1101
90	1121
91	1136
92	1142
93	1148
94	1167
95	1181
96	1193
97	1213
98	1235
99	1241
100	1254
101	1266
102	1278
103	1296
104	1315
105	1328
106	1333
107	1342
108	1366
109	1381
110	1401
111	1423
112	1439
113	1456
114	1470
115	1478
116	1495
117	1509
118	1520
119	1531
120	1552
121	1561
122	1575
123	1588
124	1607
125	1624
126	1641
127	1652
128	1662
129	1673
130	1695
131	1714
132	1729
133	1748
134	1758
135	1769
136	1789
137	1807
138	1830
139	1849
140	1859
141	1867
142	1876
143	1891
144	1903
145	1913
146	1916
147	1925
148	1935
149	1941
150	1952
151	1966
152	1978
153	1996
154	2008
155	2022
156	2033
157	2047
158	2062
159	2085
160	2100
161	2120
162	2130
163	2146
164	2163
165	2193
166	2221
167	2243
168	2264
169	2280
170	2296
171	2320
172	2331
173	2362
174	2387
175	2416
176	2433
177	2448
178	2459
179	2477
180	2502
181	2532
182	2552
183	2561
184	2579
185	2588
186	2609
187	2635
188	2662
189	2687
190	2703
191	2720
192	2750
193	2778
194	2799
195	2829
196	2849
197	2859
198	2876
199	2894
200	2921
201	2939
202	2959
203	2984
204	2994
205	3011
206	3048
207	3068
208	3078
209	3104
210	3120
211	3141
212	3159
213	3188
214	3216
215	3238
216	3255
217	3281
218	3296
219	3311
220	3339
221	3358
222	3381
223	3415
224	3444
225	3457
226	3479
227	3503
228	3527
229	3550
230	3571
231	3598
232	3607
233	3619
234	3646
235	3680
236	3710
237	3738
238	3762
239	3770
240	3780
241	3808
242	3842
243	3874
244	3900
245	3927
246	3942
247	3952
248	3978
249	3993
250	4019
251	4041
252	4055
253	4075
254	4082
255	4105
256	4126
257	4153
258	4181
259	4213
260	4227
261	4239
262	4271
263	4302
264	4337
265	4362
266	4395
267	4412
268	4428
269	4455
270	4486
271	4505
272	4529
273	4556
274	4571
275	4594
276	4624
277	4645
278	4672
279	4698
280	4722
281	4746
282	4768
283	4799
284	4841
285	4876
286	4917
287	4954
288	4975
289	5002
290	5028
291	5073
292	5109
293	5152
294	5186
295	5203
296	5225
297	5249
298	5283
299	5321
300	5365
301	5399
302	5420
303	5440
304	5471
305	5507
306	5541
307	5564
308	5591
309	5612
310	5635
311	5658
312	5695
313	5732
314	5772
315	5805
316	5824
317	5841
318	5877
319	5911
320	5946
321	5987
322	6031
323	6048
324	6073
325	6104
326	6156
327	6182
328	6215
329	6239
330	6258
331	6283
332	6326
333	6360
334	6387
335	6430
336	6465
337	6485
338	6502
339	6535
340	6576
341	6611
342	6649
343	6697
344	6716
345	6738
346	6784
347	6815
348	6855
349	6885
350	6923
351	6939
352	6962
353	7005
354	7045
355	7081
356	7125
357	7152
358	7169
359	7197
360	7246
361	7276
362	7332
363	7364
364	7402
365	7419
366	7437
367	7476
368	7506
369	7549
370	7582
371	7615
372	7637
373	7660
374	7701
375	7735
376	7779
377	7825
378	7859
379	7872
380	7891
381	7931
382	7978
383	8038
384	8091
385	8131
386	8152
387	8176
388	8212
389	8248
390	8289
391	8330
392	8362
393	8380
394	8402
395	8426
396	8454
397	8492
398	8525
399	8561
400	8582
401	8604
402	8636
403	8678
404	8718
405	8768
406	8820
407	8839
408	8866
409	8908
410	8939
411	8975
412	9015
413	9058
414	9083
415	9106
416	9149
417	9195
418	9239
419	9282
420	9316
421	9346
422	9377
423	9405
424	9446
425	9483
426	9519
427	9555
428	9586
429	9620
430	9677
431	9725
432	9775
433	9826
434	9876
435	9914
436	9941
437	9986
438	10029
439	10067
440	10115
441	10162
442	10191
443	10221
444	10263
445	10322
446	10380
447	10430
448	10481
449	10511
450	10543
451	10586
452	10649
453	10715
454	10777
455	10821
456	10857
457	10879
458	10937
459	10983
460	11035
461	11093
462	11163
463	11185
464	11222
465	11277
466	11347
467	11406
468	11470
469	11523
470	11569
471	11606
472	11664
473	11738
474	11778
475	11835
476	11904
477	11933
478	11974
479	12047
480	12108
481	12165
482	12223
483	12279
484	12312
485	12352
486	12403
487	12467
488	12537
489	12596
490	12652
491	12673
492	12705
493	12758
494	12821
495	12895
496	12957
497	13016
498	13053
499	13083
500	13147
501	13234
502	13307
503	13371
504	13426
505	13459
506	13492
507	13550
508	13603
509	13649
510	13697
511	13717
512	13748
513	13790
514	13840
515	13891
516	13940
517	13980
518	14008
519	14047
520	14102
521	14163
522	14223
523	14296
524	14385
525	14451
526	14496
527	14539
528	14592
529	14669
530	14751
531	14831
532	14884
533	14921
534	14965
535	15034
536	15116
537	15208
538	15289
539	15342
540	15394
541	15442
542	15513
543	15586
544	15686
545	15751
546	15815
547	15846
548	15902
549	15969
550	16046
551	16138
552	16210
553	16271
554	16323
555	16373
556	16430
557	16499
558	16575
559	16648
560	16718
561	16763
562	16819
563	16885
564	16963
565	17041
566	17117
567	17189
568	17240
569	17280
570	17370
571	17451
572	17529
573	17597
574	17662
575	17699
576	17754
577	17829
578	17905
579	17988
580	18060
581	18127
582	18176
583	18232
584	18313
585	18385
586	18468
587	18547
588	18619
589	18670
590	18716
591	18774
592	18841
593	18918
594	18990
595	19034
596	19080
597	19120
598	19187
599	19267
600	19346
601	19405
602	19480
603	19516
604	19564
605	19645
606	19716
607	19809
608	19864
609	19920
610	19964
611	20008
612	20064
613	20128
614	20186
615	20267
616	20341
617	20384
618	20428
619	20479
620	20550
621	20634
622	20711
623	20780
624	20825
625	20861
626	20929
627	21012
628	21074
629	21132
630	21193
631	21236
632	21268
633	21342
634	21414
635	21484
636	21557
637	21625
638	21663
639	21714
640	21776
641	21851
642	21930
643	21995
644	22056
645	22101
646	22144
647	22210
648	22269
649	22332
650	22396
651	22476
652	22518
653	22563
654	22658
655	22736
656	22814
657	22900
658	22978
659	23023
660	23080
661	23158
662	23259
663	23355
664	23445
665	23513
666	23561
667	23601
668	23654
669	23730
670	23806
671	23902
672	23969
673	24020
674	24078
675	24157
676	24230
677	24323
678	24414
679	24494
680	24532
681	24588
682	24668
683	24757
684	24856
685	24922
686	24992
687	25046
688	25091
689	25173
690	25259
691	25342
692	25444
693	25522
694	25562
695	25608
696	25690
697	25783
698	25875
699	25975
700	26059
701	26109
702	26162
703	26235
704	26315
705	26428
706	26518
707	26626
708	26676
709	26732
710	26830
711	26933
712	27042
713	27141
714	27239
715	27302
716	27360
717	27457
718	27565
719	27667
720	27755
721	27835
722	27898
723	27951
724	28042
725	28138
726	28245
727	28328
728	28440
729	28511
730	28562
731	28679
732	28773
733	28872
734	28970
735	29052
736	29105
737	29150
738	29245
739	29337
740	29427
741	29530
742	29613
743	29670
744	29728
745	29816
746	29928
747	30021
748	30131
749	30216
750	30254
751	30305
752	30380
753	30479
754	30579
755	30678
756	30759
757	30801
758	30854
759	30932
760	31028
761	31127
762	31201
763	31270
764	31316
765	31351
766	31428
767	31508
768	31596
769	31694
770	31786
771	31851
772	31908
773	32001
774	32085
775	32176
776	32275
777	32349
778	32388
779	32440
780	32521
781	32611
782	32695
783	32778
784	32857
785	32900
786	32938
787	33014
788	33112
789	33210
790	33293
791	33377
792	33431
793	33492
794	33585
795	33678
796	33775
797	33889
798	33977
799	34028
800	34094
801	34172
802	34263
803	34363
804	34465
805	34570
806	34632
807	34688
808	34782
809	34881
810	34987
811	35088
812	35192
813	35268
814	35341
815	35433
816	35532
817	35639
818	35757
819	35837
820	35890
821	35955
822	36041
823	36133
824	36238
825	36356
826	36465
827	36543
828	36589
829	36677
830	36789
831	36896
832	37007
833	37097
834	37163
835	37222
836	37314
837	37411
838	37511
839	37617
840	37704
841	37762
842	37818
843	37909
844	37988
845	38086
846	38164
847	38236
848	38299
849	38361
850	38455
851	38552
852	38655
853	38745
854	38835
855	38899
856	38979
857	39077
858	39180
859	39280
860	39369
861	39475
862	39538
863	39591
864	39686
865	39785
866	39877
867	39973
868	40047
869	40107
870	40177
871	40273
872	40381
873	40473
874	40548
875	40613
876	40669
877	40721
878	40783
879	40851
880	40937
881	40995
882	41043
883	41093
884	41139
885	41231
886	41321
887	41422
888	41518
889	41620
890	41680
891	41752
892	41852
893	41951
894	42062
895	42161
896	42266
897	42348
898	42420
899	42537
900	42637
901	42769
902	42879
903	42983
904	43044
905	43110
906	43230
907	43344
908	43453
909	43555
910	43670
911	43760
912	43842
913	43933
914	44053
915	44186
916	44315
917	44441
918	44521
919	44605
920	44698
921	44830
922	44944
923	45056
924	45181
925	45261
926	45349
927	45461
928	45577
929	45705
930	45828
931	45944
932	46013
933	46097
934	46222
935	46367
936	46513
937	46626
938	46744
939	46798
940	46873
941	46980
942	47134
943	47265
944	47416
945	47528
946	47617
947	47703
948	47838
949	47997
950	48162
951	48289
952	48399
953	48472
954	48552
955	48678
956	48822
957	48971
958	49091
959	49210
960	49307
961	49380
962	49488
963	49629
964	49746
965	49896
966	50021
967	50100
968	50196
969	50315
970	50454
971	50605
972	50754
973	50866
974	50938
975	51041
976	51169
977	51304
978	51445
979	51592
980	51690
981	51774
982	51841
983	51973
984	52116
985	52268
986	52408
987	52532
988	52613
989	52689
990	52805
991	52946
992	53069
993	53201
994	53309
995	53377
996	53466
997	53561
998	53695
999	53832
1000	53959
1001	54080
1002	54141
1003	54251
1004	54366
1005	54516
1006	54655
1007	54772
1008	54894
1009	54973
1010	55052
1011	55164
1012	55316
1013	55444
1014	55561
1015	55693
1016	55757
1017	55846
1018	55986
1019	56111
1020	56248
1021	56385
1022	56499
1023	56572
1024	56648
1025	56768
1026	56889
1027	57034
1028	57158
1029	57281
1030	57365
1031	57438
1032	57544
1033	57681
1034	57840
1035	57951
1036	58064
1037	58125
1038	58195
1039	58337
1040	58449
1041	58603
1042	58735
1043	58852
1044	58926
1045	59001
1046	59116
1047	59257
1048	59403
1049	59555
1050	59665
1051	59726
1052	59785
1053	59929
1054	60084
1055	60219
1056	60329
1057	60451
1058	60529
1059	60624
1060	60747
1061	60891
1062	61028
1063	61159
1064	61276
1065	61354
1066	61426
1067	61549
1068	61683
1069	61825
1070	61968
1071	62103
1072	62182
1073	62251
1074	62409
1075	62561
1076	62719
1077	62885
1078	63024
1079	63100
1080	63179
1081	63314
1082	63463
1083	63611
1084	63749
1085	63891
1086	63965
1087	64032
1088	64157
1089	64288
1090	64423
1091	64566
1092	64714
1093	64779
1094	64847
1095	64966
1096	65106
1097	65265
1098	65429
1099	65558
1100	65629
1101	65718
1102	65842
1103	65984
1104	66159
1105	66338
1106	66488
1107	66576
1108	66642
1109	66769
1110	66909
1111	67063
1112	67223
1113	67353
1114	67431
1115	67521
1116	67651
1117	67802
1118	67937
1119	68072
1120	68180
1121	68240
1122	68309
1123	68437
1124	68548
1125	68692
1126	68821
1127	68934
1128	68986
1129	69063
1130	69164
1131	69256
1132	69389
1133	69515
1134	69634
1135	69713
1136	69802
1137	69933
1138	70081
1139	70219
1140	70364
1141	70472
1142	70545
1143	70618
1144	70768
1145	70929
1146	71064
1147	71203
1148	71331
1149	71414
1150	71501
1151	71642
1152	71786
1153	71934
1154	72083
1155	72219
1156	72301
1157	72380
1158	72490
1159	72617
1160	72751
1161	72891
1162	73024
1163	73099
1164	73177
1165	73292
1166	73427
1167	73564
1168	73732
1169	73869
1170	73959
1171	74043
1172	74172
1173	74305
1174	74453
1175	74578
1176	74700
1177	74782
1178	74855
1179	74995
1180	75138
1181	75263
1182	75416
1183	75551
1184	75641
1185	75727
1186	75867
1187	76003
1188	76164
1189	76313
1190	76444
1191	76543
1192	76633
1193	76745
1194	76898
1195	77060
1196	77216
1197	77337
1198	77425
1199	77533
1200	77672
1201	77815
1202	77962
1203	78093
1204	78239
1205	78327
1206	78429
1207	78570
1208	78722
1209	78875
1210	78993
1211	79096
1212	79199
1213	79294
1214	79452
1215	79616
1216	79760
1217	79924
1218	80056
1219	80154
1220	80242
1221	80414
1222	80568
1223	80724
1224	80865
1225	80992
1226	81100
1227	81188
1228	81331
1229	81500
1230	81620
1231	81748
1232	81864
1233	81947
1234	82039
1235	82154
1236	82288
1237	82418
1238	82528
1239	82631
1240	82703
1241	82769
1242	82853
1243	82975
1244	83122
1245	83218
1246	83336
1247	83413
1248	83466
1249	83561
1250	83696
1251	83851
1252	83988
1253	84136
1254	84233
1255	84338
1256	84486
1257	84612
1258	84797
1259	84966
1260	85113
1261	85219
1262	85315
1263	85465
1264	85630
1265	85808
1266	85982
1267	86132
1268	86255
1269	86360
1270	86500
1271	86662
1272	86820
1273	86985
1274	87131
1275	87237
1276	87341
1277	87490
1278	87662
1279	87831
1280	87982
1281	88132
1282	88234
1283	88342
1284	88502
1285	88672
1286	88835
1287	89029
1288	89203
1289	89315
1290	89435
1291	89594
1292	89775
1293	89951
1294	90137
1295	90316
1296	90424
1297	90535
1298	90714
1299	90900
1300	91081
1301	91264
1302	91425
1303	91551
1304	91688
1305	91840
1306	92039
1307	92242
1308	92426
1309	92622
1310	92733
1311	92847
1312	93012
1313	93198
1314	93379
1315	93564
1316	93723
1317	93839
1318	93956
1319	94125
1320	94308
1321	94515
1322	94705
1323	94862
1324	94978
1325	95105
1326	95287
1327	95463
1328	95663
1329	95856
1330	96024
1331	96136
1332	96256
1333	96433
1334	96677
1335	96895
1336	97090
1337	97258
1338	97386
1339	97492
1340	97659
1341	97873
1342	98070
1343	98257
1344	98414
1345	98524
1346	98653
1347	98832
1348	99022
1349	99222
1350	99426
1351	99604
1352	99738
1353	99863
1354	100024
1355	100197
1356	100416
1357	100639
1358	100808
1359	100942
1360	101074
1361	101268
1362	101474
1363	101670
1364	101849
1365	102031
1366	102157
1367	102273
1368	102426
1369	102592
1370	102764
1371	102959
1372	103125
1373	103265
1374	103361
1375	103537
1376	103720
1377	103918
1378	104137
1379	104335
1380	104471
1381	104582
1382	104771
1383	104972
1384	105173
1385	105372
1386	105559
1387	105688
1388	105799
1389	105964
1390	106158
1391	106357
1392	106542
1393	106723
1394	106828
1395	106932
1396	107073
1397	107273
1398	107487
1399	107680
1400	107880
1401	107991
1402	108122
1403	108318
1404	108517
1405	108696
1406	108899
1407	109065
1408	109184
1409	109290
1410	109477
1411	109671
1412	109898
1413	110118
1414	110318
1415	110450
1416	110568
1417	110761
1418	110995
1419	111223
1420	111464
1421	111681
1422	111790
1423	111908
1424	112106
1425	112346
1426	112568
1427	112795
1428	112989
1429	113100
1430	113229
1431	113423
1432	113633
1433	113837
1434	114072
1435	114282
1436	114399
1437	114508
1438	114722
1439	114933
1440	115165
1441	115411
1442	115617
1443	115731
1444	115849
1445	116084
1446	116316
1447	116546
1448	116768
1449	116957
1450	117068
1451	117182
1452	117430
1453	117650
1454	117882
1455	118101
1456	118303
1457	118416
1458	118516
1459	118724
1460	118968
1461	119211
1462	119426
1463	119637
1464	119727
1465	119877
1466	120076
1467	120290
1468	120548
1469	120774
1470	121014
1471	121115
1472	121230
1473	121445
1474	121667
1475	121908
1476	122128
1477	122293
1478	122414
1479	122546
1480	122767
1481	122977
1482	123213
1483	123445
1484	123639
1485	123754
1486	123837
1487	124039
1488	124269
1489	124515
1490	124738
1491	124954
1492	125086
1493	125222
1494	125384
1495	125585
1496	125792
1497	125998
1498	126185
1499	126295
1500	126415
1501	126621
1502	126846
1503	127095
1504	127318
1505	127523
1506	127619
1507	127749
1508	127959
1509	128166
1510	128375
1511	128594
1512	128768
1513	128894
1514	129045
1515	129257
1516	129484
1517	129714
1518	129939
1519	130125
1520	130232
1521	130356
1522	130543
1523	130757
1524	130976
1525	131187
1526	131386
1527	131538
1528	131682
1529	131880
1530	132102
1531	132334
1532	132579
1533	132793
1534	132923
1535	133075
1536	133295
1537	133539
1538	133780
1539	134021
1540	134229
1541	134374
1542	134535
1543	134757
1544	135000
1545	135227
1546	135489
1547	135693
1548	135818
1549	135955
1550	136183
1551	136398
1552	136613
1553	136831
1554	137024
1555	137187
1556	137325
1557	137544
1558	137794
1559	138024
1560	138312
1561	138554
1562	138697
1563	138858
1564	139074
1565	139338
1566	139589
1567	139849
1568	140075
1569	140222
1570	140387
1571	140629
1572	140892
1573	141139
1574	141409
1575	141637
1576	141782
1577	141921
1578	142122
1579	142415
1580	142666
1581	142950
1582	143233
1583	143396
1584	143564
1585	143795
1586	144056
1587	144326
1588	144577
1589	144819
1590	144985
1591	145144
1592	145400
1593	145642
1594	145880
1595	146141
1596	146348
1597	146489
1598	146626
1599	146857
1600	147101
1601	147326
1602	147547
1603	147755
1604	147885
1605	148011
1606	148153
1607	148270
1608	148421
1609	148614
1610	148792
1611	148926
1612	149073
1613	149213
1614	149328
1615	149497
1616	149730
1617	149963
1618	150116
1619	150262
1620	150456
1621	150695
1622	150965
1623	151224
1624	151457
1625	151593
1626	151744
1627	151955
1628	152199
1629	152469
1630	152703
1631	152938
1632	153104
1633	153260
1634	153497
1635	153747
1636	153990
1637	154287
1638	154526
1639	154699
1640	154895
1641	155162
1642	155458
1643	155721
1644	156008
1645	156282
1646	156463
1647	156624
1648	156878
1649	157163
1650	157473
1651	157776
1652	158060
1653	158210
1654	158378
1655	158637
1656	158886
1657	159192
1658	159471
1659	159726
1660	159879
1661	160037
1662	160277
1663	160551
1664	160830
1665	161144
1666	161437
1667	161610
1668	161784
1669	162077
1670	162373
1671	162674
1672	162995
1673	163291
1674	163475
1675	163646
1676	163919
1677	164208
1678	164505
1679	164819
1680	165094
1681	165275
1682	165467
1683	165764
1684	166061
1685	166370
1686	166688
1687	166960
1688	167145
1689	167325
1690	167640
1691	167902
1692	168220
1693	168574
1694	168846
1695	169035
1696	169209
1697	169503
1698	169796
1699	170091
1700	170389
1701	170650
1702	170801
1703	170989
1704	171243
1705	171542
1706	171891
1707	172224
1708	172533
1709	172710
1710	172914
1711	173218
1712	173569
1713	173888
1714	174157
1715	174466
1716	174643
1717	174844
1718	175142
1719	175445
1720	175785
1721	176113
1722	176415
1723	176610
1724	176804
1725	177129
1726	177455
1727	177792
1728	178084
1729	178368
1730	178565
1731	178767
1732	179056
1733	179343
1734	179602
1735	179913
1736	180169
1737	180351
1738	180525
1739	180805
1740	181114
1741	181406
1742	181699
1743	181975
1744	182143
1745	182340
1746	182639
1747	182953
1748	183260
1749	183596
1750	183867
1751	184049
1752	184235
1753	184514
1754	184791
1755	185085
1756	185392
1757	185658
1758	185831
1759	186001
1760	186254
1761	186548
1762	186867
1763	187183
1764	187468
1765	187644
1766	187796
1767	188088
1768	188385
1769	188716
1770	189029
1771	189347
1772	189525
1773	189679
1774	189964
1775	190314
1776	190630
1777	190952
1778	191252
1779	191414
1780	191593
1781	191897
1782	192209
1783	192535
1784	192853
1785	193152
1786	193315
1787	193494
1788	193798
1789	194102
1790	194465
1791	194791
1792	195102
1793	195281
1794	195466
1795	195781
1796	196123
1797	196495
1798	196755
1799	197026
1800	197181
1801	197339
1802	197671
1803	197994
1804	198299
1805	198633
1806	198954
1807	199146
1808	199318
1809	199662
1810	200023
1811	200385
1812	200698
1813	201060
1814	201228
1815	201421
1816	201729
1817	202102
1818	202447
1819	202779
1820	203092
1821	203260
1822	203459
1823	203775
1824	204106
1825	204481
1826	204798
1827	205069
1828	205217
1829	205411
1830	205694
1831	206018
1832	206345
1833	206685
1834	206970
1835	207136
1836	207353
1837	207642
1838	208001
1839	208335
1840	208638
1841	208931
1842	209091
1843	209259
1844	209502
1845	209807
1846	210123
1847	210442
1848	210748
1849	210915
1850	211102
1851	211381
1852	211693
1853	212008
1854	212345
1855	212617
1856	212781
1857	212967
1858	213244
1859	213541
1860	213856
1861	214140
1862	214427
1863	214641
1864	214816
1865	215094
1866	215430
1867	215723
1868	216070
1869	216409
1870	216616
1871	216817
1872	217121
1873	217420
1874	217763
1875	218070
1876	218383
1877	218610
1878	218823
1879	219101
1880	219473
1881	219795
1882	220122
1883	220405
1884	220610
1885	220831
1886	221117
1887	221441
1888	221782
1889	222086
1890	222409
1891	222602
1892	222827
1893	223164
1894	223529
1895	223920
1896	224263
1897	224580
1898	224797
1899	225025
1900	225368
1901	225704
1902	226067
1903	226416
1904	226771
1905	226983
1906	227212
1907	227564
1908	227932
1909	228314
1910	228722
1911	229044
1912	229240
1913	229491
1914	229835
1915	230245
1916	230637
1917	231019
1918	231358
1919	231581
1920	231835
1921	232161
1922	232520
1923	232904
1924	233284
1925	233657
1926	233885
1927	234135
1928	234494
1929	234914
1930	235339
1931	235727
1932	236062
1933	236319
1934	236557
1935	236937
1936	237318
1937	237704
1938	238091
1939	238463
1940	238702
1941	238956
1942	239334
1943	239698
1944	240084
1945	240412
1946	240715
1947	240971
1948	241186
1949	241535
1950	241929
1951	242308
1952	242711
1953	243041
1954	243294
1955	243580
1956	243946
1957	244345
1958	244772
1959	245137
1960	245424
1961	245624
1962	245831
1963	246145
1964	246529
1965	246854
1966	247169
1967	247470
1968	247663
1969	247871
1970	248147
1971	248360
1972	248507
1973	248721
1974	248976
1975	249156
1976	249351
1977	249643
1978	249849
1979	250010
1980	250313
1981	250636
1982	250861
1983	251083
1984	251400
1985	251769
1986	252180
1987	252550
1988	252946
1989	253153
1990	253383
1991	253741
1992	254097
1993	254486
1994	254913
1995	255270
1996	255525
1997	255769
1998	256105
1999	256534
2000	256951
2001	257352
2002	257728
2003	257996
2004	258240
2005	258603
2006	259025
2007	259437
2008	259825
2009	260163
2010	260396
2011	260649
2012	260999
2013	261413
2014	261824
2015	262229
2016	262609
2017	262854
2018	263125
2019	263534
2020	263927
2021	264330
2022	264758
2023	265140
2024	265353
2025	265619
2026	265990
2027	266406
2028	266845
2029	267307
2030	267745
2031	268017
2032	268300
2033	268741
2034	269185
2035	269625
2036	270073
2037	270475
2038	270754
2039	271040
2040	271481
2041	271910
2042	272366
2043	272851
2044	273297
2045	273570
2046	273830
2047	274260
2048	274699
2049	275180
2050	275654
2051	276066
2052	276326
2053	276612
2054	277018
2055	277461
2056	277897
2057	278332
2058	278733
2059	279007
2060	279322
2061	279722
2062	280172
2063	280654
2064	281109
2065	281498
2066	281774
2067	282053
2068	282465
2069	282989
2070	283431
2071	283883
2072	284308
2073	284571
2074	284885
2075	285296
2076	285716
2077	286178
2078	286641
2079	287028
2080	287290
2081	287543
2082	287902
2083	288329
2084	288775
2085	289183
2086	289527
2087	289807
2088	290047
2089	290396
2090	290842
2091	291283
2092	291661
2093	292072
2094	292353
2095	292650
2096	293046
2097	293438
2098	293816
2099	294137
2100	294471
2101	294711
2102	294947
2103	295272
2104	295597
2105	295994
2106	296442
2107	296817
2108	297085
2109	297312
2110	297640
2111	298016
2112	298416
2113	298782
2114	299052
2115	299257
2116	299453
2117	299789
2118	300187
2119	300573
2120	300944
2121	301300
2122	301497
2123	301711
2124	302018
2125	302370
2126	302745
2127	303095
2128	303413
2129	303578
2130	303784
2131	304120
2132	304542
2133	304946
2134	305340
2135	305677
2136	305859
2137	306108
2138	306474
2139	306872
2140	307238
2141	307588
2142	307925
2143	308102
2144	308299
2145	308632
2146	308981
2147	309380
2148	309737
2149	310095
2150	310267
2151	310475
2152	310797
2153	311163
2154	311562
2155	311964
2156	312315
2157	312479
2158	312658
2159	312990
2160	313368
2161	313751
2162	314114
2163	314361
2164	314541
2165	314728
2166	315114
2167	315487
2168	315868
2169	316281
2170	316657
2171	316846
2172	317069
2173	317446
2174	317856
2175	318228
2176	318655
2177	319020
2178	319211
2179	319392
2180	319753
2181	320195
2182	320620
2183	321019
2184	321395
2185	321618
2186	321846
2187	322209
2188	322614
2189	322984
2190	323374
2191	323728
2192	323913
2193	324132
2194	324489
2195	324879
2196	325301
2197	325697
2198	326077
2199	326286
2200	326515
2201	326899
2202	327330
2203	327704
2204	328036
2205	328349
2206	328521
2207	328716
2208	329054
2209	329399
2210	329754
2211	330143
2212	330459
2213	330652
2214	330854
2215	331166
2216	331545
2217	331925
2218	332262
2219	332562
2220	332742
2221	332933
2222	333233
2223	333546
2224	333911
2225	334261
2226	334558
2227	334758
2228	334973
2229	335292
2230	335617
2231	335985
2232	336367
2233	336714
2234	336910
2235	337127
2236	337462
2237	337827
2238	338223
2239	338587
2240	338953
2241	339167
2242	339403
2243	339747
2244	340084
2245	340454
2246	340805
2247	341186
2248	341353
2249	341575
2250	341893
2251	342242
2252	342597
2253	342943
2254	343252
2255	343456
2256	343677
2257	344025
2258	344389
2259	344758
2260	345133
2261	345530
2262	345778
2263	346016
2264	346366
2265	346729
2266	347114
2267	347468
2268	347776
2269	348001
2270	348217
2271	348588
2272	349011
2273	349391
2274	349768
2275	350062
2276	350277
2277	350531
2278	350894
2279	351286
2280	351683
2281	352098
2282	352450
2283	352634
2284	352875
2285	353241
2286	353669
2287	354087
2288	354502
2289	354865
2290	355114
2291	355367
2292	355721
2293	356124
2294	356566
2295	356951
2296	357303
2297	357555
2298	357808
2299	358177
2300	358623
2301	359033
2302	359471
2303	359843
2304	360092
2305	360365
2306	360744
2307	361152
2308	361506
2309	361838
2310	362157
2311	362397
2312	362662
2313	363053
2314	363455
2315	363880
2316	364295
2317	364684
2318	364924
2319	365181
2320	365565
2321	365969
2322	366352
2323	366764
2324	367138
2325	367351
2326	367611
2327	367948
2328	368316
2329	368697
2330	369068
2331	369404
2332	369600
2333	369806
2334	370113
2335	370434
2336	370691
2337	370879
2338	371097
2339	371312
2340	371504
2341	371767
2342	372048
2343	372289
2344	372458
2345	372733
2346	372957
2347	373181
2348	373517
2349	373861
2350	374239
2351	374622
2352	374963
2353	375169
2354	375404
2355	375762
2356	376133
2357	376530
2358	376916
2359	377291
2360	377523
2361	377776
2362	378162
2363	378559
2364	378980
2365	379401
2366	379768
2367	380020
2368	380271
2369	380623
2370	381022
2371	381488
2372	381909
2373	382314
2374	382571
2375	382853
2376	383232
2377	383643
2378	384116
2379	384529
2380	384924
2381	385163
2382	385433
2383	385859
2384	386308
2385	386778
2386	387220
2387	387637
2388	387877
2389	388139
2390	388537
2391	388943
2392	389363
2393	389842
2394	390248
2395	390550
2396	390851
2397	391268
2398	391750
2399	392242
2400	392724
2401	393148
2402	393406
2403	393729
2404	394163
2405	394610
2406	395074
2407	395551
2408	395996
2409	396290
2410	396599
2411	397056
2412	397544
2413	398075
2414	398573
2415	399023
2416	399287
2417	399589
2418	400061
2419	400566
2420	401034
2421	401472
2422	401904
2423	402206
2424	402530
2425	402997
2426	403519
2427	404069
2428	404604
2429	405066
2430	405352
2431	405655
2432	406076
2433	406560
2434	407031
2435	407447
2436	407839
2437	408119
2438	408396
2439	408784
2440	409232
2441	409724
2442	410224
2443	410711
2444	411012
2445	411325
2446	411744
2447	412241
2448	412756
2449	413247
2450	413719
2451	414020
2452	414337
2453	414835
2454	415387
2455	415930
2456	416465
2457	416982
2458	417288
2459	417630
2460	418111
2461	418627
2462	419168
2463	419693
2464	420051
2465	420337
2466	420641
2467	421108
2468	421609
2469	422139
2470	422624
2471	423073
2472	423371
2473	423708
2474	424138
2475	424647
2476	425112
2477	425586
2478	426046
2479	426336
2480	426659
2481	427104
2482	427633
2483	428154
2484	428660
2485	429098
2486	429352
2487	429621
2488	429987
2489	430466
2490	430975
2491	431476
2492	431908
2493	432180
2494	432471
2495	432921
2496	433436
2497	433968
2498	434520
2499	435052
2500	435353
2501	435612
2502	436072
2503	436614
2504	437141
2505	437680
2506	438134
2507	438380
2508	438656
2509	439116
2510	439633
2511	440155
2512	440664
2513	441152
2514	441422
2515	441733
2516	442222
2517	442787
2518	443392
2519	443932
2520	444428
2521	444676
2522	444945
2523	445442
2524	445996
2525	446537
2526	447040
2527	447427
2528	447681
2529	447949
2530	448452
2531	448986
2532	449584
2533	450158
2534	450636
2535	450878
2536	451181
2537	451720
2538	452282
2539	452859
2540	453396
2541	453873
2542	454128
2543	454402
2544	454896
2545	455446
2546	456004
2547	456516
2548	457024
2549	457290
2550	457550
2551	458098
2552	458644
2553	459232
2554	459795
2555	460301
2556	460543
2557	460842
2558	461355
2559	461861
2560	462400
2561	462919
2562	463339
2563	463554
2564	463823
2565	464315
2566	464815
2567	465320
2568	465828
2569	466264
2570	466518
2571	466770
2572	467240
2573	467763
2574	468282
2575	468843
2576	469292
2577	469558
2578	469789
2579	470252
2580	470754
2581	471270
2582	471792
2583	472231
2584	472498
2585	472774
2586	473258
2587	473768
2588	474277
2589	474792
2590	475220
2591	475434
2592	475744
2593	476122
2594	476585
2595	477073
2596	477620
2597	478053
2598	478351
2599	478646
2600	479107
2601	479595
2602	480087
2603	480542
2604	480994
2605	481270
2606	481540
2607	481965
2608	482474
2609	482987
2610	483502
2611	483941
2612	484240
2613	484512
2614	484951
2615	485442
2616	485920
2617	486374
2618	486804
2619	487086
2620	487412
2621	487911
2622	488449
2623	489021
2624	489591
2625	490086
2626	490425
2627	490755
2628	491311
2629	491846
2630	492434
2631	493008
2632	493514
2633	493865
2634	494205
2635	494695
2636	495257
2637	495767
2638	496366
2639	496889
2640	497221
2641	497518
2642	498013
2643	498530
2644	499081
2645	499675
2646	500155
2647	500481
2648	500793
2649	501297
2650	501801
2651	502339
2652	502880
2653	503375
2654	503706
2655	504015
2656	504510
2657	505039
2658	505562
2659	506103
2660	506624
2661	506962
2662	507337
2663	507883
2664	508459
2665	509077
2666	509647
2667	510177
2668	510501
2669	510879
2670	511411
2671	511973
2672	512537
2673	513036
2674	513495
2675	513818
2676	514146
2677	514699
2678	515278
2679	515877
2680	516517
2681	517049
2682	517393
2683	517763
2684	518339
2685	518950
2686	519506
2687	520062
2688	520557
2689	520913
2690	521256
2691	521776
2692	522350
2693	522903
2694	523390
2695	523834
2696	524105
2697	524412
2698	524865
2699	525339
2700	525758
2701	526074
2702	526287
2703	526507
2704	526734
2705	527098
2706	527546
2707	527913
2708	528217
2709	528450
2710	528735
2711	529011
2712	529475
2713	529975
2714	530471
2715	531038
2716	531526
2717	531809
2718	532150
2719	532670
2720	533229
2721	533756
2722	534291
2723	534831
2724	535191
2725	535566
2726	536075
2727	536639
2728	537224
2729	537771
2730	538328
2731	538706
2732	539117
2733	539644
2734	540192
2735	540854
2736	541458
2737	541989
2738	542325
2739	542668
2740	543217
2741	543800
2742	544411
2743	545024
2744	545592
2745	545977
2746	546371
2747	546901
2748	547476
2749	548088
2750	548772
2751	549377
2752	549737
2753	550127
2754	550744
2755	551429
2756	552121
2757	552813
2758	553452
2759	553867
2760	554259
2761	554899
2762	555597
2763	556330
2764	557029
2765	557685
2766	558069
2767	558495
2768	559134
2769	559809
2770	560574
2771	561303
2772	561947
2773	562351
2774	562408
