1	1
2	1
3	1
4	1
5	1
6	2
7	2
8	2
9	3
10	4
11	6
12	6
13	6
14	6
15	6
16	6
17	6
18	6
19	6
20	6
21	7
22	7
23	7
24	7
25	7
26	7
27	7
28	7
29	7
30	7
31	7
32	7
33	7
34	7
35	7
36	7
37	7
38	7
39	7
40	7
41	7
42	7
43	7
44	7
45	7
46	7
47	7
48	8
49	8
50	9
51	10
52	10
53	10
54	10
55	10
56	10
57	10
58	10
59	10
60	11
61	12
62	12
63	13
64	13
65	13
66	14
67	14
68	14
69	14
70	15
71	15
72	15
73	15
74	15
75	15
76	15
77	15
78	15
79	15
80	15
81	15
82	15
83	15
84	15
85	15
86	15
87	16
88	16
89	16
90	17
91	17
92	17
93	17
94	17
95	17
96	17
97	17
98	17
99	17
100	17
101	18
102	19
103	19
104	19
105	19
106	19
107	19
108	19
109	19
110	19
111	20
112	21
113	21
114	21
115	21
116	21
117	21
118	21
119	21
120	21
121	22
122	22
123	23
124	23
125	23
126	23
127	23
128	23
129	23
130	25
131	25
132	26
133	26
134	27
135	27
136	28
137	28
138	29
139	29
140	29
141	29
142	33
143	34
144	34
145	34
146	34
147	34
148	34
149	34
150	35
151	35
152	35
153	36
154	37
155	37
156	38
157	39
158	40
159	40
160	40
161	41
162	41
163	42
164	42
165	42
166	42
167	43
168	43
169	43
170	44
171	44
172	44
173	44
174	44
175	44
176	45
177	45
178	45
179	45
180	46
181	47
182	47
183	48
184	48
185	52
186	52
187	52
188	52
189	52
190	52
191	52
192	53
193	54
194	54
195	54
196	55
197	56
198	56
199	56
200	57
201	57
202	59
203	59
204	59
205	59
206	59
207	59
208	59
209	59
210	59
211	59
212	59
213	61
214	61
215	61
216	62
217	62
218	63
219	63
220	63
221	63
222	65
223	65
224	65
225	66
226	67
227	68
228	68
229	69
230	69
231	71
232	71
233	72
234	72
235	73
236	73
237	73
238	74
239	74
240	74
241	74
242	75
243	76
244	77
245	77
246	77
247	77
248	77
249	78
250	78
251	78
252	78
253	78
254	78
255	78
256	78
257	78
258	78
259	78
260	79
261	80
262	80
263	80
264	80
265	80
266	80
267	80
268	80
269	81
270	82
271	83
272	83
273	83
274	84
275	84
276	87
277	88
278	88
279	88
280	89
281	89
282	89
283	90
284	90
285	90
286	90
287	91
288	91
289	91
290	92
291	93
292	93
293	94
294	94
295	95
296	96
297	99
298	100
299	104
300	106
301	106
302	106
303	108
304	108
305	109
306	111
307	111
308	112
309	113
310	120
311	120
312	121
313	122
314	123
315	124
316	125
317	138
318	138
319	139
320	141
321	141
322	141
323	141
324	141
325	142
326	146
327	148
328	149
329	150
330	150
331	151
332	151
333	154
334	157
335	159
336	159
337	160
338	161
339	164
340	166
341	166
342	168
343	170
344	173
345	175
346	176
347	176
348	176
349	178
350	180
351	180
352	181
353	181
354	181
355	181
356	181
357	181
358	185
359	185
360	186
361	187
362	193
363	194
364	196
365	200
366	201
367	202
368	205
369	205
370	205
371	205
372	205
373	207
374	209
375	209
376	212
377	212
378	212
379	212
380	212
381	212
382	215
383	215
384	218
385	220
386	222
387	222
388	224
389	227
390	227
391	227
392	228
393	229
394	230
395	233
396	237
397	241
398	242
399	248
400	248
401	248
402	249
403	251
404	252
405	254
406	255
407	255
408	257
409	258
410	258
411	260
412	260
413	261
414	261
415	264
416	266
417	269
418	269
419	270
420	270
421	271
422	272
423	272
424	274
425	277
426	295
427	297
428	298
429	303
430	305
431	309
432	314
433	315
434	318
435	321
436	321
437	322
438	325
439	336
440	339
441	339
442	339
443	340
444	342
445	346
446	351
447	351
448	352
449	353
450	357
451	359
452	362
453	364
454	365
455	366
456	370
457	372
458	375
459	378
460	381
461	381
462	381
463	385
464	392
465	394
466	395
467	398
468	399
469	404
470	404
471	479
472	482
473	483
474	485
475	487
476	490
477	491
478	584
479	586
480	587
481	590
482	592
483	593
484	593
485	596
486	598
487	604
488	605
489	606
490	606
491	606
492	606
493	608
494	609
495	612
496	616
497	618
498	619
499	621
500	624
501	628
502	628
503	630
504	631
505	633
506	635
507	635
508	637
509	639
510	641
511	641
512	644
513	646
514	646
515	646
516	647
517	649
518	653
519	654
520	659
521	662
522	664
523	669
524	670
525	671
526	674
527	678
528	681
529	684
530	686
531	686
532	686
533	687
534	688
535	691
536	691
537	692
538	693
539	696
540	696
541	699
542	704
543	708
544	711
545	711
546	713
547	716
548	719
549	722
550	724
551	726
552	729
553	732
554	733
555	737
556	743
557	747
558	749
559	752
560	757
561	760
562	767
563	773
564	779
565	780
566	780
567	782
568	782
569	786
570	789
571	793
572	799
573	801
574	802
575	805
576	813
577	818
578	820
579	821
580	826
581	828
582	829
583	833
584	836
585	842
586	843
587	846
588	849
589	850
590	852
591	854
592	861
593	863
594	864
595	867
596	873
597	873
598	878
599	879
600	882
601	885
602	885
603	886
604	888
605	890
606	892
607	893
608	894
609	903
610	907
611	912
612	912
613	914
614	917
615	928
616	929
617	931
618	938
619	945
620	950
621	954
622	955
623	957
624	960
625	963
626	964
627	967
628	971
629	971
630	974
631	979
632	983
633	984
634	984
635	986
636	989
637	991
638	991
639	995
640	998
641	1000
642	1003
643	1004
644	1004
645	1004
646	1007
647	1009
648	1013
649	1017
650	1023
651	1027
652	1030
653	1032
654	1035
655	1036
656	1038
657	1041
658	1042
659	1044
660	1047
661	1048
662	1052
663	1055
664	1057
665	1063
666	1064
667	1065
668	1067
669	1070
670	1072
671	1072
672	1074
673	1077
674	1079
675	1080
676	1081
677	1082
678	1084
679	1084
680	1085
681	1088
682	1090
683	1098
684	1101
685	1105
686	1107
687	1109
688	1111
689	1116
690	1121
691	1125
692	1126
693	1131
694	1133
695	1137
696	1140
697	1144
698	1145
699	1149
700	1153
701	1155
702	1160
703	1163
704	1163
705	1165
706	1177
707	1180
708	1184
709	1186
710	1189
711	1190
712	1192
713	1198
714	1201
715	1203
716	1207
717	1225
718	1230
719	1235
720	1236
721	1238
722	1241
723	1247
724	1247
725	1251
726	1252
727	1258
728	1264
729	1273
730	1276
731	1279
732	1283
733	1287
734	1290
735	1292
736	1297
737	1302
738	1304
739	1306
740	1309
741	1311
742	1314
743	1318
744	1320
745	1330
746	1334
747	1340
748	1341
749	1347
750	1350
751	1391
752	1393
753	1397
754	1399
755	1402
756	1402
757	1403
758	1405
759	1409
760	1414
761	1416
762	1419
763	1421
764	1423
765	1426
766	1430
767	1444
768	1450
769	1451
770	1455
771	1455
772	1457
773	1463
774	1470
775	1474
776	1477
777	1477
778	1479
779	1483
780	1486
781	1490
782	1494
783	1504
784	1506
785	1511
786	1515
787	1519
788	1528
789	1531
790	1535
791	1541
792	1543
793	1548
794	1548
795	1558
796	1569
797	1576
798	1579
799	1582
800	1583
801	1585
802	1591
803	1596
804	1603
805	1607
806	1609
807	1615
808	1625
809	1628
810	1633
811	1635
812	1638
813	1642
814	1645
815	1646
816	1656
817	1663
818	1666
819	1668
820	1674
821	1681
822	1684
823	1690
824	1693
825	1698
826	1700
827	1701
828	1703
829	1712
830	1718
831	1720
832	1724
833	1731
834	1734
835	1754
836	1755
837	1758
838	1762
839	1768
840	1771
841	1783
842	1790
843	1790
844	1791
845	1795
846	1800
847	1802
848	1805
849	1811
850	1819
851	1823
852	1881
853	1887
854	1893
855	1897
856	1904
857	1906
858	1930
859	1931
860	1935
861	1941
862	1944
863	1950
864	1959
865	1963
866	1973
867	1975
868	1979
869	1983
870	1992
871	1993
872	2000
873	2008
874	2009
875	2012
876	2018
877	2026
878	2041
879	2046
880	2052
881	2061
882	2065
883	2070
884	2076
885	2087
886	2093
887	2097
888	2106
889	2109
890	2111
891	2116
892	2125
893	2131
894	2134
895	2142
896	2146
897	2147
898	2151
899	2154
900	2157
901	2161
902	2166
903	2170
904	2175
905	2182
906	2189
907	2191
908	2196
909	2204
910	2207
911	2212
912	2218
913	2220
914	2229
915	2235
916	2243
917	2249
918	2251
919	2255
920	2258
921	2269
922	2273
923	2276
924	2282
925	2286
926	2298
927	2305
928	2308
929	2326
930	2330
931	2335
932	2341
933	2359
934	2448
935	2458
936	2464
937	2471
938	2480
939	2490
940	2495
941	2500
942	2530
943	2539
944	2541
945	2543
946	2552
947	2664
948	2673
949	2685
950	2694
951	2699
952	2700
953	2707
954	2718
955	2724
956	2732
957	2738
958	2747
959	2753
960	2756
961	2765
962	2768
963	2775
964	2778
965	2832
966	2840
967	2849
968	2859
969	2867
970	2879
971	2889
972	2893
973	2909
974	2912
975	2920
976	2926
977	2934
978	2938
979	2946
980	2949
981	2954
982	2960
983	2964
984	2970
985	2986
986	2988
987	2993
988	2998
989	3001
990	3005
991	3014
992	3021
993	3034
994	3043
995	3046
996	3049
997	3054
998	3060
999	3085
1000	3096
1001	3107
1002	3115
1003	3125
1004	3133
1005	3141
1006	3169
1007	3174
1008	3178
1009	3184
1010	3195
1011	3203
1012	3209
1013	3217
1014	3230
1015	3236
1016	3246
1017	3255
1018	3262
1019	3265
1020	3277
1021	3287
1022	3296
1023	3298
1024	3308
1025	3317
1026	3323
1027	3335
1028	3339
1029	3345
1030	3351
1031	3365
1032	3368
1033	3374
1034	3381
1035	3382
1036	3387
1037	3388
1038	3394
1039	3397
1040	3406
1041	3411
1042	3414
1043	3415
1044	3419
1045	3438
1046	3444
1047	3445
1048	3456
1049	3466
1050	3469
1051	3476
1052	3498
1053	3510
1054	3521
1055	3532
1056	3540
1057	3550
1058	3556
1059	3590
1060	3604
1061	3616
1062	3626
1063	3645
1064	3651
1065	3658
1066	3660
1067	3680
1068	3689
1069	3713
1070	3724
1071	3730
1072	3740
1073	3771
1074	3779
1075	3784
1076	3799
1077	3816
1078	3821
1079	3838
1080	3853
1081	3861
1082	3867
1083	3882
1084	3892
1085	3902
1086	3911
1087	3941
1088	3957
1089	3962
1090	3969
1091	3979
1092	3985
1093	3990
1094	3996
1095	4012
1096	4025
1097	4042
1098	4053
1099	4056
1100	4064
1101	4112
1102	4154
1103	4159
1104	4171
1105	4179
1106	4191
1107	4198
1108	4210
1109	4220
1110	4257
1111	4275
1112	4283
1113	4289
1114	4315
1115	4341
1116	4362
1117	4385
1118	4394
1119	4402
1120	4413
1121	4420
1122	4430
1123	4440
1124	4448
1125	4457
1126	4476
1127	4486
1128	4494
1129	4505
1130	4517
1131	4523
1132	4543
1133	4551
1134	4561
1135	4569
1136	4573
1137	4606
1138	4687
1139	4697
1140	4711
1141	4723
1142	4729
1143	4747
1144	4766
1145	4780
1146	4797
1147	4814
1148	4837
1149	4845
1150	4861
1151	4872
1152	4892
1153	4906
1154	4924
1155	4929
1156	4938
1157	4985
1158	5042
1159	5059
1160	5089
1161	5100
1162	5110
1163	5116
1164	5130
1165	5150
1166	5176
1167	5196
1168	5224
1169	5236
1170	5246
1171	5275
1172	5294
1173	5309
1174	5328
1175	5339
1176	5344
1177	5349
1178	5363
1179	5379
1180	5391
1181	5407
1182	5417
1183	5423
1184	5433
1185	5473
1186	5478
1187	5491
1188	5504
1189	5543
1190	5557
1191	5563
1192	5579
1193	5591
1194	5610
1195	5630
1196	5651
1197	5662
1198	5669
1199	5683
1200	5700
1201	5719
1202	5749
1203	5760
1204	5772
1205	5792
1206	5813
1207	5838
1208	5855
1209	5867
1210	5891
1211	5898
1212	5903
1213	5921
1214	5942
1215	5969
1216	5984
1217	6017
1218	6027
1219	6034
1220	6051
1221	6111
1222	6149
1223	6164
1224	6181
1225	6189
1226	6200
1227	6209
1228	6226
1229	6242
1230	6256
1231	6268
1232	6278
1233	6288
1234	6310
1235	6323
1236	6348
1237	6360
1238	6376
1239	6395
1240	6409
1241	6428
1242	6454
1243	6468
1244	6483
1245	6502
1246	6517
1247	6543
1248	6566
1249	6582
1250	6600
1251	6620
1252	6635
1253	6651
1254	6657
1255	6673
1256	6684
1257	6706
1258	6728
1259	6743
1260	6754
1261	6770
1262	6789
1263	6835
1264	6855
1265	6872
1266	6898
1267	6912
1268	6922
1269	6953
1270	6966
1271	6978
1272	7000
1273	7013
1274	7027
1275	7033
1276	7053
1277	7082
1278	7106
1279	7143
1280	7168
1281	7184
1282	7224
1283	7239
1284	7267
1285	7277
1286	7313
1287	7340
1288	7356
1289	7391
1290	7410
1291	7441
1292	7516
1293	7536
1294	7556
1295	7571
1296	7580
1297	7597
1298	7622
1299	7646
1300	7672
1301	7694
1302	7713
1303	7725
1304	7745
1305	7759
1306	7788
1307	7810
1308	7826
1309	7845
1310	7854
1311	7886
1312	7963
1313	7993
1314	8018
1315	8031
1316	8038
1317	8049
1318	8063
1319	8089
1320	8108
1321	8128
1322	8153
1323	8167
1324	8184
1325	8207
1326	8240
1327	8279
1328	8302
1329	8316
1330	8335
1331	8362
1332	8419
1333	8449
1334	8474
1335	8512
1336	8525
1337	8538
1338	8550
1339	8586
1340	8628
1341	8677
1342	8693
1343	8712
1344	8722
1345	8742
1346	8759
1347	8782
1348	8801
1349	8847
1350	8867
1351	8881
1352	8890
1353	8908
1354	8954
1355	8980
1356	8996
1357	9012
1358	9028
1359	9045
1360	9083
1361	9106
1362	9130
1363	9167
1364	9205
1365	9211
1366	9221
1367	9235
1368	9281
1369	9359
1370	9393
1371	9428
1372	9445
1373	9459
1374	9489
1375	9509
1376	9618
1377	9662
1378	9718
1379	9736
1380	9754
1381	9794
1382	9845
1383	9892
1384	9937
1385	9954
1386	9990
1387	10009
1388	10054
1389	10075
1390	10103
1391	10132
1392	10158
1393	10168
1394	10183
1395	10232
1396	10282
1397	10312
1398	10359
1399	10377
1400	10386
1401	10392
1402	10402
1403	10425
1404	10492
1405	10512
1406	10534
1407	10558
1408	10574
1409	10591
1410	10613
1411	10648
1412	10671
1413	10703
1414	10719
1415	10742
1416	10781
1417	10835
1418	10863
1419	10904
1420	10954
1421	10988
1422	11015
1423	11060
1424	11100
1425	11125
1426	11155
1427	11190
1428	11212
1429	11243
1430	11290
1431	11314
1432	11353
1433	11395
1434	11432
1435	11460
1436	11490
1437	11550
1438	11592
1439	11678
1440	11735
1441	11767
1442	11789
1443	11818
1444	11868
1445	11910
1446	11949
1447	11979
1448	12015
1449	12046
1450	12084
1451	12187
1452	12260
1453	12336
1454	12468
1455	12518
1456	12576
1457	12634
1458	12700
1459	12773
1460	12833
1461	12904
1462	12970
1463	13021
1464	13060
1465	13130
1466	13216
1467	13261
1468	13298
1469	13358
1470	13384
1471	13425
1472	13462
1473	13509
1474	13542
1475	13582
1476	13622
1477	13659
1478	13690
1479	13739
1480	13785
1481	13851
1482	13923
1483	14006
1484	14060
1485	14107
1486	14180
1487	14252
1488	14338
1489	14437
1490	14484
1491	14541
1492	14576
1493	14648
1494	14725
1495	14788
1496	14843
1497	14901
1498	14946
1499	14986
1500	15053
1501	15121
1502	15203
1503	15353
1504	15426
1505	15484
1506	15531
1507	15581
1508	15665
1509	15725
1510	15795
1511	15859
1512	15887
1513	15937
1514	15996
1515	16135
1516	16213
1517	16309
1518	16364
1519	16423
1520	16458
1521	16541
1522	16620
1523	16682
1524	16741
1525	16803
1526	16845
1527	16888
1528	16930
1529	17000
1530	17079
1531	17139
1532	17213
1533	17248
1534	17294
1535	17364
1536	17442
1537	17505
1538	17598
1539	17692
1540	17746
1541	17799
1542	17884
1543	17945
1544	18008
1545	18071
1546	18125
1547	18173
1548	18205
1549	18271
1550	18353
1551	18424
1552	18504
1553	18565
1554	18610
1555	18653
1556	18716
1557	18805
1558	18875
1559	18935
1560	18995
1561	19027
1562	19073
1563	19131
1564	19186
1565	19256
1566	19395
1567	19460
1568	19500
1569	19544
1570	19605
1571	19683
1572	19736
1573	19833
1574	19923
1575	19967
1576	20004
1577	20076
1578	20123
1579	20202
1580	20281
1581	20331
1582	20367
1583	20420
1584	20498
1585	20604
1586	20685
1587	20758
1588	20849
1589	20888
1590	20941
1591	21018
1592	21084
1593	21158
1594	21232
1595	21316
1596	21453
1597	21490
1598	21580
1599	21676
1600	21720
1601	21790
1602	21876
1603	21929
1604	21979
1605	22052
1606	22134
1607	22238
1608	22450
1609	22525
1610	22613
1611	22666
1612	22729
1613	22837
1614	22937
1615	23023
1616	23095
1617	23146
1618	23195
1619	23317
1620	23451
1621	23583
1622	23780
1623	24023
1624	24112
1625	24198
1626	24358
1627	24534
1628	24671
1629	24774
1630	24861
1631	24918
1632	24976
1633	25126
1634	25281
1635	25368
1636	25464
1637	25567
1638	25626
1639	25689
1640	25785
1641	25901
1642	26018
1643	26099
1644	26197
1645	26262
1646	26324
1647	26422
1648	26514
1649	26628
1650	26702
1651	26783
1652	26844
1653	26899
1654	26996
1655	27091
1656	27172
1657	27256
1658	27331
1659	27368
1660	27442
1661	27533
1662	27599
1663	27673
1664	27751
1665	27821
1666	27868
1667	27930
1668	28008
1669	28105
1670	28189
1671	28265
1672	28344
1673	28420
1674	28466
1675	28543
1676	28628
1677	28708
1678	28801
1679	28866
1680	28911
1681	28954
1682	29037
1683	29094
1684	29173
1685	29240
1686	29304
1687	29342
1688	29392
1689	29453
1690	29532
1691	29589
1692	29675
1693	29797
1694	29825
1695	29858
1696	29920
1697	30002
1698	30084
1699	30137
1700	30211
1701	30263
1702	30300
1703	30366
1704	30454
1705	30576
1706	30626
1707	30696
1708	30737
1709	30781
1710	30848
1711	30933
1712	31021
1713	31113
1714	31165
1715	31243
1716	31329
1717	31443
1718	31568
1719	31699
1720	31831
1721	31970
1722	32065
1723	32160
1724	32290
1725	32470
1726	32573
1727	32680
1728	32818
1729	32911
1730	32977
1731	33096
1732	33187
1733	33244
1734	33294
1735	33343
1736	33371
1737	33417
1738	33467
1739	33557
1740	33676
1741	33767
1742	33918
1743	33989
1744	34032
1745	34158
1746	34262
1747	34346
1748	34430
1749	34592
1750	34629
1751	34677
1752	34819
1753	34947
1754	35067
1755	35164
1756	35262
1757	35321
1758	35365
1759	35449
1760	35544
1761	35587
1762	35672
1763	35729
1764	35763
1765	35794
1766	35841
1767	35883
1768	35943
1769	36031
1770	36108
1771	36168
1772	36227
1773	36259
1774	36284
1775	36338
1776	36420
1777	36467
1778	36512
1779	36564
1780	36665
1781	36779
1782	36907
1783	37028
1784	37126
1785	37186
1786	37227
1787	37299
1788	37381
1789	37519
1790	37629
1791	37735
1792	37837
1793	37913
1794	38042
1795	38195
1796	38330
1797	38460
1798	38540
1799	38631
1800	38704
1801	38846
1802	38970
1803	39107
1804	39240
1805	39345
1806	39430
1807	39509
1808	39622
1809	39754
1810	39891
1811	40019
1812	40111
1813	40176
1814	40247
1815	40390
1816	40614
1817	40822
1818	40931
1819	41043
1820	41117
1821	41209
1822	41347
1823	41485
1824	41637
1825	41768
1826	41888
1827	41970
1828	42059
1829	42145
1830	42277
1831	42386
1832	42511
1833	42612
1834	42711
1835	42795
1836	42927
1837	43013
1838	43103
1839	43189
1840	43291
1841	43363
1842	43424
1843	43528
1844	43643
1845	43760
1846	43883
1847	44009
1848	44117
1849	44230
1850	44392
1851	44541
1852	44833
1853	45138
1854	45397
1855	45522
1856	45564
1857	45648
1858	45851
1859	46075
1860	46278
1861	46432
1862	46534
1863	46622
1864	46749
1865	46905
1866	47034
1867	47181
1868	47293
1869	47399
1870	47509
1871	47644
1872	47798
1873	47949
1874	48096
1875	48263
1876	48367
1877	48465
1878	48638
1879	48793
1880	48946
1881	49134
1882	49303
1883	49403
1884	49482
1885	49613
1886	49763
1887	49827
1888	49893
1889	49958
1890	50055
1891	50150
1892	50278
1893	50406
1894	50541
1895	50692
1896	50831
1897	50928
1898	51017
1899	51153
1900	51273
1901	51433
1902	51591
1903	51717
1904	51797
1905	51889
1906	51991
1907	52109
1908	52224
1909	52351
1910	52456
1911	52515
1912	52588
1913	52693
1914	52779
1915	52857
1916	52925
1917	52990
1918	53061
1919	53125
1920	53235
1921	53350
1922	53452
1923	53558
1924	53600
1925	53638
1926	53672
1927	53752
1928	53868
1929	53984
1930	54103
1931	54194
1932	54279
1933	54359
1934	54447
1935	54533
1936	54613
1937	54705
1938	54823
1939	54892
1940	54966
1941	55055
1942	55163
1943	55289
1944	55396
1945	55491
1946	55658
1947	55866
1948	56116
1949	56384
1950	56605
1951	56822
1952	57103
1953	57293
1954	57443
1955	57722
1956	58006
1957	58257
1958	58469
1959	58675
1960	58766
1961	58897
1962	59117
1963	59357
1964	59577
1965	59798
1966	59981
1967	60121
1968	60246
1969	60432
1970	60648
1971	60871
1972	61016
1973	61074
1974	61151
1975	61244
1976	61436
1977	61620
1978	61802
1979	62000
1980	62146
1981	62248
1982	62351
1983	62492
1984	62676
1985	62836
1986	62990
1987	63113
1988	63216
1989	63301
1990	63435
1991	63596
1992	63749
1993	63898
1994	64026
1995	64116
1996	64200
1997	64326
1998	64402
1999	64532
2000	64651
2001	64766
2002	64856
2003	64927
2004	65069
2005	65233
2006	65401
2007	65544
2008	65670
2009	65758
2010	65837
2011	65976
2012	66101
2013	66245
2014	66412
2015	66556
2016	66716
2017	66926
2018	67201
2019	67482
2020	67732
2021	67980
2022	68206
2023	68323
2024	68466
2025	68730
2026	68948
2027	69195
2028	69441
2029	69655
2030	69724
2031	69763
2032	69866
2033	69960
2034	70105
2035	70288
2036	70468
2037	70608
2038	70781
2039	70982
2040	71199
2041	71400
2042	71613
2043	71787
2044	71919
2045	72067
2046	72235
2047	72397
2048	72639
2049	72800
2050	72962
2051	73075
2052	73175
2053	73349
2054	73514
2055	73671
2056	73844
2057	73988
2058	74092
2059	74197
2060	74346
2061	74503
2062	74663
2063	74839
2064	74982
2065	75087
2066	75173
2067	75322
2068	75503
2069	75670
2070	75840
2071	75976
2072	76062
2073	76142
2074	76288
2075	76455
2076	76607
2077	76725
2078	76869
2079	76964
2080	77064
2081	77219
2082	77372
2083	77539
2084	77814
2085	78232
2086	78475
2087	78726
2088	79121
2089	79463
2090	79762
2091	80077
2092	80320
2093	80491
2094	80688
2095	80996
2096	81259
2097	81502
2098	81735
2099	81930
2100	82062
2101	82190
2102	82396
2103	82586
2104	82769
2105	82944
2106	83094
2107	83194
2108	83279
2109	83454
2110	83628
2111	83800
2112	83950
2113	84102
2114	84207
2115	84314
2116	84463
2117	84678
2118	84825
2119	84957
2120	85110
2121	85199
2122	85292
2123	85435
2124	85583
2125	85716
2126	85856
2127	86051
2128	86123
2129	86213
2130	86310
2131	86409
2132	86486
2133	86602
2134	86695
2135	86786
2136	86860
2137	86987
2138	87076
2139	87135
2140	87243
2141	87364
2142	87467
2143	87552
2144	87658
2145	87790
2146	87977
2147	88165
2148	88351
2149	88519
2150	88767
2151	89156
2152	89535
2153	89867
2154	90161
2155	90440
2156	90642
2157	90804
2158	91046
2159	91291
2160	91535
2161	91742
2162	91966
2163	92141
2164	92286
2165	92447
2166	92535
2167	92709
2168	92909
2169	93071
2170	93207
2171	93318
2172	93476
2173	93621
2174	93803
2175	93996
2176	94163
2177	94328
2178	94470
2179	94644
2180	94863
2181	95011
2182	95210
2183	95352
2184	95465
2185	95582
2186	95761
2187	95931
2188	96081
2189	96274
2190	96479
2191	96631
2192	96768
2193	96943
2194	97179
2195	97384
2196	97567
2197	97739
2198	97874
2199	97985
2200	98162
2201	98330
2202	98552
2203	99172
2204	99625
2205	99910
2206	100158
2207	100534
2208	100885
2209	101221
2210	101553
2211	101945
2212	102104
2213	102292
2214	102589
2215	102880
2216	103159
2217	103407
2218	103644
2219	103823
2220	103978
2221	104231
2222	104451
2223	104676
2224	104905
2225	105117
2226	105250
2227	105367
2228	105622
2229	105865
2230	106075
2231	106264
2232	106465
2233	106589
2234	106717
2235	106887
2236	107087
2237	107302
2238	107461
2239	107640
2240	107809
2241	107925
2242	108074
2243	108228
2244	108417
2245	108577
2246	108702
2247	108801
2248	108913
2249	109074
2250	109313
2251	109540
2252	109805
2253	109992
2254	110154
2255	110370
2256	110850
2257	111260
2258	111577
2259	111832
2260	112013
2261	112097
2262	112247
2263	112506
2264	112735
2265	113054
2266	113246
2267	113432
2268	113566
2269	113741
2270	114152
2271	114557
2272	114880
2273	115032
2274	115173
2275	115245
2276	115363
2277	115627
2278	115829
2279	115974
2280	116141
2281	116283
2282	116386
2283	116568
2284	116815
2285	117055
2286	117238
2287	117383
2288	117545
2289	117621
2290	117698
2291	117830
2292	117935
2293	118123
2294	118278
2295	118385
2296	118473
2297	118540
2298	118669
2299	118828
2300	119025
2301	119203
2302	119352
2303	119436
2304	119486
2305	119679
2306	119828
2307	119939
2308	120074
2309	120157
2310	120240
2311	120305
2312	120397
2313	120513
2314	120668
2315	120890
2316	121269
2317	121382
2318	121542
2319	121855
2320	122132
2321	122423
2322	122657
2323	122814
2324	122908
2325	123027
2326	123224
2327	123432
2328	123613
2329	123848
2330	123975
2331	124052
2332	124124
2333	124310
2334	124502
2335	124746
2336	124862
2337	125092
2338	125174
2339	125267
2340	125409
2341	125605
2342	125765
2343	125898
2344	125989
2345	126100
2346	126161
2347	126275
2348	126390
2349	126477
2350	126639
2351	126736
2352	126801
2353	126858
2354	126969
2355	127087
2356	127184
2357	127312
2358	127447
2359	127497
2360	127561
2361	127749
2362	127828
2363	127901
2364	128030
2365	128184
2366	128226
2367	128286
2368	128408
2369	128522
2370	128609
2371	128819
2372	129136
2373	129309
2374	129418
2375	129644
2376	129869
2377	130099
2378	130253
2379	130427
2380	130498
2381	130532
2382	130614
2383	130731
2384	130936
2385	131011
2386	131134
2387	131202
2388	131248
2389	131339
2390	131479
2391	131716
2392	131814
2393	131902
2394	131964
2395	132017
2396	132148
2397	132308
2398	132435
2399	132564
2400	132671
2401	132828
2402	132902
2403	133061
2404	133287
2405	133422
2406	133602
2407	133704
2408	133801
2409	133874
2410	134015
2411	134154
2412	134288
2413	134410
2414	134512
2415	134598
2416	134658
2417	134732
2418	134818
2419	134914
2420	135041
2421	135220
2422	135303
2423	135457
2424	135706
2425	135920
2426	136078
2427	136323
2428	136514
2429	136654
2430	136753
2431	137045
2432	137284
2433	137457
2434	137624
2435	137800
2436	137876
2437	137962
2438	138114
2439	138252
2440	138414
2441	138544
2442	138769
2443	138846
2444	138904
2445	139004
2446	139104
2447	139197
2448	139263
2449	139394
2450	139440
2451	139501
2452	139609
2453	139703
2454	139842
2455	140041
2456	140245
2457	140400
2458	140525
2459	140687
2460	140881
2461	141041
2462	141164
2463	141313
2464	141396
2465	141518
2466	141668
2467	141816
2468	141948
2469	142055
2470	142150
2471	142219
2472	142310
2473	142430
2474	142576
2475	142706
2476	142821
2477	142934
2478	143019
2479	143096
2480	143242
2481	143370
2482	143498
2483	143656
2484	143959
2485	144098
2486	144224
2487	144412
2488	144601
2489	144778
2490	144991
2491	145163
2492	145279
2493	145385
2494	145565
2495	145715
2496	145797
2497	145887
2498	145960
2499	146016
2500	146068
2501	146173
2502	146277
2503	146362
2504	146413
2505	146557
2506	146744
2507	146992
2508	147270
2509	147581
2510	147820
2511	148041
2512	148249
2513	148371
2514	148522
2515	148752
2516	149031
2517	149338
2518	149569
2519	149837
2520	149975
2521	150062
2522	150241
2523	150419
2524	150555
2525	150729
2526	150875
2527	150970
2528	151066
2529	151202
2530	151348
2531	151482
2532	151623
2533	151987
2534	152256
2535	152434
2536	152751
2537	153046
2538	153287
2539	153536
2540	153742
2541	153915
2542	154048
2543	154240
2544	154440
2545	154610
2546	154795
2547	154958
2548	155064
2549	155142
2550	155257
2551	155391
2552	155487
2553	155628
2554	155755
2555	155874
2556	155961
2557	156046
2558	156166
2559	156442
2560	156895
2561	157224
2562	157431
2563	157592
2564	157848
2565	158171
2566	158452
2567	158700
2568	158915
2569	159043
2570	159134
2571	159329
2572	159562
2573	159791
2574	160021
2575	160233
2576	160386
2577	160501
2578	160728
2579	160942
2580	161153
2581	161320
2582	161477
2583	161570
2584	161688
2585	162210
2586	162623
2587	162981
2588	163410
2589	163690
2590	163850
2591	164016
2592	164272
2593	164513
2594	164807
2595	165098
2596	165320
2597	165418
2598	165533
2599	165650
2600	165860
2601	166052
2602	166221
2603	166388
2604	166498
2605	166603
2606	166765
2607	166955
2608	167153
2609	167466
2610	167899
2611	168156
2612	168362
2613	168700
2614	169030
2615	169303
2616	169569
2617	169771
2618	169890
2619	170001
2620	170215
2621	170504
2622	170734
2623	170929
2624	171026
2625	171130
2626	171234
2627	171400
2628	171589
2629	171772
2630	171950
2631	172134
2632	172281
2633	172417
2634	172627
2635	172968
2636	173607
2637	173952
2638	174254
2639	174429
2640	174567
2641	174830
2642	175107
2643	175355
2644	175592
2645	175788
2646	175918
2647	176048
2648	176248
2649	176429
2650	176678
2651	176902
2652	177122
2653	177211
2654	177299
2655	177449
2656	177632
2657	177831
2658	177988
2659	178127
2660	178250
2661	178550
2662	179039
2663	179517
2664	179921
2665	180247
2666	180468
2667	180638
2668	180791
2669	181025
2670	181293
2671	181548
2672	181833
2673	182071
2674	182209
2675	182355
2676	182595
2677	182858
2678	183127
2679	183384
2680	183569
2681	183681
2682	183778
2683	183972
2684	184141
2685	184360
2686	184717
2687	184981
2688	185027
2689	185078
2690	185236
2691	185483
2692	185688
2693	185897
2694	186063
2695	186194
2696	186328
2697	186564
2698	186749
2699	186911
2700	187073
2701	187258
2702	187420
2703	187531
2704	187800
2705	188016
2706	188221
2707	188410
2708	188561
2709	188686
2710	188769
2711	188938
2712	189106
2713	189269
2714	189489
2715	189600
2716	189740
2717	189858
2718	190060
2719	190242
2720	190482
2721	190679
2722	190821
2723	190917
2724	191039
2725	191206
2726	191374
2727	191568
2728	191888
2729	192176
2730	192331
2731	192527
2732	192775
2733	193027
2734	193321
2735	193551
2736	193752
2737	193935
2738	194053
2739	194259
2740	194543
2741	194720
2742	194906
2743	195026
2744	195111
2745	195206
2746	195300
2747	195595
2748	195827
2749	196013
2750	196209
2751	196384
2752	196604
2753	196797
2754	197045
2755	197289
2756	197498
2757	197677
2758	197832
2759	197927
2760	198128
2761	198313
2762	198459
2763	198732
2764	199050
2765	199505
2766	199789
2767	200151
2768	200460
2769	200742
2770	201006
2771	201275
2772	201479
2773	201626
2774	201894
2775	202164
2776	202378
2777	202548
2778	202743
2779	202941
2780	203127
2781	203352
2782	203561
2783	203708
2784	203950
2785	204037
2786	204079
2787	204136
2788	204269
2789	204471
2790	204782
2791	205010
2792	205172
2793	205218
2794	205271
2795	205353
2796	205478
2797	205677
2798	205884
2799	206026
2800	206084
2801	206112
2802	206196
2803	206257
2804	206381
2805	206438
2806	206489
2807	206526
2808	206560
2809	206647
2810	206787
2811	206983
2812	207266
2813	207458
2814	207524
2815	207554
2816	207689
2817	207936
2818	208016
2819	208097
2820	208164
2821	208198
2822	208234
2823	208307
2824	208413
2825	208532
2826	208637
2827	208707
2828	208812
2829	208861
2830	209014
2831	209138
2832	209209
2833	209342
2834	209476
2835	209639
2836	209805
2837	210167
2838	210486
2839	210702
2840	210801
2841	211039
2842	211198
2843	211387
2844	211515
2845	211604
2846	211910
2847	212060
2848	212127
2849	212167
2850	212205
2851	212263
2852	212340
2853	212406
2854	212493
2855	212557
2856	212583
2857	212603
2858	212660
2859	212722
2860	212770
2861	212799
2862	212825
2863	212852
2864	212876
2865	212930
2866	212968
2867	213005
2868	213059
2869	213093
2870	213148
2871	213188
2872	213301
2873	213453
2874	213573
2875	213743
2876	213858
2877	213901
2878	213938
2879	214032
2880	214104
2881	214180
2882	214255
2883	214325
