1	1
2	1
3	1
4	1
5	1
6	1
7	1
8	1
9	1
10	1
11	1
12	1
13	1
14	1
15	1
16	1
17	1
18	1
19	1
20	1
21	1
22	1
23	1
24	1
25	1
26	1
27	1
28	1
29	1
30	1
31	1
32	1
33	1
34	1
35	1
36	1
37	1
38	1
39	1
40	1
41	1
42	1
43	1
44	1
45	1
46	1
47	1
48	1
49	1
50	1
51	1
52	1
53	1
54	1
55	1
56	1
57	2
58	2
59	2
60	2
61	2
62	3
63	3
64	3
65	3
66	3
67	3
68	3
69	3
70	3
71	3
72	3
73	3
74	3
75	3
76	3
77	3
78	3
79	3
80	3
81	3
82	3
83	3
84	3
85	3
86	3
87	3
88	3
89	3
90	3
91	3
92	3
93	3
94	3
95	3
96	3
97	3
98	3
99	3
100	3
101	3
102	3
103	3
104	3
105	3
106	3
107	3
108	3
109	3
110	3
111	3
112	3
113	3
114	3
115	3
116	3
117	3
118	4
119	4
120	4
121	4
122	4
123	4
124	4
125	4
126	4
127	4
128	4
129	4
130	4
131	4
132	4
133	4
134	4
135	4
136	4
137	4
138	4
139	4
140	4
141	4
142	4
143	4
144	4
145	5
146	5
147	5
148	5
149	5
150	5
151	5
152	5
153	5
154	5
155	5
156	5
157	5
158	5
159	5
160	5
161	6
162	7
163	7
164	8
165	8
166	8
167	8
168	8
169	8
170	8
171	8
172	8
173	10
174	10
175	10
176	10
177	10
178	10
179	10
180	11
181	11
182	11
183	11
184	12
185	13
186	13
187	13
188	13
189	13
190	13
191	13
192	13
193	13
194	13
195	13
196	13
197	13
198	13
199	13
200	13
201	13
202	13
203	13
204	13
205	13
206	13
207	13
208	13
209	14
210	15
211	16
212	16
213	16
214	16
215	16
216	16
217	16
218	17
219	17
220	17
221	17
222	17
223	18
224	19
225	19
226	19
227	20
228	20
229	20
230	20
231	21
232	23
233	24
234	24
235	24
236	25
237	26
238	27
239	27
240	31
241	31
242	31
243	32
244	34
245	35
246	36
247	36
248	36
249	37
250	38
251	39
252	39
253	39
254	40
255	43
256	43
257	43
258	44
259	44
260	45
261	45
262	46
263	46
264	46
265	46
266	46
267	46
268	48
269	49
270	49
271	49
272	49
273	49
274	49
275	50
276	50
277	50
278	50
279	51
280	52
281	54
282	54
283	54
284	55
285	55
286	55
287	55
288	56
289	56
290	56
291	56
292	56
293	56
294	57
295	57
296	58
297	58
298	58
299	58
300	58
301	59
302	62
303	65
304	66
305	68
306	69
307	70
308	70
309	71
310	71
311	71
312	71
313	71
314	71
315	71
316	71
317	71
318	71
319	71
320	71
321	71
322	71
323	72
324	74
325	74
326	75
327	75
328	76
329	76
330	76
331	78
332	79
333	79
334	79
335	79
336	80
337	80
338	80
339	81
340	81
341	81
342	84
343	86
344	86
345	86
346	86
347	86
348	86
349	86
350	86
351	86
352	87
353	87
354	87
355	87
356	88
357	89
358	90
359	90
360	90
361	91
362	91
363	91
364	92
365	92
366	92
367	92
368	92
369	94
370	94
371	94
372	94
373	95
374	96
375	96
376	96
377	96
378	96
379	96
380	96
381	96
382	96
383	98
384	99
385	101
386	101
387	102
388	102
389	103
390	104
391	104
392	105
393	105
394	105
395	105
396	105
397	106
398	107
399	110
400	110
401	110
402	111
403	112
404	112
405	112
406	113
407	114
408	117
409	118
410	119
411	121
412	122
413	123
414	123
415	124
416	124
417	126
418	126
419	127
420	127
421	129
422	129
423	129
424	130
425	130
426	131
427	134
428	135
429	136
430	136
431	139
432	140
433	141
434	142
435	142
436	142
437	142
438	142
439	142
440	142
441	142
442	142
443	142
444	143
445	143
446	145
447	147
448	147
449	148
450	149
451	150
452	150
453	151
454	153
455	156
456	156
457	157
458	158
459	159
460	160
461	163
462	163
463	163
464	163
465	163
466	163
467	164
468	164
469	164
470	164
471	165
472	167
473	168
474	170
475	171
476	171
477	171
478	171
479	171
480	172
481	172
482	174
483	175
484	175
485	175
486	175
487	175
488	177
489	178
490	178
491	178
492	178
493	178
494	179
495	179
496	180
497	182
498	183
499	183
500	183
501	183
502	183
503	183
504	183
505	183
506	183
507	183
508	185
509	186
510	187
511	188
512	188
513	190
514	191
515	191
516	192
517	192
518	199
519	201
520	201
521	202
522	204
523	207
524	209
525	210
526	211
527	212
528	215
529	215
530	216
531	218
532	221
533	224
534	226
535	229
536	229
537	233
538	236
539	238
540	238
541	238
542	238
543	239
544	241
545	241
546	243
547	244
548	244
549	245
550	249
551	250
552	251
553	253
554	253
555	253
556	253
557	254
558	254
559	258
560	259
561	262
562	263
563	263
564	265
565	267
566	272
567	276
568	277
569	278
570	278
571	279
572	281
573	286
574	288
575	290
576	293
577	295
578	297
579	297
580	300
581	300
582	300
583	301
584	305
585	305
586	305
587	307
588	307
589	309
590	310
591	311
592	312
593	314
594	317
595	317
596	319
597	320
598	323
599	326
600	326
601	330
602	331
603	332
604	332
605	335
606	337
607	340
608	341
609	344
610	346
611	350
612	350
613	350
614	352
615	355
616	357
617	357
618	358
619	360
620	362
621	365
622	368
623	368
624	370
625	371
626	372
627	372
628	372
629	375
630	375
631	375
632	379
633	381
634	381
635	384
636	386
637	387
638	390
639	392
640	393
641	395
642	398
643	402
644	405
645	409
646	411
647	413
648	416
649	416
650	418
651	418
652	419
653	421
654	423
655	424
656	426
657	428
658	428
659	428
660	429
661	432
662	433
663	434
664	434
665	435
666	438
667	439
668	443
669	443
670	444
671	446
672	448
673	450
674	451
675	452
676	455
677	457
678	459
679	459
680	461
681	465
682	465
683	466
684	466
685	467
686	469
687	469
688	474
689	475
690	475
691	476
692	477
693	480
694	482
695	485
696	486
697	487
698	490
699	497
700	497
701	498
702	500
703	501
704	501
705	501
706	502
707	504
708	506
709	507
710	510
711	512
712	513
713	514
714	516
715	520
716	522
717	522
718	524
719	525
720	525
721	525
722	526
723	527
724	528
725	529
726	529
727	530
728	532
729	532
730	532
731	533
732	534
733	534
734	535
735	535
736	537
737	538
738	538
739	539
740	541
741	542
742	542
743	544
744	548
745	553
746	556
747	558
748	560
749	580
750	580
751	581
752	581
753	581
754	583
755	584
756	586
757	588
758	588
759	590
760	592
761	594
762	596
763	601
764	602
765	605
766	611
767	613
768	614
769	617
770	618
771	621
772	621
773	623
774	623
775	625
776	626
777	627
778	629
779	632
780	633
781	634
782	635
783	638
784	641
785	642
786	645
787	647
788	649
789	652
790	653
791	654
792	659
793	661
794	664
795	664
796	667
797	674
798	677
799	678
800	678
801	682
802	684
803	689
804	694
805	699
806	702
807	703
808	704
809	706
810	708
811	711
812	714
813	722
814	725
815	731
816	734
817	736
818	738
819	747
820	748
821	751
822	753
823	754
824	756
825	757
826	758
827	761
828	764
829	767
830	768
831	769
832	771
833	771
834	773
835	775
836	780
837	782
838	789
839	792
840	794
841	797
842	801
843	801
844	801
845	806
846	809
847	813
848	815
849	818
850	820
851	823
852	828
853	831
854	832
855	834
856	835
857	836
858	836
859	839
860	841
861	844
862	849
863	856
864	858
865	861
866	865
867	869
868	871
869	875
870	881
871	885
872	889
873	892
874	899
875	913
876	922
877	932
878	942
879	947
880	953
881	960
882	973
883	976
884	982
885	987
886	989
887	995
888	999
889	1003
890	1005
891	1008
892	1013
893	1017
894	1024
895	1027
896	1033
897	1038
898	1045
899	1066
900	1071
901	1078
902	1088
903	1092
904	1098
905	1105
906	1123
907	1129
908	1131
909	1136
910	1140
911	1146
912	1157
913	1160
914	1165
915	1168
916	1173
917	1181
918	1183
919	1188
920	1196
921	1198
922	1200
923	1202
924	1205
925	1208
926	1214
927	1217
928	1218
929	1221
930	1224
931	1230
932	1233
933	1239
934	1242
935	1246
936	1247
937	1254
938	1260
939	1269
940	1274
941	1278
942	1280
943	1283
944	1284
945	1286
946	1289
947	1292
948	1307
949	1310
950	1314
951	1319
952	1326
953	1329
954	1333
955	1338
956	1342
957	1344
958	1349
959	1351
960	1353
961	1356
962	1376
963	1377
964	1378
965	1382
966	1385
967	1386
968	1393
969	1399
970	1406
971	1407
972	1414
973	1418
974	1422
975	1424
976	1425
977	1426
978	1428
979	1430
980	1430
981	1433
982	1439
983	1441
984	1444
985	1449
986	1453
987	1460
988	1464
989	1464
990	1465
991	1467
992	1469
993	1471
994	1472
995	1475
996	1478
997	1480
998	1483
999	1484
1000	1487
1001	1490
1002	1494
1003	1499
1004	1505
1005	1506
1006	1507
1007	1509
1008	1511
1009	1519
1010	1524
1011	1525
1012	1525
1013	1531
1014	1534
1015	1540
1016	1542
1017	1544
1018	1547
1019	1551
1020	1553
1021	1554
1022	1555
1023	1558
1024	1558
1025	1558
1026	1562
1027	1562
1028	1565
1029	1569
1030	1573
1031	1582
1032	1584
1033	1586
1034	1587
1035	1587
1036	1587
1037	1593
1038	1600
1039	1612
1040	1613
1041	1615
1042	1629
1043	1631
1044	1632
1045	1638
1046	1642
1047	1643
1048	1646
1049	1647
1050	1649
1051	1650
1052	1650
1053	1651
1054	1653
1055	1654
1056	1655
1057	1658
1058	1660
1059	1663
1060	1664
1061	1664
1062	1665
1063	1668
1064	1668
1065	1669
1066	1675
1067	1678
1068	1679
1069	1681
1070	1682
1071	1685
1072	1687
1073	1693
1074	1696
1075	1698
1076	1698
1077	1702
1078	1721
1079	1721
1080	1721
1081	1721
1082	1724
1083	1727
1084	1733
1085	1737
1086	1739
1087	1739
1088	1739
1089	1739
1090	1741
1091	1744
1092	1746
1093	1748
1094	1749
1095	1751
1096	1752
1097	1755
1098	1756
1099	1758
1100	1758
1101	1759
1102	1761
1103	1762
1104	1763
1105	1763
1106	1767
1107	1771
1108	1773
1109	1774
1110	1774
1111	1777
1112	1781
1113	1784
1114	1787
1115	1788
1116	1789
1117	1792
1118	1793
1119	1796
1120	1799
1121	1800
1122	1807
1123	1810
1124	1811
1125	1812
1126	1815
1127	1817
1128	1820
1129	1822
1130	1824
1131	1826
1132	1830
1133	1832
1134	1832
1135	1832
1136	1838
1137	1838
1138	1840
1139	1840
1140	1842
1141	1845
1142	1850
1143	1852
1144	1855
1145	1855
1146	1857
1147	1859
1148	1859
1149	1867
1150	1867
1151	1871
1152	1871
1153	1876
1154	1880
1155	1883
1156	1885
1157	1890
1158	1896
1159	1898
1160	1902
1161	1908
1162	1910
1163	1914
1164	1924
1165	1928
1166	1932
1167	1937
1168	1941
1169	1943
1170	1945
1171	1953
1172	1956
1173	1968
1174	1971
1175	1974
1176	1978
1177	1983
1178	1988
1179	1993
1180	1996
1181	2000
1182	2003
1183	2006
1184	2010
1185	2013
1186	2023
1187	2031
1188	2032
1189	2038
1190	2045
1191	2050
1192	2059
1193	2067
1194	2074
1195	2078
1196	2083
1197	2091
1198	2094
1199	2096
1200	2100
1201	2100
1202	2103
1203	2108
1204	2117
1205	2121
1206	2127
1207	2133
1208	2139
1209	2145
1210	2150
1211	2157
1212	2169
1213	2176
1214	2182
1215	2186
1216	2190
1217	2197
1218	2203
1219	2208
1220	2214
1221	2220
1222	2229
1223	2232
1224	2234
1225	2238
1226	2242
1227	2250
1228	2258
1229	2263
1230	2265
1231	2271
1232	2276
1233	2279
1234	2284
1235	2288
1236	2295
1237	2298
1238	2306
1239	2318
1240	2327
1241	2331
1242	2335
1243	2337
1244	2340
1245	2351
1246	2359
1247	2359
1248	2367
1249	2371
1250	2377
1251	2380
1252	2386
1253	2391
1254	2394
1255	2401
1256	2403
1257	2412
1258	2420
1259	2426
1260	2438
1261	2447
1262	2450
1263	2455
1264	2457
1265	2460
1266	2465
1267	2469
1268	2478
1269	2482
1270	2490
1271	2494
1272	2499
1273	2502
1274	2511
1275	2520
1276	2524
1277	2530
1278	2536
1279	2541
1280	2548
1281	2551
1282	2556
1283	2562
1284	2574
1285	2581
1286	2582
1287	2587
1288	2594
1289	2599
1290	2605
1291	2610
1292	2616
1293	2620
1294	2624
1295	2627
1296	2630
1297	2640
1298	2643
1299	2649
1300	2653
1301	2656
1302	2663
1303	2671
1304	2673
1305	2680
1306	2683
1307	2683
1308	2686
1309	2699
1310	2706
1311	2712
1312	2719
1313	2722
1314	2724
1315	2737
1316	2747
1317	2756
1318	2767
1319	2774
1320	2783
1321	2791
1322	2797
1323	2804
1324	2813
1325	2818
1326	2824
1327	2830
1328	2835
1329	2843
1330	2850
1331	2857
1332	2868
1333	2879
1334	2884
1335	2889
1336	2896
1337	2900
1338	2910
1339	2914
1340	2923
1341	2932
1342	2936
1343	2942
1344	2944
1345	2953
1346	2959
1347	2961
1348	2966
1349	2971
1350	2974
1351	2977
1352	2986
1353	2990
1354	2995
1355	3003
1356	3008
1357	3016
1358	3021
1359	3027
1360	3033
1361	3041
1362	3045
1363	3052
1364	3059
1365	3066
1366	3073
1367	3080
1368	3087
1369	3092
1370	3098
1371	3106
1372	3117
1373	3126
1374	3129
1375	3139
1376	3145
1377	3149
1378	3160
1379	3167
1380	3175
1381	3184
1382	3193
1383	3202
1384	3204
1385	3214
1386	3216
1387	3226
1388	3232
1389	3238
1390	3239
1391	3239
1392	3240
1393	3247
1394	3251
1395	3256
1396	3259
1397	3263
1398	3267
1399	3270
1400	3271
1401	3273
1402	3282
1403	3286
1404	3288
1405	3289
1406	3301
1407	3304
1408	3308
1409	3313
1410	3318
1411	3321
1412	3323
1413	3327
1414	3333
1415	3338
1416	3343
1417	3344
1418	3350
1419	3351
1420	3353
1421	3357
1422	3366
1423	3370
1424	3374
1425	3376
1426	3380
1427	3391
1428	3396
1429	3400
1430	3406
1431	3412
1432	3417
1433	3420
1434	3429
1435	3432
1436	3441
1437	3449
1438	3450
1439	3452
1440	3458
1441	3463
1442	3474
1443	3483
1444	3491
1445	3500
1446	3502
1447	3504
1448	3505
1449	3509
1450	3517
1451	3520
1452	3528
1453	3531
1454	3533
1455	3541
1456	3543
1457	3549
1458	3562
1459	3568
1460	3573
1461	3576
1462	3582
1463	3587
1464	3591
1465	3597
1466	3604
1467	3611
1468	3614
1469	3618
1470	3631
1471	3639
1472	3647
1473	3652
1474	3654
1475	3659
1476	3670
1477	3678
1478	3680
1479	3688
1480	3696
1481	3703
1482	3712
1483	3727
1484	3741
1485	3747
1486	3752
1487	3754
1488	3755
1489	3756
1490	3762
1491	3768
1492	3773
1493	3781
1494	3786
1495	3787
1496	3791
1497	3793
1498	3801
1499	3803
1500	3811
1501	3814
1502	3817
1503	3817
1504	3832
1505	3834
1506	3838
1507	3843
1508	3846
1509	3848
1510	3848
1511	3855
1512	3859
1513	3864
1514	3869
1515	3873
1516	3874
1517	3875
1518	3882
1519	3888
1520	3895
1521	3896
1522	3900
1523	3903
1524	3906
1525	3910
1526	3914
1527	3918
1528	3923
1529	3928
1530	3933
1531	3938
1532	3945
1533	3949
1534	3954
1535	3957
1536	3961
1537	3965
1538	3971
1539	3976
1540	3987
1541	3999
1542	4003
1543	4006
1544	4013
1545	4015
1546	4023
1547	4028
1548	4031
1549	4033
1550	4037
1551	4041
1552	4044
1553	4048
1554	4052
1555	4054
1556	4056
1557	4061
1558	4062
1559	4065
1560	4067
1561	4070
1562	4075
1563	4077
1564	4077
1565	4081
1566	4084
1567	4087
1568	4088
1569	4089
1570	4089
1571	4089
1572	4090
1573	4091
1574	4095
1575	4096
1576	4097
1577	4103
1578	4105
1579	4106
1580	4108
1581	4109
1582	4110
1583	4113
1584	4115
