1	1
2	1
3	1
4	1
5	1
6	1
7	1
8	1
9	1
10	1
11	1
12	1
13	2
14	2
15	2
16	2
17	2
18	2
19	2
20	3
21	3
22	3
23	3
24	3
25	3
26	3
27	3
28	5
29	5
30	5
31	6
32	6
33	6
34	7
35	9
36	9
37	9
38	10
39	10
40	10
41	10
42	10
43	10
44	10
45	10
46	10
47	10
48	10
49	11
50	12
51	13
52	13
53	13
54	14
55	15
56	15
57	15
58	16
59	16
60	16
61	16
62	16
63	16
64	17
65	18
66	20
67	21
68	22
69	22
70	26
71	27
72	28
73	29
74	29
75	30
76	30
77	30
78	31
79	31
80	34
81	34
82	34
83	35
84	35
85	36
86	37
87	38
88	39
89	44
90	47
91	47
92	48
93	50
94	51
95	53
96	53
97	53
98	54
99	55
100	55
101	55
102	55
103	55
104	55
105	55
106	56
107	56
108	57
109	59
110	59
111	62
112	63
113	65
114	66
115	69
116	70
117	71
118	72
119	72
120	73
121	73
122	74
123	74
124	74
125	75
126	75
127	76
128	76
129	77
130	78
131	79
132	79
133	79
134	84
135	85
136	86
137	88
138	90
139	90
140	92
141	92
142	94
143	95
144	98
145	100
146	100
147	101
148	105
149	105
150	106
151	107
152	107
153	107
154	108
155	108
156	111
157	111
158	111
159	111
160	112
161	112
162	112
163	112
164	115
165	116
166	118
167	118
168	119
169	123
170	124
171	125
172	127
173	127
174	127
175	127
176	128
177	128
178	128
179	130
180	130
181	131
182	132
183	132
184	132
185	133
186	137
187	137
188	141
189	144
190	144
191	147
192	148
193	149
194	151
195	152
196	153
197	153
198	156
199	157
200	158
201	160
202	161
203	161
204	161
205	162
206	164
207	166
208	167
209	168
210	169
211	171
212	171
213	174
214	175
215	175
216	175
217	178
218	180
219	180
220	182
221	184
222	187
223	188
224	188
225	189
226	191
227	192
228	192
229	251
230	253
231	253
232	253
233	253
234	255
235	257
236	259
237	260
238	261
239	262
240	262
241	262
242	264
243	265
244	266
245	267
246	267
247	269
248	270
249	270
250	271
251	273
252	273
253	274
254	274
255	274
256	279
257	281
258	284
259	287
260	288
261	289
262	293
263	296
264	298
265	298
266	298
267	298
268	299
269	300
270	303
271	303
272	306
273	308
274	309
275	311
276	313
277	313
278	316
279	318
280	320
281	320
282	322
283	324
284	325
285	328
286	331
287	331
288	333
289	335
290	338
291	340
292	342
293	342
294	343
295	343
296	347
297	348
298	349
299	350
300	350
301	352
302	352
303	355
304	357
305	361
306	366
307	371
308	372
309	374
310	376
311	377
312	380
313	381
314	383
315	385
316	385
317	387
318	388
319	391
320	393
321	394
322	394
323	395
324	396
325	396
326	397
327	399
328	402
329	404
330	404
331	405
332	407
333	408
334	410
335	413
336	416
337	418
338	423
339	428
340	428
341	431
342	435
343	437
344	453
345	456
346	459
347	477
348	479
349	479
350	481
351	484
352	489
353	495
354	497
355	500
356	503
357	509
358	513
359	514
360	519
361	519
362	522
363	524
364	527
365	530
366	532
367	537
368	545
369	547
370	552
371	553
372	554
373	557
374	560
375	562
376	565
377	569
378	569
379	575
380	579
381	580
382	580
383	584
384	587
385	588
386	594
387	599
388	602
389	605
390	609
391	612
392	616
393	620
394	622
395	624
396	630
397	633
398	644
399	647
400	663
401	665
402	668
403	672
404	673
405	676
406	677
407	681
408	682
409	684
410	686
411	688
412	690
413	697
414	700
415	709
416	714
417	715
418	718
419	720
420	720
421	721
422	725
423	730
424	734
425	738
426	741
427	743
428	751
429	757
430	762
431	764
432	770
433	775
434	779
435	782
436	784
437	786
438	787
439	789
440	794
441	795
442	796
443	798
444	804
445	808
446	813
447	820
448	822
449	826
450	834
451	841
452	842
453	848
454	856
455	862
456	865
457	871
458	881
459	887
460	896
461	901
462	903
463	906
464	909
465	914
466	920
467	924
468	928
469	929
470	934
471	938
472	945
473	950
474	955
475	960
476	963
477	969
478	970
479	973
480	977
481	980
482	983
483	984
484	987
485	990
486	995
487	997
488	1003
489	1005
490	1008
491	1016
492	1021
493	1023
494	1025
495	1038
496	1040
497	1044
498	1047
499	1052
500	1058
501	1061
502	1064
503	1066
504	1067
505	1071
506	1073
507	1085
508	1089
509	1098
510	1101
511	1103
512	1109
513	1112
514	1112
515	1116
516	1120
517	1123
518	1128
519	1130
520	1131
521	1134
522	1140
523	1145
524	1159
525	1162
526	1163
527	1167
528	1170
529	1172
530	1172
531	1175
532	1179
533	1180
534	1184
535	1188
536	1195
537	1196
538	1197
539	1198
540	1201
541	1204
542	1207
543	1213
544	1214
545	1219
546	1219
547	1220
548	1221
549	1224
550	1230
551	1233
552	1246
553	1247
554	1253
555	1261
556	1265
557	1270
558	1273
559	1278
560	1280
561	1280
562	1284
563	1289
564	1304
565	1309
566	1314
567	1318
568	1318
569	1325
570	1328
571	1334
572	1337
573	1343
574	1348
575	1354
576	1358
577	1361
578	1362
579	1363
580	1369
581	1369
582	1373
583	1377
584	1381
585	1387
586	1391
587	1397
588	1398
589	1403
590	1405
591	1408
592	1416
593	1420
594	1424
595	1434
596	1438
597	1445
598	1451
599	1453
600	1455
601	1455
602	1457
603	1470
604	1478
605	1484
606	1488
607	1492
608	1497
609	1499
610	1500
611	1509
612	1527
613	1528
614	1531
615	1535
616	1539
617	1541
618	1548
619	1553
620	1557
621	1562
622	1565
623	1570
624	1575
625	1582
626	1591
627	1609
628	1613
629	1629
630	1634
631	1637
632	1643
633	1645
634	1651
635	1658
636	1662
637	1665
638	1668
639	1672
640	1677
641	1682
642	1686
643	1692
644	1694
645	1699
646	1702
647	1707
648	1712
649	1714
650	1722
651	1724
652	1728
653	1732
654	1738
655	1744
656	1748
657	1751
658	1759
659	1767
660	1771
661	1776
662	1781
663	1784
664	1786
665	1789
666	1791
667	1794
668	1797
669	1800
670	1803
671	1808
672	1812
673	1817
674	1821
675	1826
676	1830
677	1837
678	1843
679	1848
680	1853
681	1862
682	1867
683	1869
684	1872
685	1889
686	1893
687	1901
688	1904
689	1907
690	1911
691	1914
692	1916
693	1918
694	1922
695	1928
696	1933
697	1936
698	1954
699	1956
700	1959
701	1963
702	1967
703	1974
704	1980
705	1985
706	1993
707	2001
708	2011
709	2013
710	2023
711	2027
712	2035
713	2039
714	2054
715	2056
716	2064
717	2073
718	2079
719	2083
720	2091
721	2093
722	2097
723	2107
724	2116
725	2122
726	2126
727	2133
728	2142
729	2147
730	2155
731	2159
732	2168
733	2173
734	2181
735	2186
736	2192
737	2198
738	2209
739	2217
740	2233
741	2244
742	2254
743	2258
744	2264
745	2274
746	2286
747	2291
748	2299
749	2304
750	2308
751	2315
752	2332
753	2339
754	2348
755	2351
756	2358
757	2365
758	2369
759	2380
760	2390
761	2404
762	2410
763	2411
764	2414
765	2420
766	2427
767	2431
768	2437
769	2446
770	2455
771	2460
772	2464
773	2476
774	2487
775	2509
776	2518
777	2523
778	2530
779	2542
780	2549
781	2552
782	2566
783	2574
784	2582
785	2588
786	2597
787	2604
788	2612
789	2623
790	2629
791	2641
792	2643
793	2650
794	2654
795	2661
796	2670
797	2682
798	2696
799	2700
800	2705
801	2709
802	2715
803	2719
804	2732
805	2741
806	2745
807	2750
808	2759
809	2768
810	2776
811	2782
812	2789
813	2795
814	2802
815	2810
816	2814
817	2821
818	2825
819	2832
820	2852
821	2895
822	2901
823	2909
824	2917
825	2923
826	2929
827	2936
828	2943
829	2951
830	2964
831	2973
832	2982
833	2988
834	2999
835	3007
836	3023
837	3030
838	3042
839	3049
840	3054
841	3060
842	3070
843	3079
844	3091
845	3099
846	3102
847	3107
848	3119
849	3134
850	3149
851	3157
852	3174
853	3180
854	3182
855	3191
856	3204
857	3217
858	3224
859	3233
860	3239
861	3245
862	3250
863	3264
864	3274
865	3280
866	3287
867	3292
868	3297
869	3307
870	3320
871	3328
872	3337
873	3341
874	3348
875	3352
876	3357
877	3367
878	3376
879	3388
880	3397
881	3411
882	3416
883	3421
884	3432
885	3440
886	3445
887	3451
888	3460
889	3467
890	3471
891	3475
892	3488
893	3509
894	3518
895	3525
896	3528
897	3534
898	3544
899	3556
900	3562
901	3624
902	3633
903	3638
904	3647
905	3657
906	3688
907	3699
908	3710
909	3717
910	3723
911	3725
912	3731
913	3747
914	3759
915	3769
916	3779
917	3793
918	3803
919	3822
920	3835
921	3847
922	3856
923	3873
924	3886
925	3893
926	3911
927	3935
928	3954
929	3968
930	3979
931	3991
932	3999
933	4010
934	4015
935	4027
936	4039
937	4048
938	4058
939	4066
940	4090
941	4104
942	4143
943	4158
944	4169
945	4180
946	4193
947	4203
948	4221
949	4233
950	4255
951	4305
952	4315
953	4320
954	4352
955	4401
956	4431
957	4467
958	4480
959	4487
960	4496
961	4511
962	4528
963	4535
964	4544
965	4557
966	4562
967	4572
968	4592
969	4611
970	4628
971	4649
972	4666
973	4684
974	4694
975	4711
976	4732
977	4744
978	4760
979	4772
980	4797
981	4810
982	4827
983	4835
984	4857
985	4875
986	4892
987	4903
988	4915
989	4927
990	4940
991	4954
992	4966
993	4982
994	4997
995	5008
996	5039
997	5067
998	5092
999	5133
1000	5150
1001	5162
1002	5177
1003	5194
1004	5218
1005	5235
1006	5260
1007	5274
1008	5285
1009	5296
1010	5325
1011	5341
1012	5360
1013	5374
1014	5395
1015	5409
1016	5415
1017	5436
1018	5458
1019	5483
1020	5499
1021	5529
1022	5541
1023	5560
1024	5587
1025	5612
1026	5630
1027	5649
1028	5668
1029	5687
1030	5700
1031	5731
1032	5747
1033	5770
1034	5809
1035	5821
1036	5840
1037	5858
1038	5876
1039	5893
1040	5915
1041	5929
1042	5948
1043	5962
1044	5976
1045	6006
1046	6041
1047	6056
1048	6067
1049	6089
1050	6105
1051	6117
1052	6161
1053	6177
1054	6193
1055	6216
1056	6226
1057	6237
1058	6247
1059	6260
1060	6271
1061	6285
1062	6313
1063	6316
1064	6325
1065	6339
1066	6358
1067	6376
1068	6394
1069	6414
1070	6433
1071	6449
1072	6468
1073	6489
1074	6508
1075	6579
1076	6635
1077	6666
1078	6715
1079	6738
1080	6755
1081	6796
1082	6828
1083	6845
1084	6872
1085	6887
1086	6905
1087	6926
1088	6945
1089	6961
1090	6976
1091	7042
1092	7063
1093	7080
1094	7104
1095	7129
1096	7153
1097	7174
1098	7202
1099	7218
1100	7283
1101	7324
1102	7354
1103	7386
1104	7405
1105	7429
1106	7450
1107	7473
1108	7498
1109	7527
1110	7549
1111	7603
1112	7626
1113	7646
1114	7674
1115	7703
1116	7737
1117	7765
1118	7801
1119	7828
1120	7851
1121	7880
1122	7902
1123	7919
1124	7937
1125	7975
1126	8008
1127	8026
1128	8047
1129	8059
1130	8087
1131	8118
1132	8139
1133	8164
1134	8184
1135	8207
1136	8256
1137	8282
1138	8297
1139	8325
1140	8367
1141	8378
1142	8403
1143	8428
1144	8457
1145	8476
1146	8492
1147	8526
1148	8559
1149	8581
1150	8607
1151	8645
1152	8672
1153	8704
1154	8731
1155	8747
1156	8768
1157	8798
1158	8825
1159	8859
1160	8904
1161	8979
1162	9009
1163	9028
1164	9070
1165	9112
1166	9140
1167	9162
1168	9196
1169	9227
1170	9247
1171	9284
1172	9314
1173	9354
1174	9381
1175	9407
1176	9427
1177	9453
1178	9478
1179	9502
1180	9550
1181	9587
1182	9618
1183	9637
1184	9661
1185	9682
1186	9715
1187	9750
1188	9780
1189	9812
1190	9836
1191	9856
1192	9886
1193	9925
1194	9951
1195	9992
1196	10018
1197	10036
1198	10068
1199	10099
1200	10131
1201	10163
1202	10242
1203	10267
1204	10298
1205	10327
1206	10366
1207	10395
1208	10425
1209	10450
1210	10485
1211	10505
1212	10525
1213	10541
1214	10559
1215	10598
1216	10624
1217	10650
1218	10667
1219	10684
1220	10716
1221	10750
1222	10776
1223	10799
1224	10824
1225	10863
1226	10884
1227	10909
1228	10933
1229	10966
1230	11004
1231	11029
1232	11048
1233	11068
1234	11098
1235	11156
1236	11190
1237	11246
1238	11263
1239	11280
1240	11291
1241	11323
1242	11389
1243	11423
1244	11469
1245	11486
1246	11511
1247	11521
1248	11550
1249	11585
1250	11617
1251	11640
1252	11675
1253	11688
1254	11706
1255	11745
1256	11769
1257	11804
1258	11835
1259	11883
1260	11909
1261	11935
1262	11953
1263	12011
1264	12131
1265	12169
1266	12191
1267	12206
1268	12234
1269	12273
1270	12306
1271	12341
1272	12389
1273	12438
1274	12462
1275	12487
1276	12515
1277	12537
1278	12561
1279	12592
1280	12608
1281	12630
1282	12655
1283	12686
1284	12706
1285	12738
1286	12781
1287	12802
1288	12871
1289	12890
1290	12930
1291	12958
1292	13009
1293	13038
1294	13070
1295	13099
1296	13120
1297	13148
1298	13187
1299	13221
1300	13249
1301	13274
1302	13297
1303	13317
1304	13352
1305	13381
1306	13418
1307	13456
1308	13489
1309	13515
1310	13543
1311	13579
1312	13612
1313	13691
1314	13777
1315	13813
1316	13857
1317	13882
1318	13926
1319	13979
1320	14016
1321	14054
1322	14092
1323	14123
1324	14149
1325	14188
1326	14232
1327	14320
1328	14360
1329	14392
1330	14436
1331	14468
1332	14508
1333	14559
1334	14600
1335	14656
1336	14700
1337	14737
1338	14781
1339	14818
1340	14854
1341	14892
1342	14939
1343	15015
1344	15051
1345	15088
1346	15128
1347	15169
1348	15224
1349	15276
1350	15313
1351	15351
1352	15450
1353	15475
1354	15545
1355	15608
1356	15742
1357	15775
1358	15803
1359	15821
1360	15847
1361	15897
1362	15939
1363	15980
1364	16003
1365	16040
1366	16063
1367	16192
1368	16226
1369	16265
1370	16311
1371	16374
1372	16412
1373	16445
1374	16489
1375	16536
1376	16582
1377	16612
1378	16659
1379	16684
1380	16717
1381	16756
1382	16814
1383	16862
1384	16898
1385	16928
1386	16963
1387	17003
1388	17051
1389	17090
1390	17136
1391	17187
1392	17235
1393	17275
1394	17315
1395	17363
1396	17405
1397	17453
1398	17500
1399	17540
1400	17576
1401	17611
1402	17655
1403	17712
1404	17754
1405	17816
1406	17868
1407	17893
1408	17940
1409	17976
1410	18042
1411	18087
1412	18133
1413	18178
1414	18214
1415	18247
1416	18293
1417	18356
1418	18445
1419	18491
1420	18528
1421	18558
1422	18582
1423	18614
1424	18676
1425	18704
1426	18753
1427	18796
1428	18821
1429	18849
1430	18886
1431	18970
1432	19095
1433	19169
1434	19230
1435	19279
1436	19339
1437	19407
1438	19478
1439	19540
1440	19612
1441	19690
1442	19741
1443	19800
1444	19862
1445	19941
1446	20034
1447	20089
1448	20166
1449	20207
1450	20257
1451	20314
1452	20383
1453	20462
1454	20529
1455	20591
1456	20640
1457	20697
1458	20758
1459	20861
1460	20954
1461	21021
1462	21118
1463	21151
1464	21219
1465	21298
1466	21386
1467	21445
1468	21512
1469	21575
1470	21630
1471	21706
1472	21806
1473	21922
1474	22049
1475	22169
1476	22264
1477	22354
1478	22449
1479	22565
1480	22669
1481	22789
1482	22898
1483	22990
1484	23126
1485	23209
1486	23331
1487	23457
1488	23540
1489	23603
1490	23688
1491	23734
1492	23797
1493	23885
1494	23962
1495	24064
1496	24138
1497	24219
1498	24286
1499	24331
1500	24392
1501	24479
1502	24590
1503	24707
1504	24810
1505	24891
1506	25152
1507	25307
1508	25470
1509	25633
1510	25772
1511	25899
1512	25991
1513	26070
1514	26183
1515	26303
1516	26423
1517	26517
1518	26622
1519	26707
1520	26789
1521	26920
1522	27068
1523	27185
1524	27313
1525	27412
1526	27493
1527	27566
1528	27675
1529	27828
1530	27954
1531	28083
1532	28190
1533	28279
1534	28355
1535	28484
1536	28594
1537	28768
1538	28892
1539	29019
1540	29105
1541	29203
1542	29309
1543	29430
1544	29565
1545	29703
1546	29819
1547	29894
1548	29978
1549	30081
1550	30219
1551	30357
1552	30448
1553	30566
1554	30660
1555	30733
1556	30830
1557	30934
1558	31052
1559	31254
1560	31399
1561	31487
1562	31596
1563	31714
1564	31830
1565	31945
1566	32059
1567	32200
1568	32287
1569	32390
1570	32500
1571	32601
1572	32756
1573	32901
1574	32994
1575	33059
1576	33141
1577	33241
1578	33363
1579	33493
1580	33604
1581	33759
1582	33846
1583	33921
1584	34037
1585	34152
1586	34264
1587	34420
1588	34527
1589	34602
1590	34671
1591	34765
1592	34907
1593	35016
1594	35124
1595	35218
1596	35288
1597	35356
1598	35468
1599	35600
1600	35693
1601	35786
1602	35914
1603	36004
1604	36094
1605	36211
1606	36339
1607	36471
1608	36581
1609	36694
1610	36799
1611	36901
1612	37020
1613	37148
1614	37246
1615	37371
1616	37474
1617	37538
1618	37595
1619	37683
1620	37998
1621	38162
1622	38266
1623	38402
1624	38461
1625	38536
1626	38638
1627	38780
1628	38904
1629	39023
1630	39130
1631	39225
1632	39328
1633	39464
1634	39601
1635	39745
1636	39866
1637	39964
1638	40051
1639	40131
1640	40246
1641	40392
1642	40546
1643	40715
1644	40938
1645	41069
1646	41192
1647	41502
1648	41699
1649	41888
1650	42332
1651	42508
1652	42675
1653	42855
1654	43031
1655	43213
1656	43409
1657	43564
1658	43756
1659	43863
1660	43984
1661	44137
1662	44296
1663	44423
1664	44581
1665	44724
1666	44823
1667	44918
1668	45044
1669	45185
1670	45305
1671	45515
1672	45632
1673	45730
1674	45839
1675	45968
1676	46117
1677	46254
1678	46384
1679	46486
1680	46587
1681	46674
1682	46791
1683	46925
1684	47045
1685	47265
1686	47380
1687	47500
1688	47590
1689	47716
1690	47876
1691	48020
1692	48161
1693	48292
1694	48395
1695	48493
1696	48621
1697	48768
1698	48906
1699	49050
1700	49191
1701	49291
1702	49380
1703	49498
1704	49621
1705	49732
1706	49847
1707	49935
1708	50003
1709	50086
1710	50202
1711	50370
1712	50487
1713	50610
1714	50717
1715	50798
1716	50884
1717	50966
1718	51103
1719	51211
1720	51343
1721	51451
1722	51540
1723	51615
1724	51796
1725	51922
1726	52046
1727	52178
1728	52278
1729	52353
1730	52431
1731	52545
1732	52651
1733	52758
1734	52871
1735	52987
1736	53066
1737	53161
1738	53306
1739	53428
1740	53614
1741	53802
1742	54008
1743	54142
1744	54308
1745	54520
1746	54784
1747	54984
1748	55232
1749	55428
1750	55570
1751	55690
1752	55884
1753	56060
1754	56165
1755	56284
1756	56366
1757	56450
1758	56575
1759	56667
1760	56791
1761	56906
1762	57076
1763	57202
1764	57315
1765	57450
1766	57645
1767	57798
1768	57940
1769	58093
1770	58259
1771	58369
1772	58471
1773	58675
1774	58872
1775	59045
1776	59222
1777	59403
1778	59529
1779	59643
1780	59802
1781	59948
1782	60034
1783	60146
1784	60263
1785	60319
1786	60404
1787	60471
1788	60532
1789	60659
1790	60814
1791	60950
1792	61105
1793	61212
1794	61288
1795	61334
1796	61470
1797	61586
1798	61676
1799	61758
1800	61836
1801	61970
1802	62155
1803	62347
1804	62557
1805	62711
1806	62796
1807	62883
1808	62997
1809	63154
1810	63339
1811	63514
1812	63725
1813	63876
1814	64030
1815	64206
1816	64412
1817	64646
1818	64911
1819	65070
1820	65240
1821	65403
1822	65637
1823	65863
1824	66108
1825	66339
1826	66563
1827	66730
1828	66871
1829	67055
1830	67267
1831	67480
1832	67700
1833	67859
1834	67993
1835	68122
1836	68288
1837	68460
1838	68669
1839	68912
1840	69101
1841	69314
1842	69480
1843	69727
1844	69966
1845	70204
1846	70447
1847	70663
1848	70854
1849	71020
1850	71184
1851	71400
1852	71636
1853	71847
1854	72051
1855	72231
1856	72399
1857	72628
1858	72797
1859	72994
1860	73160
1861	73357
1862	73519
1863	73663
1864	73862
1865	74141
1866	74391
1867	74619
1868	74854
1869	75063
1870	75253
1871	75531
1872	75785
1873	76194
1874	76633
1875	77003
1876	77252
1877	77379
1878	77540
1879	77864
1880	78152
1881	78404
1882	78711
1883	78937
1884	79146
1885	79484
1886	79777
1887	80074
1888	80346
1889	80596
1890	80832
1891	81096
1892	81373
1893	81692
1894	82054
1895	82400
1896	82701
1897	82920
1898	83170
1899	83522
1900	83855
1901	84144
1902	84451
1903	84762
1904	84972
1905	85224
1906	85511
1907	85799
1908	85982
1909	86113
1910	86262
1911	86438
1912	86675
1913	86991
1914	87282
1915	87557
1916	87832
1917	88089
1918	88283
1919	88486
1920	88720
1921	89000
1922	89289
1923	89557
1924	89787
1925	89962
1926	90165
1927	90432
1928	90665
1929	90896
1930	91155
1931	91348
1932	91532
1933	91720
1934	91940
1935	92071
1936	92253
1937	92412
1938	92712
1939	92864
1940	93074
1941	93283
1942	93519
1943	93744
1944	93957
1945	94093
1946	94175
1947	94250
1948	94386
1949	94616
1950	94843
1951	95051
1952	95277
1953	95439
1954	95621
1955	95794
1956	95951
1957	96119
1958	96330
1959	96481
1960	96599
1961	96743
1962	96938
1963	97159
1964	97368
1965	97581
1966	97782
1967	98040
1968	98367
1969	98752
1970	99205
1971	99577
1972	99926
1973	100320
1974	100586
1975	100838
1976	101203
1977	101665
1978	102043
1979	102387
1980	102715
1981	102933
1982	103168
1983	103555
1984	103902
1985	104232
1986	104505
1987	104742
1988	104964
1989	105167
1990	105475
1991	105902
1992	106298
1993	106524
1994	106637
1995	106792
1996	107014
1997	107327
1998	107629
1999	107917
2000	108269
2001	108513
2002	108695
2003	108871
2004	109153
2005	109475
2006	109779
2007	110191
2008	110520
2009	110767
2010	110958
2011	111197
2012	111463
2013	111718
2014	112083
2015	112396
2016	112690
2017	112949
2018	113250
2019	113404
2020	113767
2021	114046
2022	114322
2023	114541
2024	114719
2025	115023
2026	115333
2027	115644
2028	115946
2029	116227
2030	116445
2031	116631
2032	116917
2033	117240
2034	117565
2035	117861
2036	118077
2037	118378
2038	118714
2039	119148
2040	119592
2041	120086
2042	120533
2043	120913
2044	121199
2045	121534
2046	121975
2047	122426
2048	122823
2049	123188
2050	123516
2051	123667
2052	123771
2053	123997
2054	124224
2055	124715
2056	125200
2057	125658
2058	126110
2059	126556
2060	127099
2061	127601
2062	128078
2063	128597
2064	129022
2065	129378
2066	129812
2067	130320
2068	130674
2069	131005
2070	131329
2071	131620
2072	131862
2073	132090
2074	132431
2075	132772
2076	133159
2077	133658
2078	134006
2079	134291
2080	134507
2081	134805
2082	135159
2083	135468
2084	135752
2085	136001
2086	136217
2087	136413
2088	136725
2089	137016
2090	137278
2091	137596
2092	137862
2093	138032
2094	138246
2095	138526
2096	138811
2097	139084
2098	139381
2099	139660
2100	139867
2101	140065
2102	140351
2103	140657
2104	140958
2105	141375
2106	141957
2107	142389
2108	142826
2109	143362
2110	143918
2111	144383
2112	144899
2113	145382
2114	145714
2115	146085
2116	146557
2117	147097
2118	147568
2119	148010
2120	148414
2121	148707
2122	148964
2123	149404
2124	149789
2125	150180
2126	150502
2127	150814
2128	151055
2129	151317
2130	151680
2131	152052
2132	152418
2133	152794
2134	153129
2135	153388
2136	153643
2137	153988
2138	154394
2139	154733
2140	155091
2141	155395
2142	155635
2143	155865
2144	156182
2145	156492
2146	156802
2147	157100
2148	157390
2149	157594
2150	157774
2151	158035
2152	158267
2153	158444
2154	158660
2155	158920
2156	159131
2157	159337
2158	159594
2159	159781
2160	159970
2161	160234
2162	160492
2163	160695
2164	160930
2165	161241
2166	161552
2167	161888
2168	162310
2169	162746
2170	163048
2171	163526
2172	164169
2173	164757
2174	165367
2175	165894
2176	166393
2177	166764
2178	167092
2179	167532
2180	168002
2181	168467
2182	168959
2183	169466
2184	169846
2185	170192
2186	170546
2187	170759
2188	171117
2189	171507
2190	171864
2191	172141
2192	172434
2193	172822
2194	173192
2195	173556
2196	173949
2197	174308
2198	174693
2199	174942
2200	175350
2201	175733
2202	176083
2203	176526
2204	176883
2205	177128
2206	177399
2207	177799
2208	178199
2209	178543
2210	178904
2211	179281
2212	179561
2213	179856
2214	180292
2215	180697
2216	181102
2217	181510
2218	181881
2219	182172
2220	182446
2221	182796
2222	183197
2223	183682
2224	184550
2225	185276
2226	185807
2227	186353
2228	187002
2229	187580
2230	188199
2231	188799
2232	189331
2233	189732
2234	190268
2235	190877
2236	191386
2237	191937
2238	192443
2239	192888
2240	193244
2241	193611
2242	194108
2243	194550
2244	195008
2245	195485
2246	195886
2247	196177
2248	196472
2249	196795
2250	197199
2251	197584
2252	198006
2253	198404
2254	198717
2255	199040
2256	199407
2257	199866
2258	200216
2259	200576
2260	200925
2261	201218
2262	201499
2263	201817
2264	202063
2265	202387
2266	202709
2267	202987
2268	203291
2269	203540
2270	203929
2271	204343
2272	204817
2273	205294
2274	205747
2275	206071
2276	206567
2277	207230
2278	207859
2279	208475
2280	208927
2281	209317
2282	209543
2283	209905
2284	210403
2285	210811
2286	211185
2287	211575
2288	211924
2289	212160
2290	212515
2291	213038
2292	213627
2293	214127
2294	214394
2295	214547
2296	214698
2297	214943
2298	215296
2299	215746
2300	215989
2301	216221
2302	216497
2303	216669
2304	216908
2305	217274
2306	217490
2307	217881
2308	218056
2309	218268
2310	218401
2311	218538
2312	218698
2313	218926
2314	219205
2315	219438
2316	219666
2317	219796
2318	219925
2319	220119
2320	220333
2321	220640
2322	220805
2323	221094
2324	221228
2325	221343
2326	221535
2327	221702
2328	221866
2329	222140
2330	222324
2331	222451
2332	222561
2333	222828
2334	223079
2335	223341
2336	223674
2337	224003
2338	224256
2339	224527
2340	224796
2341	225049
2342	225283
2343	225513
2344	225713
2345	225865
2346	226007
2347	226240
2348	226508
2349	226773
2350	227021
2351	227184
2352	227321
2353	227447
2354	227620
2355	227811
2356	228025
2357	228219
2358	228397
2359	228557
2360	228668
2361	228823
2362	229003
2363	229152
2364	229351
2365	229510
2366	229624
2367	229768
2368	229922
2369	230162
2370	230427
2371	230611
2372	230770
2373	230862
2374	230967
2375	231100
2376	231244
2377	231389
2378	231548
2379	231706
2380	231812
2381	231935
2382	232071
2383	232222
2384	232361
2385	232517
2386	232636
2387	232715
2388	232819
2389	232977
2390	233186
2391	233342
2392	233597
2393	233882
2394	234099
2395	234281
2396	234501
2397	234800
2398	235201
2399	235432
2400	235658
2401	235820
2402	235942
2403	236159
2404	236392
2405	236665
2406	236909
2407	237109
2408	237255
2409	237380
2410	237621
2411	237837
2412	238050
2413	238291
2414	238489
2415	238635
2416	238760
2417	239018
2418	239333
2419	239665
2420	239987
2421	240289
2422	240511
2423	240704
2424	240957
2425	241255
2426	241487
2427	241797
2428	242030
2429	242199
2430	242380
2431	242630
2432	242864
2433	243089
2434	243340
2435	243557
2436	243694
2437	243827
2438	244063
2439	244372
2440	244606
2441	244872
2442	245072
2443	245284
2444	245549
2445	245982
2446	246400
2447	246772
2448	247080
2449	247395
2450	247622
2451	247889
2452	248182
2453	248530
2454	248908
2455	249215
2456	249549
2457	249753
2458	249958
2459	250242
2460	250572
2461	250851
2462	251132
2463	251395
2464	251563
2465	251784
2466	252025
2467	252275
2468	252506
2469	252663
2470	252851
2471	252981
2472	253125
2473	253358
2474	253615
2475	253933
2476	254310
2477	254729
2478	255041
2479	255325
2480	255698
2481	256040
2482	256400
2483	256731
2484	257006
2485	257260
2486	257495
2487	257793
2488	258141
2489	258432
2490	258680
2491	258928
2492	259148
2493	259353
2494	259664
2495	259993
2496	260315
2497	260616
2498	260918
2499	261172
2500	261426
2501	261778
2502	262114
2503	262410
2504	262781
2505	263309
2506	263627
2507	263907
2508	264298
2509	264680
2510	265121
2511	265549
2512	265909
2513	266196
2514	266447
2515	266858
2516	267203
2517	267418
2518	267591
2519	267802
2520	267965
2521	268129
2522	268347
2523	268555
2524	268722
2525	268864
2526	269146
2527	269520
2528	269990
2529	270651
2530	271226
2531	271737
2532	272221
2533	272652
2534	272949
2535	273317
2536	273909
2537	274527
2538	275044
2539	275612
2540	276096
2541	276418
2542	276678
2543	276979
2544	277342
2545	277683
2546	278017
2547	278324
2548	278571
2549	278779
2550	279117
2551	279423
2552	279748
2553	280076
2554	280649
2555	281068
2556	281472
2557	282039
2558	282655
2559	283230
2560	283708
2561	284132
2562	284419
2563	284702
2564	285108
2565	285504
2566	285889
2567	286259
2568	286586
2569	286777
2570	287008
2571	287293
2572	287574
2573	287805
2574	288148
2575	288473
2576	288899
2577	289126
2578	289403
2579	289769
2580	290207
2581	290907
2582	291560
2583	291975
2584	292338
2585	292806
2586	293469
2587	294129
2588	294699
2589	295082
2590	295369
2591	295651
2592	296081
2593	296650
2594	297227
2595	297860
2596	298443
2597	298945
2598	299495
2599	300138
2600	300753
2601	301221
2602	301579
2603	301918
2604	302179
2605	302473
2606	303312
2607	304059
2608	304774
2609	305566
2610	306167
2611	306507
2612	306851
2613	307312
2614	307840
2615	308561
2616	309213
2617	309612
2618	309887
2619	310174
2620	310519
2621	310946
2622	311386
2623	311805
2624	312159
2625	312409
2626	312664
2627	313005
2628	313346
2629	313749
2630	314224
2631	314869
2632	315290
2633	315677
2634	316239
2635	316762
2636	317264
2637	317748
2638	318140
2639	318455
2640	318770
2641	319171
2642	319735
2643	320186
2644	320561
2645	320844
2646	321091
2647	321330
2648	321665
2649	322019
2650	322432
2651	322789
2652	323325
2653	323740
2654	324141
2655	324637
2656	325239
2657	326188
2658	326782
2659	327220
2660	327580
2661	327936
2662	328437
2663	328953
2664	329408
2665	329931
2666	330314
2667	330581
2668	330829
2669	331149
2670	331529
2671	331951
2672	332412
2673	332907
2674	333153
2675	333368
2676	333762
2677	334163
2678	334552
2679	334936
2680	335251
2681	335497
2682	335949
2683	336577
2684	337423
2685	338167
2686	338713
2687	339155
2688	339470
2689	339791
2690	340261
2691	340798
2692	341337
2693	341886
2694	342446
2695	342886
2696	343237
2697	343747
2698	344294
2699	344851
2700	345373
2701	345727
2702	345975
2703	346187
2704	346552
2705	346885
2706	347191
2707	347822
2708	348148
2709	348266
2710	348408
2711	348683
2712	349080
2713	349449
2714	349792
2715	350139
2716	350388
2717	350602
2718	350934
2719	351239
2720	351496
2721	351792
2722	352140
2723	352426
2724	352679
2725	352987
2726	353321
2727	353682
2728	353985
2729	354255
2730	354468
2731	354689
2732	354992
2733	355290
2734	355577
2735	355935
2736	356127
2737	356357
2738	356597
2739	356893
2740	357232
2741	357621
2742	357940
2743	358232
2744	358455
2745	358664
2746	358911
2747	359212
2748	359507
2749	359907
2750	360298
2751	360615
2752	360945
2753	361365
2754	361790
2755	362168
2756	362577
2757	362946
2758	363259
2759	363531
2760	363938
2761	364281
2762	364584
2763	364936
2764	365263
2765	365456
2766	365651
2767	365897
2768	366380
2769	366833
2770	367234
2771	367622
2772	368092
2773	368478
2774	368920
2775	369363
2776	369785
2777	370244
2778	370663
2779	370942
2780	371224
2781	371639
2782	372010
2783	372473
2784	372909
2785	373397
2786	373779
2787	374236
2788	374738
2789	375242
2790	375710
2791	376153
2792	376534
2793	376850
2794	377199
2795	377694
2796	378261
2797	378791
2798	379240
2799	379735
2800	380228
2801	380708
2802	381295
2803	381821
2804	382104
2805	382409
2806	382569
2807	382682
2808	382871
2809	383138
2810	383546
2811	384061
2812	384590
2813	384909
2814	385017
2815	385123
2816	385287
2817	385555
2818	385985
2819	386382
2820	386644
2821	386756
2822	386858
2823	387070
2824	387207
2825	387502
2826	387661
2827	387809
2828	387909
2829	387994
2830	388137
2831	388404
2832	388895
2833	389328
2834	389661
2835	389802
2836	389908
2837	390247
2838	390695
2839	390886
2840	391040
2841	391159
2842	391251
2843	391359
2844	391484
2845	391815
2846	392078
2847	392273
2848	392390
2849	392611
2850	392798
2851	393086
2852	393273
2853	393522
2854	393817
2855	394069
2856	394411
2857	394764
2858	395289
2859	395734
2860	396148
2861	396367
2862	396843
2863	397275
2864	397703
2865	397936
2866	398184
2867	398705
2868	398923
2869	399080
2870	399163
2871	399250
2872	399389
2873	399526
2874	399670
2875	399789
2876	399899
2877	399983
2878	400069
2879	400159
2880	400253
2881	400359
2882	400431
2883	400491
2884	400564
2885	400630
2886	400731
2887	400837
2888	400926
2889	401007
2890	401133
2891	401271
2892	401420
2893	401602
2894	401767
2895	401950
2896	402261
2897	402437
2898	402546
2899	402641
2900	402804
2901	402949
2902	403065
2903	403197
2904	403288
