1	2
2	2
3	2
4	2
5	2
6	2
7	2
8	2
9	2
10	2
11	2
12	2
13	2
14	2
15	2
16	2
17	2
18	2
19	2
20	2
21	2
22	2
23	2
24	2
25	2
26	2
27	2
28	2
29	2
30	2
31	2
32	2
33	2
34	2
35	2
36	2
37	2
38	2
39	2
40	2
41	2
42	2
43	2
44	2
45	2
46	2
47	2
48	2
49	2
50	2
51	2
52	2
53	2
54	2
55	2
56	2
57	2
58	2
59	2
60	2
61	2
62	2
63	2
64	2
65	2
66	2
67	2
68	2
69	2
70	2
71	2
72	2
73	2
74	2
75	2
76	72
77	72
78	73
79	73
80	73
81	73
82	73
83	74
84	74
85	74
86	74
87	74
88	74
89	74
90	74
91	74
92	74
93	76
94	77
95	77
96	78
97	79
98	80
99	80
100	80
101	81
102	81
103	82
104	83
105	83
106	86
107	86
108	86
109	92
110	92
111	93
112	94
113	94
114	96
115	97
116	98
117	99
118	99
119	99
120	104
121	107
122	110
123	111
124	113
125	123
126	125
127	127
128	137
129	139
130	142
131	143
132	143
133	143
134	145
135	150
136	153
137	159
138	160
139	162
140	162
141	162
142	162
143	164
144	170
145	179
146	180
147	182
148	183
149	189
150	190
151	190
152	191
153	191
154	192
155	194
156	196
157	197
158	199
159	227
160	229
161	229
162	240
163	241
164	243
165	246
166	285
167	287
168	291
169	296
170	300
171	307
172	345
173	357
174	358
175	360
176	363
177	369
178	370
179	373
180	377
181	378
182	381
183	382
184	384
185	388
186	391
187	396
188	396
189	401
190	405
191	408
192	415
193	427
194	433
195	436
196	437
197	443
198	449
199	454
200	458
201	463
202	468
203	473
204	476
205	639
206	651
207	653
208	654
209	656
210	656
211	658
212	662
213	665
214	671
215	672
216	682
217	688
218	694
219	801
220	804
221	811
222	817
223	820
224	824
225	829
226	831
227	839
228	855
229	859
230	862
231	865
232	874
233	878
234	885
235	895
236	915
237	916
238	921
239	923
240	927
241	936
242	939
243	944
244	948
245	953
246	956
247	956
248	961
249	963
250	965
251	968
252	972
253	973
254	978
255	984
256	990
257	996
258	997
259	999
260	1002
261	1009
262	1011
263	1014
264	1018
265	1021
266	1022
267	1025
268	1031
269	1036
270	1044
271	1047
272	1055
273	1058
274	1062
275	1074
276	1078
277	1090
278	1092
279	1098
280	1099
281	1104
282	1108
283	1109
284	1116
285	1124
286	1124
287	1124
288	1129
289	1137
290	1140
291	1144
292	1149
293	1152
294	1158
295	1159
296	1163
297	1166
298	1170
299	1179
300	1189
301	1196
302	1201
303	1205
304	1210
305	1220
306	1225
307	1228
308	1233
309	1234
310	1238
311	1241
312	1248
313	1259
314	1263
315	1266
316	1269
317	1276
318	1279
319	1285
320	1306
321	1322
322	1323
323	1325
324	1327
325	1332
326	1335
327	1340
328	1341
329	1346
330	1352
331	1357
332	1360
333	1364
334	1368
335	1369
336	1372
337	1377
338	1385
339	1397
340	1403
341	1407
342	1416
343	1422
344	1425
345	1427
346	1431
347	1434
348	1439
349	1444
350	1449
351	1456
352	1462
353	1472
354	1477
355	1485
356	1486
357	1486
358	1499
359	1504
360	1513
361	1522
362	1527
363	1532
364	1537
365	1541
366	1546
367	1548
368	1552
369	1629
370	1634
371	1640
372	1645
373	1649
374	1658
375	1664
376	1673
377	1676
378	1678
379	1686
380	1691
381	1701
382	1711
383	1716
384	1719
385	1726
386	1734
387	1737
388	1743
389	1755
390	1760
391	1769
392	1776
393	1783
394	1797
395	1806
396	1808
397	1809
398	1811
399	1820
400	1825
401	1831
402	1848
403	1855
404	1866
405	1873
406	1876
407	1882
408	1889
409	1898
410	1904
411	1908
412	1912
413	1918
414	1927
415	1932
416	1935
417	1944
418	1952
419	1958
420	1964
421	1970
422	1978
423	1984
424	1989
425	1991
426	1996
427	2000
428	2006
429	2019
430	2021
431	2026
432	2036
433	2046
434	2050
435	2055
436	2066
437	2073
438	2081
439	2086
440	2094
441	2097
442	2100
443	2106
444	2114
445	2213
446	2221
447	2225
448	2233
449	2241
450	2246
451	2257
452	2267
453	2282
454	2288
455	2293
456	2358
457	2361
458	2368
459	2387
460	2397
461	2403
462	2409
463	2423
464	2428
465	2432
466	2437
467	2441
468	2449
469	2458
470	2466
471	2471
472	2476
473	2486
474	2494
475	2501
476	2513
477	2531
478	2538
479	2560
480	2570
481	2675
482	2680
483	2686
484	2705
485	2715
486	2730
487	2741
488	2753
489	2764
490	2767
491	2781
492	2786
493	2800
494	2807
495	2819
496	2826
497	2832
498	2840
499	2847
500	2857
501	2873
502	2877
503	2884
504	2894
505	2902
506	2909
507	2914
508	2927
509	2941
510	2946
511	2948
512	2956
513	2963
514	2972
515	2982
516	2999
517	3006
518	3012
519	3016
520	3026
521	3042
522	3055
523	3070
524	3076
525	3100
526	3104
527	3111
528	3125
529	3129
530	3138
531	3144
532	3147
533	3150
534	3160
535	3169
536	3191
537	3199
538	3206
539	3211
540	3224
541	3234
542	3248
543	3255
544	3265
545	3270
546	3275
547	3285
548	3299
549	3311
550	3321
551	3328
552	3343
553	3349
554	3358
555	3368
556	3382
557	3389
558	3405
559	3414
560	3421
561	3440
562	3455
563	3464
564	3470
565	3477
566	3480
567	3490
568	3550
569	3557
570	3570
571	3579
572	3592
573	3596
574	3599
575	3613
576	3624
577	3637
578	3648
579	3659
580	3661
581	3664
582	3673
583	3679
584	3682
585	3694
586	3704
587	3704
588	3709
589	3721
590	3729
591	3739
592	3742
593	3758
594	3762
595	3767
596	3776
597	3791
598	3804
599	3814
600	3820
601	3825
602	3828
603	3837
604	3846
605	3853
606	3859
607	3866
608	3875
609	3879
610	3897
611	3907
612	3911
613	3917
614	3923
615	3931
616	3936
617	3949
618	3961
619	3970
620	3978
621	3988
622	3990
623	3997
624	4018
625	4029
626	4038
627	4051
628	4065
629	4069
630	4072
631	4085
632	4094
633	4100
634	4110
635	4116
636	4122
637	4131
638	4144
639	4152
640	4159
641	4163
642	4185
643	4188
644	4196
645	4200
646	4214
647	4226
648	4240
649	4247
650	4250
651	4256
652	4263
653	4271
654	4295
655	4300
656	4314
657	4323
658	4327
659	4333
660	4339
661	4385
662	4395
663	4403
664	4405
665	4410
666	4417
667	4430
668	4439
669	4443
670	4457
671	4459
672	4460
673	4473
674	4491
675	4501
676	4508
677	4524
678	4531
679	4536
680	4541
681	4547
682	4553
683	4556
684	4564
685	4570
686	4576
687	4580
688	4590
689	4613
690	4619
691	4628
692	4633
693	4635
694	4649
695	4665
696	4678
697	4688
698	4699
699	4708
700	4711
701	4716
702	4720
703	4726
704	4739
705	4748
706	4754
707	4760
708	4770
709	4785
710	4800
711	4811
712	4821
713	4828
714	4833
715	4858
716	4871
717	4886
718	4901
719	4912
720	4918
721	4931
722	4939
723	4947
724	4970
725	4981
726	4996
727	5000
728	5005
729	5012
730	5031
731	5048
732	5058
733	5078
734	5084
735	5090
736	5097
737	5106
738	5118
739	5126
740	5135
741	5145
742	5150
743	5159
744	5170
745	5185
746	5197
747	5201
748	5211
749	5221
750	5227
751	5254
752	5257
753	5271
754	5278
755	5295
756	5309
757	5317
758	5328
759	5338
760	5351
761	5354
762	5359
763	5364
764	5373
765	5380
766	5414
767	5429
768	5437
769	5443
770	5458
771	5471
772	5483
773	5502
774	5516
775	5521
776	5529
777	5532
778	5545
779	5552
780	5559
781	5576
782	5596
783	5603
784	5607
785	5617
786	5620
787	5624
788	5624
789	5634
790	5646
791	5651
792	5655
793	5674
794	5697
795	5708
796	5713
797	5722
798	5727
799	5731
800	5742
801	5745
802	5758
803	5771
804	5775
805	5788
806	5798
807	5808
808	5812
809	5817
810	5835
811	5846
812	5858
813	5892
814	5910
815	5923
816	5941
817	5951
818	5961
819	5969
820	5987
821	6011
822	6023
823	6036
824	6050
825	6058
826	6065
827	6074
828	6089
829	6098
830	6128
831	6138
832	6147
833	6151
834	6163
835	6180
836	6195
837	6208
838	6219
839	6229
840	6244
841	6249
842	6256
843	6269
844	6287
845	6315
846	6325
847	6333
848	6343
849	6357
850	6375
851	6387
852	6394
853	6409
854	6415
855	6426
856	6440
857	6451
858	6477
859	6646
860	6650
861	6657
862	6679
863	6698
864	6717
865	6729
866	6738
867	6746
868	6752
869	6765
870	6777
871	6792
872	6797
873	6817
874	6827
875	6839
876	6845
877	6860
878	6869
879	6879
880	6898
881	6906
882	6908
883	6919
884	6928
885	6948
886	6957
887	6969
888	6976
889	6982
890	6997
891	7040
892	7050
893	7080
894	7092
895	7103
896	7115
897	7131
898	7147
899	7182
900	7202
901	7222
902	7229
903	7237
904	7245
905	7257
906	7266
907	7275
908	7288
909	7295
910	7302
911	7314
912	7335
913	7349
914	7359
915	7370
916	7380
917	7386
918	7404
919	7416
920	7440
921	7472
922	7479
923	7488
924	7492
925	7502
926	7513
927	7527
928	7542
929	7599
930	7608
931	7614
932	7631
933	7645
934	7659
935	7686
936	7695
937	7705
938	7710
939	7727
940	7736
941	7762
942	7773
943	7799
944	7829
945	7840
946	7853
947	7863
948	7876
949	7897
950	7908
951	7917
952	7924
953	7938
954	7954
955	7975
956	7987
957	8005
958	8016
959	8025
960	8036
961	8062
962	8077
963	8093
964	8103
965	8108
966	8111
967	8128
968	8139
969	8154
970	8162
971	8178
972	8187
973	8201
974	8214
975	8230
976	8250
977	8274
978	8286
979	8295
980	8302
981	8311
982	8327
983	8369
984	8388
985	8409
986	8417
987	8424
988	8434
989	8453
990	8467
991	8484
992	8560
993	8572
994	8578
995	8600
996	8623
997	8639
998	8658
999	8682
1000	8689
1001	8700
1002	8718
1003	8729
1004	8754
1005	8780
1006	8794
1007	8800
1008	8814
1009	8846
1010	8862
1011	8891
1012	8898
1013	8916
1014	8925
1015	8929
1016	8945
1017	8955
1018	8966
1019	8991
1020	9008
1021	9017
1022	9034
1023	9052
1024	9069
1025	9094
1026	9118
1027	9177
1028	9187
1029	9196
1030	9206
1031	9233
1032	9257
1033	9277
1034	9293
1035	9300
1036	9312
1037	9348
1038	9360
1039	9385
1040	9409
1041	9433
1042	9444
1043	9454
1044	9473
1045	9484
1046	9502
1047	9520
1048	9539
1049	9549
1050	9566
1051	9583
1052	9793
1053	9833
1054	9875
1055	9890
1056	9908
1057	9927
1058	9936
1059	9957
1060	9982
1061	10015
1062	10041
1063	10054
1064	10177
1065	10193
1066	10208
1067	10226
1068	10252
1069	10268
1070	10284
1071	10296
1072	10329
1073	10373
1074	10390
1075	10409
1076	10424
1077	10448
1078	10470
1079	10503
1080	10521
1081	10553
1082	10582
1083	10609
1084	10626
1085	10641
1086	10663
1087	10692
1088	10720
1089	10742
1090	10826
1091	10845
1092	10862
1093	10909
1094	10933
1095	10956
1096	10977
1097	11019
1098	11033
1099	11050
1100	11069
1101	11083
1102	11105
1103	11130
1104	11152
1105	11167
1106	11180
1107	11198
1108	11224
1109	11240
1110	11264
1111	11281
1112	11291
1113	11296
1114	11321
1115	11336
1116	11370
1117	11393
1118	11435
1119	11448
1120	11467
1121	11495
1122	11521
1123	11552
1124	11575
1125	11598
1126	11610
1127	11623
1128	11653
1129	11700
1130	11718
1131	11748
1132	11764
1133	11789
1134	11804
1135	11856
1136	11935
1137	11963
1138	11996
1139	12051
1140	12061
1141	12072
1142	12102
1143	12135
1144	12179
1145	12203
1146	12213
1147	12222
1148	12241
1149	12264
1150	12285
1151	12303
1152	12327
1153	12337
1154	12343
1155	12350
1156	12363
1157	12390
1158	12411
1159	12440
1160	12463
1161	12482
1162	12497
1163	12545
1164	12616
1165	12638
1166	12734
1167	12762
1168	12768
1169	12782
1170	12797
1171	12865
1172	12887
1173	12933
1174	12988
1175	12995
1176	13060
1177	13084
1178	13123
1179	13147
1180	13180
1181	13210
1182	13229
1183	13241
1184	13267
1185	13304
1186	13330
1187	13412
1188	13449
1189	13478
1190	13497
1191	13520
1192	13550
1193	13578
1194	13622
1195	13658
1196	13683
1197	13714
1198	13761
1199	13832
1200	13867
1201	13905
1202	13938
1203	13973
1204	13994
1205	14030
1206	14048
1207	14072
1208	14103
1209	14128
1210	14147
1211	14176
1212	14223
1213	14255
1214	14295
1215	14367
1216	14394
1217	14415
1218	14445
1219	14483
1220	14499
1221	14527
1222	14610
1223	14660
1224	14721
1225	14745
1226	14773
1227	14816
1228	14846
1229	14875
1230	14903
1231	14940
1232	14983
1233	15027
1234	15054
1235	15093
1236	15134
1237	15167
1238	15192
1239	15211
1240	15231
1241	15261
1242	15298
1243	15332
1244	15362
1245	15383
1246	15409
1247	15436
1248	15466
1249	15497
1250	15552
1251	15589
1252	15613
1253	15637
1254	15668
1255	15723
1256	15756
1257	15790
1258	15858
1259	15882
1260	15908
1261	15957
1262	16118
1263	16163
1264	16198
1265	16269
1266	16290
1267	16311
1268	16359
1269	16394
1270	16442
1271	16473
1272	16504
1273	16526
1274	16538
1275	16569
1276	16701
1277	16732
1278	16773
1279	16806
1280	16823
1281	16838
1282	16900
1283	16939
1284	17061
1285	17103
1286	17132
1287	17193
1288	17209
1289	17244
1290	17297
1291	17398
1292	17437
1293	17466
1294	17496
1295	17520
1296	17586
1297	17620
1298	17680
1299	17727
1300	17762
1301	17786
1302	17818
1303	17952
1304	18052
1305	18118
1306	18182
1307	18234
1308	18265
1309	18281
1310	18316
1311	18378
1312	18435
1313	18474
1314	18512
1315	18533
1316	18552
1317	18589
1318	18623
1319	18671
1320	18717
1321	18763
1322	18783
1323	18813
1324	18860
1325	18911
1326	18955
1327	18991
1328	19041
1329	19063
1330	19097
1331	19219
1332	19267
1333	19350
1334	19376
1335	19424
1336	19458
1337	19474
1338	19508
1339	19560
1340	19635
1341	19674
1342	19711
1343	19743
1344	19780
1345	19813
1346	19854
1347	19883
1348	19956
1349	19988
1350	20009
1351	20042
1352	20111
1353	20165
1354	20203
1355	20287
1356	20321
1357	20355
1358	20374
1359	20435
1360	20490
1361	20586
1362	20626
1363	20664
1364	20695
1365	20724
1366	20781
1367	20838
1368	20883
1369	20965
1370	21013
1371	21037
1372	21066
1373	21101
1374	21150
1375	21251
1376	21281
1377	21331
1378	21358
1379	21379
1380	21431
1381	21478
1382	21528
1383	21579
1384	21645
1385	21718
1386	21739
1387	21783
1388	21832
1389	21872
1390	21939
1391	21992
1392	22019
1393	22043
1394	22084
1395	22121
1396	22187
1397	22250
1398	22306
1399	22328
1400	22349
1401	22412
1402	22529
1403	22584
1404	22660
1405	22705
1406	22726
1407	22809
1408	22846
1409	22918
1410	22984
1411	23053
1412	23121
1413	23142
1414	23329
1415	23389
1416	23468
1417	23530
1418	23576
1419	23641
1420	23712
1421	23749
1422	23795
1423	23859
1424	23919
1425	24000
1426	24134
1427	24167
1428	24205
1429	24310
1430	24414
1431	24539
1432	24606
1433	24677
1434	24718
1435	24762
1436	24820
1437	24882
1438	24937
1439	24984
1440	25024
1441	25051
1442	25091
1443	25180
1444	25247
1445	25322
1446	25379
1447	25430
1448	25476
1449	25512
1450	25590
1451	25663
1452	25724
1453	25790
1454	25843
1455	25885
1456	25921
1457	25967
1458	26036
1459	26238
1460	26305
1461	26370
1462	26436
1463	26474
1464	26532
1465	26632
1466	26698
1467	26761
1468	26825
1469	26873
1470	26920
1471	27021
1472	27090
1473	27169
1474	27256
1475	27381
1476	27416
1477	27458
1478	27527
1479	27639
1480	27707
1481	27819
1482	27909
1483	27952
1484	28004
1485	28089
1486	28207
1487	28273
1488	28343
1489	28434
1490	28477
1491	28526
1492	28586
1493	28655
1494	28734
1495	28815
1496	28884
1497	28931
1498	28975
1499	29052
1500	29219
1501	29349
1502	29443
1503	29512
1504	29555
1505	29607
1506	29696
1507	29773
1508	29871
1509	30038
1510	30090
1511	30133
1512	30166
1513	30255
1514	30340
1515	30428
1516	30499
1517	30557
1518	30593
1519	30619
1520	30653
1521	30707
1522	30772
1523	30858
1524	30922
1525	30970
1526	31030
1527	31110
1528	31219
1529	31332
1530	31456
1531	31549
1532	31638
1533	31715
1534	31801
1535	31901
1536	31996
1537	32118
1538	32215
1539	32330
1540	32421
1541	32542
1542	32655
1543	32807
1544	32960
1545	33082
1546	33167
1547	33209
1548	33340
1549	33464
1550	33621
1551	33766
1552	33907
1553	33997
1554	34120
1555	34252
1556	34399
1557	34555
1558	34691
1559	34936
1560	35011
1561	35116
1562	35245
1563	35417
1564	35603
1565	35775
1566	35896
1567	35966
1568	36087
1569	36276
1570	36435
1571	36654
1572	36814
1573	36954
1574	37066
1575	37192
1576	37355
1577	37514
1578	37758
1579	37933
1580	38253
1581	38365
1582	38494
1583	38788
1584	38982
1585	39191
1586	39343
1587	39467
1588	39581
1589	39680
1590	39851
1591	40029
1592	40205
1593	40356
1594	40554
1595	40624
1596	40709
1597	40826
1598	40980
1599	41209
1600	41418
1601	41635
1602	41830
1603	42055
1604	42292
1605	42491
1606	42660
1607	42841
1608	43060
1609	43212
1610	43353
1611	43550
1612	43937
1613	44109
1614	44346
1615	44540
1616	44639
1617	44749
1618	44938
1619	45151
1620	45338
1621	45537
1622	45665
1623	45798
1624	45908
1625	46069
1626	46252
1627	46478
1628	46719
1629	46893
1630	47000
1631	47141
1632	47336
1633	47510
1634	47784
1635	47978
1636	48173
1637	48303
1638	48422
1639	48627
1640	48816
1641	48990
1642	49328
1643	49497
1644	49604
1645	49701
1646	49839
1647	49987
1648	50154
1649	50362
1650	50493
1651	50585
1652	50682
1653	50859
1654	51034
1655	51244
1656	51451
1657	51625
1658	51724
1659	51866
1660	52049
1661	52195
1662	52416
1663	52612
1664	52873
1665	52978
1666	53073
1667	53295
1668	53448
1669	53642
1670	53806
1671	54044
1672	54154
1673	54255
1674	54437
1675	54633
1676	54817
1677	55023
1678	55173
1679	55304
1680	55403
1681	55580
1682	55772
1683	55990
1684	56195
1685	56388
1686	56518
1687	56664
1688	56928
1689	57155
1690	57403
1691	57611
1692	57812
1693	57943
1694	58056
1695	58274
1696	58502
1697	58721
1698	58945
1699	59122
1700	59231
1701	59364
1702	59588
1703	59828
1704	60092
1705	60317
1706	60516
1707	60646
1708	60778
1709	61002
1710	61268
1711	61508
1712	61776
1713	61958
1714	62066
1715	62188
1716	62450
1717	62707
1718	63097
1719	63393
1720	63687
1721	63830
1722	63992
1723	64294
1724	64644
1725	64946
1726	65261
1727	65568
1728	65733
1729	65891
1730	66153
1731	66450
1732	66752
1733	67048
1734	67298
1735	67505
1736	67701
1737	68004
1738	68362
1739	68957
1740	69772
1741	70473
1742	70840
1743	71218
1744	71803
1745	72539
1746	73182
1747	73682
1748	74132
1749	74535
1750	74865
1751	75417
1752	76009
1753	76429
1754	76880
1755	77302
1756	77599
1757	77877
1758	78276
1759	78709
1760	79151
1761	79541
1762	79896
1763	80130
1764	80365
1765	80752
1766	81159
1767	81550
1768	82018
1769	82334
1770	82591
1771	82809
1772	83124
1773	83494
1774	83839
1775	84209
1776	84560
1777	84803
1778	85049
1779	85486
1780	85936
1781	86282
1782	86658
1783	87012
1784	87266
1785	87521
1786	87840
1787	88207
1788	88566
1789	88897
1790	89227
1791	89425
1792	89683
1793	90052
1794	90396
1795	90762
1796	91128
1797	91454
1798	91691
1799	91931
1800	92257
1801	92583
1802	92718
1803	92827
1804	92982
1805	93065
1806	93139
1807	93272
1808	93449
1809	93646
1810	93855
1811	93994
1812	94087
1813	94202
1814	94389
1815	94537
1816	94703
1817	94859
1818	95001
1819	95100
1820	95237
1821	95405
1822	95587
1823	95775
1824	95979
1825	96169
1826	96359
1827	96537
1828	96728
1829	96919
1830	97102
1831	97244
1832	97406
1833	97539
1834	97677
1835	97926
1836	98147
1837	98390
1838	98711
1839	99012
1840	99227
1841	99451
1842	99794
1843	100117
1844	100498
1845	100879
1846	101234
1847	101539
1848	101751
1849	102022
1850	102244
1851	102406
1852	102532
1853	102663
1854	102770
1855	102913
1856	103058
1857	103198
1858	103360
1859	103572
1860	103768
1861	103938
1862	104089
1863	104307
1864	104522
1865	104742
1866	104989
1867	105234
1868	105367
1869	105496
1870	105663
1871	105855
1872	106094
1873	106326
1874	106516
1875	106624
1876	106731
1877	106924
1878	107073
1879	107208
1880	107399
1881	107510
1882	107567
1883	107629
1884	107720
1885	107801
1886	107926
1887	108093
1888	108255
1889	108373
1890	108477
1891	108544
1892	108700
1893	108831
1894	109026
1895	109156
1896	109243
1897	109332
1898	109505
1899	109744
1900	110022
1901	110259
1902	110530
1903	110609
1904	110705
1905	110856
1906	111024
1907	111173
1908	111368
1909	111561
1910	111704
1911	111853
1912	112061
1913	112301
1914	112534
1915	112779
1916	112995
1917	113158
1918	113328
1919	113566
1920	113793
1921	114051
1922	114325
1923	114579
1924	114778
1925	114972
1926	115270
1927	115556
1928	115841
1929	116130
1930	116412
1931	116637
1932	116849
1933	117115
1934	117381
1935	117643
1936	117890
1937	118131
1938	118366
1939	118581
1940	118834
1941	119125
1942	119429
1943	119691
1944	119979
1945	120264
1946	120471
1947	120757
1948	121072
1949	121408
1950	121692
1951	122007
1952	122247
1953	122468
1954	122759
1955	122970
1956	123251
1957	123567
1958	123898
1959	124124
1960	124362
1961	124657
1962	125044
1963	125381
1964	125712
1965	126011
1966	126239
1967	126506
1968	126833
1969	127221
1970	127567
1971	127865
1972	128142
1973	128366
1974	128526
1975	128809
1976	129276
1977	129752
1978	130011
1979	130165
1980	130264
1981	130414
1982	130606
1983	130825
1984	131021
1985	131210
1986	131378
1987	131561
1988	131709
1989	131899
1990	132074
1991	132306
1992	132518
1993	132737
1994	132893
1995	133048
1996	133249
1997	133488
1998	133723
1999	134009
2000	134368
2001	134559
2002	134745
2003	134975
2004	135257
2005	135491
2006	135704
2007	135899
2008	136086
2009	136338
2010	136656
2011	136962
2012	137206
2013	137522
2014	137798
2015	137993
2016	138196
2017	138458
2018	138737
2019	139024
2020	139301
2021	139565
2022	139754
2023	139929
2024	140251
2025	140511
2026	140772
2027	141025
2028	141267
2029	141459
2030	141630
2031	141877
2032	142127
2033	142386
2034	142621
2035	142885
2036	143094
2037	143289
2038	143547
2039	143818
2040	144060
2041	144310
2042	144509
2043	144675
2044	144827
2045	145055
2046	145301
2047	145561
2048	145811
2049	146088
2050	146260
2051	146436
2052	146655
2053	146923
2054	147169
2055	147458
2056	147720
2057	147919
2058	148089
2059	148366
2060	148703
2061	148971
2062	149265
2063	149609
2064	150349
2065	151051
2066	152116
2067	153241
2068	154207
2069	155105
2070	155878
2071	156298
2072	156752
2073	157565
2074	158449
2075	159183
2076	159844
2077	160457
2078	160884
2079	161316
2080	162103
2081	162865
2082	163666
2083	164342
2084	164928
2085	165324
2086	165775
2087	166495
2088	167278
2089	167930
2090	168521
2091	168883
2092	169193
2093	169552
2094	170187
2095	170819
2096	171434
2097	172072
2098	172638
2099	173028
2100	173402
2101	173957
2102	174548
2103	175101
2104	175721
2105	176269
2106	176687
2107	177023
2108	177533
2109	178072
2110	178646
2111	179297
2112	179837
2113	180241
2114	180670
2115	181121
2116	181441
2117	182033
2118	182496
2119	182979
2120	183343
2121	183679
2122	184251
2123	184839
2124	185444
2125	185991
2126	186492
2127	186883
2128	187266
2129	187732
2130	188255
2131	188742
2132	189232
2133	189621
2134	189840
2135	190099
2136	190448
2137	190861
2138	191349
2139	191801
2140	192193
2141	192461
2142	192712
2143	193094
2144	193562
2145	193939
2146	194346
2147	194690
2148	194869
2149	194975
2150	195215
2151	195427
2152	195786
2153	196241
2154	196612
2155	196939
2156	197243
2157	197635
2158	198057
2159	198497
2160	198943
2161	199291
2162	199598
2163	199953
2164	200372
2165	200881
2166	201277
2167	201667
2168	202080
2169	202370
2170	202630
2171	203055
2172	203506
2173	203953
2174	204392
2175	204783
2176	205088
2177	205389
2178	205800
2179	206211
2180	206623
2181	207062
2182	207416
2183	207677
2184	207935
2185	208323
2186	208751
2187	209199
2188	209590
2189	209972
2190	210224
2191	210502
2192	210848
2193	211277
2194	211636
2195	211988
2196	212334
2197	212583
2198	212820
2199	213181
2200	213568
2201	214044
2202	214471
2203	214812
2204	215107
2205	215359
2206	215700
2207	216073
2208	216465
2209	216797
2210	217184
2211	217519
2212	217768
2213	218122
2214	218577
2215	218984
2216	219343
2217	219709
2218	219973
2219	220232
2220	220558
2221	220961
2222	221336
2223	221645
2224	221920
2225	222131
2226	222338
2227	222661
2228	223009
2229	223325
2230	223658
2231	223959
2232	224165
2233	224380
2234	224699
2235	225062
2236	225367
2237	225648
2238	225928
2239	226158
2240	226368
2241	226713
2242	227030
2243	227325
2244	227683
2245	227971
2246	228172
2247	228372
2248	228649
2249	228858
2250	229026
2251	229258
2252	229483
2253	229688
2254	229869
2255	230141
2256	230360
2257	230515
2258	230773
2259	231032
2260	231233
2261	231410
2262	231708
2263	232020
2264	232328
2265	232652
2266	232957
2267	233160
2268	233394
2269	233666
2270	234000
2271	234331
2272	234673
2273	234968
2274	235237
2275	235478
2276	235763
2277	236088
2278	236428
2279	236772
2280	237078
2281	237317
2282	237538
2283	237772
2284	237936
2285	238201
2286	238596
2287	238862
2288	239125
2289	239364
2290	239652
2291	239985
2292	240320
2293	240616
2294	240930
2295	241204
2296	241448
2297	241698
2298	241989
2299	242278
2300	242626
2301	242938
2302	243131
2303	243298
2304	243615
2305	243962
2306	244283
2307	244599
2308	244911
2309	245183
2310	245420
2311	245759
2312	246076
2313	246433
2314	246774
2315	247068
2316	247321
2317	247539
2318	247884
2319	248228
2320	248719
2321	250145
2322	251339
2323	252112
2324	252827
2325	253953
2326	255073
2327	256081
2328	257027
2329	257870
2330	258456
2331	259039
2332	259861
2333	260703
2334	261603
2335	262386
2336	263067
2337	263648
2338	264142
2339	264869
2340	265659
2341	266490
2342	267172
2343	267806
2344	268278
2345	268611
2346	269129
2347	269774
2348	270465
2349	271142
2350	271797
2351	272250
2352	272696
2353	273290
2354	273951
2355	274573
2356	275175
2357	275748
2358	276227
2359	276572
2360	277056
2361	277430
2362	277941
2363	278485
2364	278940
2365	279213
2366	279534
2367	280090
2368	280669
2369	281261
2370	281937
2371	282398
2372	282747
2373	283112
2374	283630
2375	284167
2376	284586
2377	284967
2378	285332
2379	285519
2380	285761
2381	286370
2382	286829
2383	287255
2384	287826
2385	288361
2386	288668
2387	289028
2388	289749
2389	290597
2390	291240
2391	291570
2392	291784
2393	291931
2394	292219
2395	292708
2396	293334
2397	293804
2398	294297
2399	294674
2400	294924
2401	295302
2402	295826
2403	296254
2404	296585
2405	296926
2406	297333
2407	297614
2408	297806
2409	298140
2410	298732
2411	299142
2412	299459
2413	299776
2414	300019
2415	300184
2416	300584
2417	300990
2418	301367
2419	301872
2420	302163
2421	302362
2422	302535
2423	302910
2424	303213
2425	303616
2426	303973
2427	304265
2428	304524
2429	304708
2430	305042
2431	305437
2432	305892
2433	306232
2434	306543
2435	306750
2436	306941
2437	307381
2438	307750
2439	307994
2440	308350
2441	308654
2442	308788
2443	308941
2444	309323
2445	309587
2446	309864
2447	310165
2448	310489
2449	310623
2450	310778
2451	311014
2452	311285
2453	311542
2454	311875
2455	312075
2456	312211
2457	312353
2458	312604
2459	312962
2460	313280
2461	313664
2462	313923
2463	314068
2464	314211
2465	314495
2466	314760
2467	315023
2468	315308
2469	315560
2470	315720
2471	315880
2472	316185
2473	316552
2474	316803
2475	317085
2476	317377
2477	317540
2478	317728
2479	317989
2480	318266
2481	318628
2482	318923
2483	319216
2484	319365
2485	319545
2486	319914
2487	320205
2488	320458
2489	320710
2490	320920
2491	321090
2492	321218
2493	321359
2494	321558
2495	321870
2496	322178
2497	322378
2498	322526
2499	322631
2500	322766
2501	322940
2502	323122
2503	323268
2504	323573
2505	323669
2506	323776
2507	323962
2508	324155
2509	324390
2510	324609
2511	324838
2512	324990
2513	325100
2514	325400
2515	325723
2516	326025
2517	326314
2518	326568
2519	326754
2520	326931
2521	327129
2522	327476
2523	327718
2524	328031
2525	328266
2526	328425
2527	328580
2528	328906
2529	329144
2530	329354
2531	329627
2532	329880
2533	330112
2534	330265
2535	330518
2536	330766
2537	331081
2538	331401
2539	331722
2540	331973
2541	332590
2542	333541
2543	334386
2544	335370
2545	336243
2546	337126
2547	337576
2548	337986
2549	338810
2550	339686
2551	340490
2552	341283
2553	341939
2554	342323
2555	342645
2556	343237
2557	343802
2558	344396
2559	345084
2560	345545
2561	345843
2562	346130
2563	346636
2564	347140
2565	347463
2566	347650
2567	347836
2568	347967
2569	348115
2570	348452
2571	348882
2572	349229
2573	349614
2574	350006
2575	350320
2576	350637
2577	351103
2578	351554
2579	351966
2580	352368
2581	352685
2582	352921
2583	353155
2584	353520
2585	353873
2586	354176
2587	354431
2588	354705
2589	354910
2590	355142
2591	355456
2592	355797
2593	356094
2594	356414
2595	356718
2596	356981
2597	357212
2598	357527
2599	357853
2600	358159
2601	358597
2602	358945
2603	359182
2604	359392
2605	359684
2606	359954
2607	360401
2608	360808
2609	361225
2610	361484
2611	361762
2612	362139
2613	362513
2614	362719
2615	362869
2616	363034
2617	363161
2618	363305
2619	363524
2620	363746
2621	363915
2622	364019
2623	364201
2624	364374
2625	364549
2626	364858
2627	365144
2628	365462
2629	365736
2630	366017
2631	366172
2632	366453
2633	366890
2634	367334
2635	367803
2636	368259
2637	368673
2638	368929
2639	369109
2640	369405
2641	369711
2642	370065
2643	370417
2644	370697
2645	370880
2646	371068
2647	371331
2648	371623
2649	371954
2650	372268
2651	372548
2652	372771
2653	372956
2654	373260
2655	373537
2656	373829
2657	374162
2658	374493
2659	374677
2660	374854
2661	375135
2662	375432
2663	375713
2664	375963
2665	376204
2666	376360
2667	376510
2668	376758
2669	376984
2670	377198
2671	377508
2672	377830
2673	378147
2674	378335
2675	378565
2676	378914
2677	379681
2678	380914
2679	381962
2680	382408
2681	382804
2682	383504
2683	384437
2684	385476
2685	386241
2686	386805
2687	387144
2688	387455
2689	388016
2690	388737
2691	389535
2692	390301
2693	390922
2694	391367
2695	391908
2696	392694
2697	393429
2698	394091
2699	394561
2700	394986
2701	395235
2702	395489
2703	395937
2704	396482
2705	396895
2706	397498
2707	397938
2708	398207
2709	398478
2710	398936
2711	399557
2712	400156
2713	400700
2714	401064
2715	401296
2716	401509
2717	401805
2718	402201
2719	402577
2720	402931
2721	403253
2722	403482
2723	403710
2724	404042
2725	404400
2726	404765
2727	405095
2728	405470
2729	405702
2730	405927
2731	406317
2732	406669
2733	407050
2734	407366
2735	407634
2736	407837
2737	408043
2738	408335
2739	408806
2740	409161
2741	409481
2742	409718
2743	409891
2744	410066
2745	410390
2746	410691
2747	411009
2748	411336
2749	411686
2750	411990
2751	412286
2752	412713
2753	413166
2754	413579
2755	413865
2756	414113
2757	414322
2758	414470
2759	414738
2760	415017
2761	415312
2762	415647
2763	415880
2764	416041
2765	416188
2766	416395
2767	416663
2768	416941
2769	417315
2770	417707
2771	417881
2772	418021
2773	418261
2774	418540
2775	418849
2776	419124
2777	419382
2778	419572
2779	420105
2780	421207
2781	422449
2782	423493
2783	424248
2784	424819
2785	425206
2786	425538
2787	426151
2788	427033
2789	427945
2790	428805
2791	429567
2792	430054
2793	430535
2794	431292
2795	432122
2796	432931
2797	433687
2798	434164
2799	434454
2800	434745
2801	435169
2802	435601
2803	436007
2804	436541
2805	436769
2806	436891
2807	437018
2808	437278
2809	437669
2810	438073
2811	438463
2812	438767
2813	439005
2814	439240
2815	439609
2816	439952
2817	440339
2818	440702
2819	440969
2820	441161
2821	441409
2822	441829
2823	442245
2824	442660
2825	443090
2826	443438
2827	443740
2828	443988
2829	444355
2830	444756
2831	445199
2832	445598
2833	445777
2834	445999
2835	446242
2836	446606
2837	446978
2838	447446
2839	447800
2840	448048
2841	448251
2842	448451
2843	448776
2844	449158
2845	449488
2846	449796
2847	450018
2848	450200
2849	450380
2850	450647
2851	450920
2852	451202
2853	451478
2854	451750
2855	451961
2856	452152
2857	452413
2858	452718
2859	453000
2860	453325
2861	453650
2862	453804
2863	453968
2864	454238
2865	455067
2866	455840
2867	456554
2868	457151
2869	457592
2870	458000
2871	458606
2872	459347
2873	460083
2874	460804
2875	461450
2876	461910
2877	462352
2878	462984
2879	463565
2880	464072
2881	464593
2882	465127
2883	465511
2884	465851
2885	466454
2886	467009
2887	467437
2888	467971
2889	468364
2890	468679
2891	468970
2892	469451
2893	469932
2894	470374
2895	470795
2896	471317
2897	471774
2898	472139
2899	472781
2900	473304
2901	473569
2902	473824
2903	473984
2904	474087
2905	474199
2906	474392
2907	474801
2908	475264
2909	475728
2910	476040
2911	476139
2912	476216
2913	476374
2914	476673
2915	477093
2916	477518
2917	477845
2918	477960
2919	478034
2920	478206
2921	478373
2922	478627
2923	478887
2924	479041
2925	479122
2926	479209
2927	479351
2928	479587
2929	479873
2930	480227
2931	480508
2932	480588
2933	480724
2934	480980
2935	481358
2936	481534
2937	481682
2938	481801
2939	481864
2940	481926
2941	482059
2942	482358
2943	482639
2944	482845
2945	482955
2946	483143
2947	483330
2948	483654
2949	483829
2950	484052
2951	484320
2952	484613
2953	485105
2954	485590
2955	486319
2956	486766
2957	487194
2958	487384
2959	488059
2960	488774
2961	489386
2962	489830
2963	490230
2964	490993
2965	491382
2966	491615
2967	491725
2968	491831
2969	492055
2970	492302
2971	492538
2972	492755
2973	492930
2974	493030
2975	493118
2976	493285
2977	493473
2978	493611
2979	493708
2980	493784
2981	493860
2982	493949
2983	494085
2984	494248
2985	494385
2986	494480
2987	494565
2988	494627
2989	494709
2990	494903
2991	495078
2992	495279
2993	495657
2994	495841
2995	495934
2996	496019
2997	496217
2998	496386
2999	496546
3000	496702
3001	496841
